1393.010625452142 0.20349420283867942
1364.5020532577055 0.2302109886263348
1359.9953868575135 0.23097384718999106
1359.8076517110724 0.23100573545666742
1354.5016960456467 0.23191064845483525
1347.1310135626295 0.23750972096349815
1341.6373227507625 0.23848226767911201
1325.0258255368271 0.24147205659399565
1309.130040261647 0.24440407086570784
1308.7721842922695 0.2444708979703401
1305.8598167460582 0.27148471840189525
1305.2881684307363 0.2742142803971785
1292.9107230434734 0.2876420359863521
1291.5880564011663 0.3022465394395483
1267.060353768679 0.32533423183597976
1250.3943151451879 0.3620469391758049
1235.8393869497472 0.36930754542030925
1230.989787344771 0.3790545495847337
1229.935879461646 0.3793793539786966
1227.6155235836566 0.3983424106018245
1225.5661944007925 0.3990084984317176
1224.8080353018586 0.4007177352185261
1224.0716211860781 0.4009588111421494
1222.2135801265645 0.4394653930094291
1218.898127953098 0.445730805138899
1217.3972786206784 0.4862690206686546
1217.037064421752 0.48641294480281905
1215.75514185131 0.48692583075413676
1215.4524510438291 0.4870470925713043
1215.2163708579296 0.49811640096014287

1239.9437568824542 0.26512829019416384
1207.5228321561021 0.36029354051687007
1201.735158512991 0.4262526126156871
1304.3063925657445 0.18400943134368644
1285.603798323291 0.19431721901317475
1280.9955653130198 0.20683748130676904
1258.2083038352657 0.22949450421272855
1252.6079912653727 0.25035863489170834
1250.080439738989 0.25086483779645574
1245.6287637791547 0.25176138819739385
1241.8841141450484 0.25252052359453553
1237.7612218478585 0.26559578891023067
1215.3815866283135 0.3455044404332992
1209.6409216914917 0.3593117854867622
1208.591188278167 0.3599750525008355
1207.4909094581328 0.3603030656750176
1207.4325526304574 0.3646973530270698
1203.7745025557645 0.424613432043523
1196.1853845529463 0.5884193939334094
1191.9336406196512 1.2041418757884652
1190.4434520700788 1.2056492119263054
1194.4889038939884 1.2015659627747375
1194.5469168822074 0.5892264833328882
1224.6793174260727 0.27139180914496563
1199.5085174860894 0.4852380120910272
1220.556425128883 0.2847151265403548
1199.980076056505 0.45352613451981605
1281.480906026101 0.2067591448678902
1235.6213884346641 0.26898849331164526
1252.133664475897 0.2504534744530705
1205.2961451432832 0.3731706789528336
1197.6903486717822 0.5346758636643729
1210.3987377875853 0.3590868246981747
1277.9701745204081 0.20732713609213782
1214.262678281638 0.345822812898441
1201.8296749789154 0.4262190904857429
1202.8093753260275 0.42587193074500546
1240.598236702605 0.26498842129015476
1192.9133409667634 1.2031529538163743
1257.610348675383 0.24164466573977272

1305.9408732547738 0.2060765342019601
1301.6974048730447 0.23464062076652492
1260.737180795994 0.24874433111399522
1259.8395073146012 0.24892156891959777
1253.4023547946804 0.25019996615453505
1252.8211803088361 0.2503160320695863
1252.2969950248441 0.25042080911598935
1251.6750205997305 0.2505452466386874
1250.876352731987 0.25070521643703647
1250.2275564490371 0.2508353180427013
1248.2332319032055 0.25123608211382875
1246.2884043263564 0.25162813491565084
1235.0454010004187 0.2549136578700995
1219.4871948109549 0.3443412417840491
1218.157035203494 0.3447172432335893
1215.753718781241 0.34539868438314014
1210.409392191843 0.3590836639029772
1209.53267604352 0.3593439416556812
1209.4381595775958 0.35937202405009516
1209.4381595775956 0.3593720240500952
1205.40978374633 0.37313549872182333
1205.3152672804058 0.37316475865871074
1204.68613109754 0.4158338478845509
1201.6269128650192 0.42629101054915397
1200.1856928900918 0.4477646286932264
1288.6189935029947 0.24431576935617233
1205.0933830293873 0.37323346651500433
1303.362215800297 0.22596302896308698
1222.726623297049 0.3017089987271462
1221.3431809405877 0.3300478425904161
1272.8292852613438 0.24433465762137532
1203.5717404418685 0.42468496539228545
1225.7248816279284 0.30007035240394464
1220.2287904088719 0.3406122983962787
1263.820220215115 0.24813752916080542
1215.6592023153169 0.34542553883619787
1227.0473938068355 0.27800282252005354
1229.549803798791 0.27752305429644614
1233.666424870915 0.26747334255345145
1303.6337994822925 0.22591595449215426
1226.9688513365825 0.2857464296173288
1243.4401807461986 0.25220451422073953
1207.646132944508 0.36025675451110944
1240.3058767044663 0.25370065782491574
1254.641692997206 0.24995281800215285
1204.716384691521 0.39185954739434153
1230.0742312168793 0.2702231557177786
1209.216275326577 0.35943796675531714
1204.4642468465215 0.4159104520528586
1249.2820855534576 0.2510251530651797

1221.0911479659276 0.49244045479552895
1221.0424727586974 0.4933349570083666
1206.771546922759 0.9940997850933293
1406.1895909034624 0.1950267004177639
1366.2908709298272 0.232787158446916
1310.1223130321996 0.27538190506772314
1291.3270321194734 0.28475476337091216
1262.049168235903 0.3422966421565984
1259.9752769255642 0.34286005482407456
1253.4642279818418 0.3599739238663617
1245.5874379496336 0.37813632627980187
1243.0199518094682 0.4118397169530508
1224.6048715174652 0.44678256385245335
1219.3651725978707 0.5271699979101575
1218.8674679846927 0.55192568315659
1218.5427254933086 0.5520727717384324
1215.8113901715324 0.5865663583975111
1214.5437445042169 0.9599466864182893
1212.5347415545968 0.9615371857734004
1210.894439219949 0.9628397036804864
1210.139708693261 0.9634402000623955
1205.7918465756468 0.9949074866110381
1203.029906398368 0.997191615164561
1201.5382222680996 1.0320779748463935
1201.3584519689819 1.0322324141529526
1201.3526062375417 1.0322374369526248
1201.3526062375415 1.032237436952625
1214.901554419877 0.5870056360012369
1348.1819629269341 0.27284113817448996
1211.9874413928608 0.961971389494756
1214.6924114862466 0.9598291979286687
1235.9338354053389 0.41450389640764873
1280.539306892838 0.302262291518053
1214.1504567365325 0.9602576324689232
1216.5788545807036 0.5529639590658925
1288.3744756770877 0.2855066660941025
1209.9147388728368 0.9636193407587055
1215.872787034124 0.5865367390701509
1304.4069627879567 0.2778810728682097
1220.7017468778931 0.5234449521951375
1269.6639142805234 0.32304226453631674
1228.908089918326 0.41687364147111305
1219.0924378051168 0.551823831469239
1226.6512682410525 0.44428701248737895
1212.7033668997708 0.9614034848665882
1223.1078974603092 0.4795024901625296
1251.6124694494745 0.3605065046780904
1253.9859261234687 0.3598241632325276
1265.4535897266592 0.3240344767495429
1244.6208168825099 0.38960554339165643
1223.860308816175 0.4529981081510623
1217.5500871949507 0.5525228629358883
1227.9832011133649 0.4239897676589321
1249.585962649318 0.372722884900204
1298.084847613065 0.2792344483049739
1222.7026015362144 0.4805435951071798
1257.345169809573 0.34775475815204515
1253.7855969019688 0.35988165575331854
1224.785197621136 0.44583612207587175
1207.152798695558 0.9658240815137453

1234.9658415694635 0.3695687728076157
1234.3418247977286 0.36975560688218756
1403.0609459757716 0.2299019612930584
1382.9204112546606 0.24206888969924603
1249.8614695165973 0.33291832333463084
1249.6321406314164 0.3346922317282277
1234.8322990251572 0.3696087403030042
1233.9963061519325 0.36985913835625156
1224.0024593778332 0.40690051037308733
1180.2725088496122 0.9784756435327164
1179.265875075739 0.9793108806497315
1177.1358996708832 1.0304570257281556
1176.770595984166 1.030776909443628
1176.6331713281215 1.0308972988442422
1175.2804074345936 1.0320838757964232
1170.8268221931712 1.2434988129271425
1170.7491011731559 1.2435813634890278
1291.8051508028225 0.24651148973997844
1280.375681473116 0.2553679705221757
1183.4799513399619 0.6409311946029367
1181.2587919680732 0.977658672674507
1183.0713375374107 0.9761608332465236
1269.2317036212721 0.2822673226075263
1179.7686034185008 0.9788935722600598
1220.433766581417 0.42934005177618906
1249.9059627243967 0.29312342228254795
1224.2702430015056 0.4053486174547702
1220.545507403483 0.4169683318812745
1232.0152903656713 0.37045385239714573
1172.460828323804 1.1947671379054439
1171.3782373560216 1.1958713449590246
1220.9856228670087 0.4079058885634417
1248.5629496857862 0.3349788411489435
1259.4357533041182 0.2905971194848806
1260.1019419050428 0.29044348708259277
1173.523337205082 1.0336291742962724
1177.1764100200414 1.0304215644552746
1189.3750098555015 0.5738357869742492
1249.7266570973409 0.33466691905146306
1235.1808687147918 0.33934791971664857
1179.4032997317834 0.9791967708613627
1234.5283874536512 0.3696997291974269
1183.7965401530848 0.5948198823532503
1173.5316681808015 1.0336218364972274
1259.2983286480737 0.2906288317553444
1227.5544870400895 0.37180004256156957
1177.646229502272 0.9806577507819975
1261.7222030133937 0.2839473173208181
1175.1429827785491 1.032204570702251
1220.418858589553 0.430236870823609
1226.395091899995 0.3853866878717199
1266.677972338847 0.28283639770592583
1247.0592325942268 0.33538276214610296
1230.1389191355556 0.3710189178055403
1248.3079233268384 0.3350472765346255
1220.3560455614017 0.43025901557454227
1193.1660139311002 0.4644169763826589
1206.9197913753162 0.4600715154170674
1177.2311996972446 1.0303736074652508
1220.848198210964 0.40970982503194264
1235.07244156718 0.36953687505894
1210.5161436169149 0.4365944635899782
1171.455958376037 1.1957920040840453
1172.8942010222165 1.0811649101217313
1220.6083204316346 0.41694687451192
1183.2529737528748 0.9760109868794592
1172.902531997936 1.0811572307465325
1231.4614805191673 0.37062045199800886
1229.957763427608 0.3710735637427551
1260.3791409924613 0.2903796089470799

1242.1229783186698 0.3399993323189583
1242.0737080781826 0.3400128193195766
1230.3839627003763 0.3841372748813772
1210.4854641918557 0.6749830898909469
1339.6170589057258 0.1941720512903246
1295.2712537110165 0.23386738370259472
1265.2572953101424 0.25837897530921533
1264.244135995485 0.2747736976353646
1242.5222938548266 0.3398900650516027
1242.490371156857 0.33989879768095854
1241.1077070283593 0.3402774641514119
1240.4701661080999 0.3404523501047914
1235.783219589111 0.34775876326345145
1231.684921560446 0.36566230497768976
1231.4134286895858 0.3706349142333426
1231.4059331844264 0.3706371702691769
1230.2465380443318 0.3841801849252115
1225.9754631987719 0.4003361541209229
1225.8734512276878 0.4003694683917696
1224.911139062036 0.4006840058287334
1204.5988090149176 0.956454723255658
1202.935439411693 0.9577772694716893
1201.8576275830142 0.9586361928970475
1196.9780154753405 0.9625441784349916
1194.3729544206662 0.9646435949893967
1192.1268243707175 0.9687458406535
1191.624096027956 0.9691545400014339
1191.236678673758 0.9694697311757977
1190.0943840699465 0.9704002624490345
1311.7994812743884 0.22037897357713615
1253.7825875730127 0.30785999876901826
1201.7479548149356 0.9587236790329166
1211.6800013166214 0.49709216713831966
1224.7337356220069 0.4007420451551039
1203.012181367154 0.9577161714199043
1282.1287622845261 0.23635238436391487
1258.1178362199626 0.2847607946058314
1205.1123932235034 0.9560471097875254
1219.43593483398 0.4101843216123325
1215.8007960826296 0.4478327940331084
1209.334838612325 0.6756253047550042
1216.883387050412 0.44743438302425065
1235.7907150942708 0.3475076970616512
1211.2549939938751 0.497266587728667
1230.7493141749137 0.38402324262624105
1263.1704483447536 0.2750072537055557
1210.6816428085679 0.6549100424111467
1199.142893760261 0.9608064447578681
1257.3142229629934 0.2885777114642701
1219.021503204433 0.42983745172344356
1208.4836415004318 0.782267731655472
1236.952184320617 0.3414206212977739
1194.5103790767105 0.9645326157827119
1241.2451316844038 0.34023979027678636
1268.8491025610363 0.23882602700026395
1242.8025650247887 0.3365314666685687
1305.9553449341022 0.22136516715037977
1213.7425440859386 0.4748629419626098
1243.6061782817578 0.33459288969353224
1248.0229584440885 0.3092807734467143
1267.246157570828 0.2484579646365842
1197.392642508755 0.9622108735331019
1257.4516476190379 0.2885461733189942
1226.3333191681495 0.40021933214416455
1293.1449650753075 0.234251926482917
1295.3037409900492 0.23386151811701
1230.2540335494916 0.3841778442504566
1295.0704860097949 0.23390363888524612
1228.9604857633494 0.38458221233687756
1206.6071731328104 0.8494282488831038
1218.9437821844176 0.4307575119442634
1212.4056195734063 0.4967946601439961
1231.2075976710346 0.38388030043310045
1210.5442181525234 0.6549843897881106
1268.4410086896453 0.24822392121241918
1200.4798785399528 0.9597363863455326
1231.311416718502 0.37066562067985165
1260.3658685028765 0.27561920283825375
1204.1134683018365 0.9568402404262859
1287.202975305555 0.23533328084381405

1188.9683721711306 0.5114477303417857
1180.8157672613406 0.9780254758276787
1179.4032997317836 0.9791967708613624
1176.9289551500501 1.0193065012150306
1176.869251514021 1.0193582115509685
1488.5289125042455 0.196476952899405
1190.9383566829931 0.46624530504788797
1187.4704486954581 0.5120928912910119
1181.4171511339573 0.9775276256419027
1181.3705327901394 0.977566200092237
1181.1810709480578 0.9777230020403732
1180.7560636253115 0.9780749286137661
1177.9910363547995 0.9803707048690676
1177.0066761700655 1.0192391935755867
1175.516487620493 1.0205312712210617
1174.2044911463838 1.0561032124211145
1174.1267701263685 1.0561731209020377
1173.8391874596666 1.0564318761777627
1173.7017628036222 1.0565555701107694
1171.3782373560214 1.195871344959025
1170.653749961387 1.2273970908479566
1254.523222626374 0.21161446256571154
1182.9532122679946 0.5543611864739428
1183.991500868544 0.5151508593713855
1203.9485644520303 0.37637265228953387
1211.4337190962578 0.33601060669869703
1183.7554206826446 0.5257152237596541
1223.9762033115662 0.2838093497145355
1178.227116540699 0.9801742689739785
1175.2804074345936 1.0320838757964232
1179.7173050902716 0.9789361380540467
1197.849877007117 0.41850051842452446
1181.4948721539727 0.9774633219822348
1199.4652220765788 0.417936914964781
1181.6066129760388 0.9773708863493108
1189.0431216339105 0.5114155780653985
1233.5098859322852 0.27720317233532826
1189.2285054231243 0.5070805664243925
1174.852388383153 1.0555208019329234
1178.5924202274161 0.9798704648191779
1177.853611698755 0.9804850884440505
1192.1456694831397 0.4553851300237747
1175.1429827785491 1.032204570702251
1175.8817913072103 1.0202142292883238
1175.3790629644486 1.0206505911607724
1214.0090712681015 0.3010438483498399
1241.2109050512086 0.22895653369811944
1203.7661450378919 0.37642968801778676
1196.0324815944302 0.4191364383799573
1178.0896918846545 0.9802886067130362
1171.567699198103 1.1956779528161179
1181.9066892048427 0.9771227400511324
1177.3965869717567 0.998459785778946
1202.6627324719868 0.4141309699379035
1175.142982778549 1.0322045707022511
1201.4685958776272 0.4145425736600126
1176.5296885439798 1.0196524126282727
1177.0230821298128 1.0101074351518902
1179.231986488466 0.9793390239350447
1180.0046836044003 0.9786977278030623
1213.334085566631 0.3354843350821194
1186.2544936069764 0.5126178055992792
1191.9095892972402 0.4658653830717849
1175.3790629644484 1.0206505911607726
1177.2591623157123 0.9985763386986658
1199.647641490717 0.41787336313127776
1236.6126100074864 0.2472813811460666
1182.1146066136691 0.9528229790472725
1193.8390083843162 0.44410256789182434
1210.406862704126 0.33629566344279205
1173.653185976011 1.1935533298090577
1171.4559583760367 1.1957920040840455
1170.7654907834526 1.227279944962626
1174.3162319684498 1.0560027200342004
1176.5213575682603 1.0196596328112615
1181.9326410355193 0.9771012852549624
1178.9959063025665 0.9795351251577828
1180.4081696795508 0.9783631902125125
1175.804070287195 1.02028166577076
1180.6442498654503 0.9781675579008752
1178.3563400415167 0.9800667789506773
1181.8106482536646 0.9772021468473997
1179.0042372782862 0.9795282036531044
1180.4165006552703 0.9783562852599148
1178.5146992074008 0.9799350855931571
1179.5019552616386 0.9791148691944507
1180.9949792807363 0.977877063748357
1179.926962584385 0.9787621939845327
1192.1345591176644 0.46577746879166443
1174.8440574074336 1.0555282867715423