1318.9164243166847 0.2965832759342717
1299.0847516196122 0.36432097926981893
1247.5594337812277 0.41586738139541535
1412.1938696127581 0.2250471769215644
1344.9871073271033 0.2738442202576176
1339.4934009863127 0.29202723471375674
1299.2067009941466 0.36428678246686397
1298.8137207769453 0.36439700419967086
1295.7237905619863 0.36526598671100435
1292.7132609814641 0.3661166347943366
1292.4150614643213 0.36620110905262165
1287.6069136361193 0.3675685675902621
1286.3545535063647 0.3679264224427569
1279.137386240713 0.37000234216864825
1244.3600593480182 0.41693661811484145
1241.563825932817 0.439773438072263
1230.948289906743 0.4908509223110177
1230.3338207419151 0.5559633847686103
1226.0266123955512 0.6349442396307349
1210.1470533119132 1.394353669075281
1206.3047363801365 1.3987949587013582
1210.5990710995068 0.6803613325438022
1387.8285088575979 0.2520918302897088
1359.1352036886994 0.25741385255611565
1230.4712453979596 0.5541570204622032
1236.5909398538438 0.47395267287302384
1302.160523377905 0.3536344096930118
1249.0850480385886 0.4153594470420064
1326.3289597927865 0.2949257429080572
1219.893736208438 0.6381363491496174

1280.056829132014 0.27291817945002833
1273.514852728531 0.2743201452663031
1272.7480921296087 0.27448540803918137
1261.469173364182 0.31423842286660303
1241.4844972186445 0.3807025730473009
1215.5656393537322 0.49797327716619416
1210.2397312973699 0.951996691825153
1208.6342617239684 0.9532612610758411
1359.711653434706 0.21562545474602965
1293.6682302154923 0.25357357577673495
1277.0014836944324 0.27357116170969126
1275.1949862045637 0.27395871468964766
1275.158418433986 0.2739665710150122
1273.2035471289835 0.2743872181216079
1271.8769311835472 0.2746734144114056
1270.3842289170825 0.2833128806052968
1264.4558399272378 0.3134961862769432
1239.5565992361237 0.3959498923131627
1212.9036055427641 0.949905841853676
1210.4758114832694 0.950331460216278
1208.4607293425288 0.9533981473583258
1206.4906515178272 0.954954950592449
1199.5707431077712 0.9600530863546654
1187.3825704540595 1.0215645641394615
1186.753434271194 1.068538768720094
1214.0748273159893 0.948989464724803
1214.5942337782913 0.5679960102769188
1190.0931993742652 0.9704012284481686
1241.4320173551882 0.38071866673489047
1268.7759846838878 0.29504575457281745
1278.5522870130594 0.2732393371376582
1213.7183466078789 0.949268192023702
1252.9254527402522 0.33774753754715
1242.64679341056 0.36728442301412567
1276.5447004004704 0.27366905310067785
1222.9092387727255 0.4299112429364595
1309.3226341050827 0.2351000866857912
1322.1288691412767 0.2260753681316449
1298.1913086775721 0.2371159494907897
1281.950871464785 0.26480308712038975

1362.9457757829919 0.24250289660545285
1266.0821553971666 0.3911817880307083
1226.0398561769941 0.538777281681713
1213.8751138325251 0.6423726683643028
1207.0099183876043 0.6631940716430248
1562.7580292155092 0.18906303841049868
1408.2868465710449 0.20291528452055996
1402.2841088235607 0.20378390110850297
1400.5846110125722 0.21274437442315486
1390.19021208312 0.23775041405900774
1357.7020181020753 0.2434394986063079
1353.1604677694738 0.26287985946612086
1351.8103424253488 0.26314241165231617
1351.1498073409566 0.26327105378669946
1350.9774457274925 0.26330464266988374
1303.6438422892147 0.3197351935922824
1295.7820585978125 0.33949513231354417
1286.5571195431708 0.3604802680894945
1282.006733157701 0.3678460725998182
1281.7848489066826 0.3679097488481204
1279.1345197864482 0.3693885527791549
1277.6176151545992 0.36982712469614815
1277.5826980490017 0.3698372322944942
1269.4251567790493 0.37736544205265227
1267.5430187399274 0.3779257811043741
1255.5844170624612 0.3995554209572687
1234.5412258825006 0.4966859577748559
1211.9101481639398 0.6434141979213296
1209.0207184132748 0.6620910709781276
1189.8186720880647 0.7481160116354272
1188.577137734735 0.7488974600574383
1236.0510050154212 0.4535858756928372
1314.4483779793181 0.3132651582264073
1326.4600366188783 0.2893312940974122
1202.5376959293353 0.6760805073238881
1221.4917456595265 0.5444336401628533
1337.5785690138362 0.2659422346042911
1388.253417311888 0.23808210692795048
1321.4770801692341 0.3115989564158028
1297.8232534409617 0.33896118001186104
1253.8863440162902 0.4199514994178156
1266.219580053211 0.39113933250125843
1234.3228189617853 0.4967738437386684
1289.166167449903 0.3412373924638198
1210.1305346322692 0.6577500466687866
1266.8857686541355 0.3781218459416306
1214.6772401837593 0.5838993586572431
1363.9446722879884 0.2423252975423879
1396.1777131533395 0.23673082260928585
1353.240049280177 0.24424217914578622

1295.3071454621086 0.25109797306175335
1292.0230840440313 0.2517362133344491
1328.020216350495 0.17213884870965956
1295.3180554956416 0.25109585814696883
1287.8394374993306 0.2525539979964391
1283.6647659764867 0.2533753417081005
1279.3068082527836 0.2582734811989612
1267.1960037388044 0.2666752212762344
1266.0711693740657 0.26691214749363185
1264.3443081991138 0.2672767002674616
1258.6355024346224 0.26848898989718334
1249.190460781915 0.2757832202030154
1244.852145092191 0.2802906059032794
1237.643863882048 0.29356286924114416
1234.4009324775675 0.29817775288173687
1233.7456596297154 0.2983361224644559
1233.1832975095622 0.2984721711237965
1232.1736567546484 0.2987167386541298
1204.254710997553 0.4169921215230672
1185.7248213482305 1.1041502957187745
1185.561802208134 1.104302120475114
1185.3246888226158 1.1045230260353287
1184.9641301174875 1.1048591082693218
1181.8211440156995 1.1199759145740067
1181.8179975569442 1.176784248920278
1192.6328700199995 1.020678333775989
1200.5869709572164 0.4842441223423512
1198.40972525327 0.5402341868181818
1203.3039537941206 0.44206021412944013
1307.4172082939165 0.18473030199194773
1261.166145611018 0.2679502426174651
1253.4071643372733 0.26960893819055404
1297.6539530067155 0.20076033422835843
1272.1274427573612 0.26564144702745834
1214.440182958435 0.38613974844785204
1231.6529876239335 0.29884301820381454
1216.4590686215674 0.35779707012653666
1186.1595278543439 1.1037456441470386
1219.354262546855 0.3530564426462062
1189.1516306348929 1.1009684369971748
1295.5604494973413 0.2510488791504349
1306.9597119699645 0.19605966680637574
1290.5850823879869 0.25201670401778437
1227.658845127097 0.3313888059480956
1286.2098509567427 0.2528739757948563
1244.0889388918883 0.283017187550565
1240.7683727373599 0.28522819095554974
1280.3262797794164 0.25806782857405997
1258.439134380169 0.268530885177732
1212.1741579173636 0.3913541642148496
1206.0336861995124 0.4152799262854646
1208.4086927859812 0.3984717123992587
1292.8129643413881 0.25158240804278775
1233.7645810974104 0.29833154707188103
1238.6567792638828 0.28571443217794174
1210.174292564062 0.3920008938956011
1209.2810227406762 0.39461334008187976
1251.4886845985234 0.27002223740106224
1318.2869029486906 0.17340980221710112
1189.3012319658044 1.0377922614071533

1267.386367915451 0.30975450726441894
1258.026949947358 0.3126447886148545
1245.6427817983088 0.3343263422270634
1216.4854281344449 0.4683759859115057
1202.8181747322642 0.7747467113148118
1202.4526708966316 0.7749822073983443
1192.910253574731 0.8299027337797826
1608.8732146212153 0.26273340079066565
1320.640964262969 0.28480214969413575
1318.8039783434483 0.2851988557607147
1308.2854768989787 0.2910891548061466
1266.4567939930023 0.3099818657607211
1257.195602067638 0.3194814411202888
1256.9680175602703 0.3195392858907004
1245.1717146113872 0.3344528229105696
1244.8236092741724 0.334546350067216
1242.7990439256666 0.33509133837496025
1241.5733432046052 0.3354221458116015
1230.0511732209334 0.39755364459841197
1217.4025213016953 0.44724358457479335
1217.2130594596138 0.4473131990048508
1216.8627305698187 0.4592884217098834
1216.7253059137743 0.46110427431314743
1213.090167162424 0.49898945801821026
1212.9606616625745 0.522107398031409
1212.8596385919147 0.5233751403011379
1203.9088992150175 0.774044801721391
1202.8775969161263 0.7747084388075806
1202.5640829786075 0.7749104088285693
1202.4966358380334 0.774953872976176
1202.4523421565414 0.7749824192717897
1202.3814404237237 0.7750281182443306
1202.3409300745654 0.7750542311869181
1197.2226077140024 0.7783677147250444
1193.4024062242934 0.8295604864144527
1187.622300850631 0.9724201893257033
1186.4243199529897 0.9734020815473153
1183.9968121374795 0.975397814252308
1183.8486069933024 0.9755199235936861
1181.932641035519 0.9771012852549626
1179.5020533958948 1.0283898655033208
1177.2476404929496 1.0303592178318401
1177.1358996708834 1.0304570257281553
1177.058178650868 1.030525066690424
1176.7705959841662 1.0307769094436279
1176.6331713281218 1.030897298844242
1274.3006033197962 0.3080738083969746
1195.73241916443 0.7793377600606477
1209.3890671215684 0.6544899052046239
1238.8579215149912 0.3759505241407268
1191.60952686724 0.8308086317489649
1193.5398308803378 0.8294649704864844
1190.8978798354276 0.9697455358642435
1204.8058993396146 0.685262217875089
1220.5455074034833 0.41696833188127447
1189.979732497677 0.9704937580883147
1220.9856228670085 0.4079058885634418
1192.9879745947464 0.8298486671099113
1216.310874284227 0.4808185525923778
1189.1556448472008 0.9711663125384999
1237.2040311342525 0.3858175633340541
1181.3705327901394 0.977566200092237
1213.2796290045053 0.4989115374303794
1213.4295798690796 0.49884988390089163
1199.8488870613426 0.7766639909679424
1193.0997154168124 0.8297709468900043
1216.4226151062933 0.46840017167854364
1181.2587919680732 0.977658672674507
1189.6153370174927 0.9707910336260369
1202.945418186313 0.7746647612561721

1236.6213731414623 0.29586001471181644
1223.2498537882004 0.3284535756284779
1213.1967650912236 0.37479170790537664
1212.3771142326345 0.37658660356629425
1332.98265130665 0.17573775789669924
1327.1241941534222 0.19097225243201865
1272.8176220996638 0.2359975894271963
1271.9663266488703 0.2366803479559534
1270.1927147602437 0.23701083251476165
1269.1302134102862 0.25017800095155923
1258.138811369397 0.28373889907220723
1250.5713642967157 0.2854558575461423
1243.984629917577 0.28696730862472214
1232.0029993794788 0.30596207263065806
1230.8844843157567 0.31001630580495626
1224.08830912096 0.32822859704646085
1223.2346623863348 0.3284576547070186
1214.7490101780843 0.36719567750044246
1213.1446797442225 0.37634833446793375
1212.5844570763143 0.3765222100827563
1201.6297679814625 0.41826685333097074
1201.0938774045026 0.4184534709381133
1194.1008519356499 0.4908749710068355
1192.0654125896924 0.5087936395933601
1188.6149338204996 0.5461516491299067
1188.3893915088393 0.5524178408357578
1290.5965819943394 0.1984075463463602
1277.0211189192942 0.2324872691770028
1191.2937232096458 0.5373485482914961
1241.7227550130526 0.2946445300881466
1201.126364683535 0.4184421528827677
1218.3499463710875 0.3314821072832379
1228.1176321560863 0.3204040897877336
1217.720810188222 0.3474110964111683
1266.4354862113973 0.250710330842081
1206.6944287606282 0.39747033044596464
1210.013380448323 0.3773222569829854
1265.0797271052697 0.2800203741276138
1214.1978321394097 0.36939999955575603
1219.7969576944672 0.32938333370100487
1217.1712946480334 0.34781709898529534
1212.0396100513296 0.37669146775742546
1232.451534400267 0.305850721635688
1209.717336652749 0.3887753914140159
1213.568695956544 0.3740784044257448
1192.381688386305 0.5031148299958162
1194.5348826718935 0.47877495502744655
1195.6113700739616 0.45630869979411603
1218.509978622454 0.33096854560902833
1210.7304053937755 0.37709879726848083
1268.516353698218 0.250299066947423
1221.4451759243316 0.32893886380098775
1268.3776231201227 0.250326443758257
1214.3409845583005 0.36731905737956966
1232.5017043502255 0.29684893445519783
1198.5324046107728 0.4338185580333747
1199.6686471143794 0.4224709941021608
1229.0535324209113 0.31156590075523477
1230.3913347960154 0.31014056252555894
1234.1499225800897 0.29645249005542673
1197.595773545934 0.44493282230675874
1222.5789719312615 0.32863381228377364
1208.2339772319663 0.39241735869805633
1222.1160444732752 0.3287582960560119
1269.3344194407498 0.25013775319990195
1265.7434123795138 0.2539907047877871
1223.5007679806547 0.32838621673027013
1189.2539453807767 0.5458581901770784
1238.9376629120836 0.2953068815347992
1242.0069225601799 0.2913070829742896
1204.2815733512236 0.4040358350770376
1216.165847672597 0.36388252776398444
1197.1193295627527 0.4496757857425973
1201.7325878524543 0.4100457112676929
1197.237560931926 0.4483475835252781
1192.928225326996 0.4969284133176773
1239.8718227124652 0.29508438771531526
1226.0460295254013 0.3277044896261157
1223.5304060273702 0.32837826210488097
1216.1261227258817 0.36389441404268197

1337.9335899140883 0.1508664185002242
1328.357192156996 0.1519540452622701
1322.3378011960783 0.16212793188109106
1316.8599503596938 0.16280234879764588
1314.618637165954 0.1652968335263147
1313.9204927197397 0.16538466309206287
1302.611732326018 0.17724773860592485
1302.1133996868887 0.17731557319957886
1299.2495416143008 0.17770641931453857
1297.0586074164648 0.18558255561256873
1296.3604629702506 0.18568249959745262
1294.5791048256149 0.202789709868143
1294.0807721864855 0.2028678013856733
1293.0465215652116 0.21953286857584084
1291.621880409759 0.21977501030810115
1291.5701775400632 0.2197838081256088
1291.4081333378501 0.21981138631017158
1290.9588768057813 0.21988788115667457
1290.2656713582478 0.2200060176617743
1289.6793138945982 0.2201060442103232
1289.592470182666 0.2201208665874229
1288.981169448384 0.22022525914998706
1288.8943257364517 0.22024009758831664
1288.2879640008505 0.2203437585488739
1283.8927325931843 0.22109807531029144
1282.5310049373873 0.2213328262540382
1278.8741014620985 0.22973477009005064
1274.3573844145312 0.23925296154844367
1267.7362764539762 0.2398854501504912
1267.6109609956773 0.2399091651198705
1265.420026797841 0.24032454118718752
1263.4423194404437 0.24070072900831377
1259.9228163055604 0.2689495190329168
1255.076436958574 0.2711548018466049
1253.7861013122686 0.274006820804172
1252.6664839578368 0.27425172461195624
1250.076868886588 0.2901078274515172
1248.5419178010875 0.2904644845395252
1245.6813698886772 0.2911314990706594
1242.9741672769358 0.2917655846175626
1240.273495019919 0.300445639288118
1239.8992118941806 0.30053633354125453
1237.258066573421 0.30388219436908737
1237.1703995227554 0.3039037277453632
1231.9791054957593 0.30901147178846666
1231.4403311419826 0.31180863945633275
1231.2147888303223 0.3142471872387023
1229.6450138235105 0.3360407650741183
1228.1844365095355 0.3364403903286386
1227.2070548607217 0.3367083407630209
1226.1064507048306 0.33790187854973414
1224.3554893493183 0.3383851149434469
1219.7135803885924 0.3448068439933199
1218.9150989880218 0.3606583392212751
1217.4284201604405 0.36381435396623124
1215.256050830057 0.3700811488478808
1215.0674313635425 0.3760037600619069
1214.8629986506255 0.3760670326027792
1214.531270101822 0.37616974891321864
1213.8744051700278 0.37637330598255836
1213.7179180017895 0.3764218325734409
1213.3537214368132 0.3765348182065529
1212.5457524801552 0.37678571879615086
1212.505040498815 0.37679837003688016
1212.332166026158 0.3768521002119457
1211.6786740222315 0.37705534702930027
1210.7072987961835 0.37735786624539597
1210.3159189481237 0.3774798924552831
1208.353388748798 0.3780929711253805
1207.2996673134091 0.37842296762834576
1205.726791345937 0.38731940474086785
1204.7635427447246 0.38822975255707515
1204.0714689128408 0.3884528984910504
1199.4138199118133 0.40647936090133474
1197.609843127376 0.42667373193702046
1196.9116986811619 0.42692260568152934
1195.7660785587007 0.4397864533818579
1194.554478454135 0.45341801809151355
1194.4217453292408 0.49288869492058157
1192.7415771243507 0.4984789406608871
1192.709089845318 0.4988466152729072
1191.3005629510017 0.5482418618310569
1189.5755633909312 0.5571521941449449
1189.1046051410588 0.5838945435194146
1186.854794494572 0.5938962209627648
1184.173074579181 0.6395176646515747
1180.4501875232788 0.7701058624831034
1179.8792674394588 0.7966603870545389