1184.4399838037373 1.2242559875561505
1292.9122868049128 0.2552167580305311
1280.198809517517 0.2577512803503939
1273.6845865593525 0.25906954181455316
1213.550622957921 0.3585039373075793
1193.2997783342553 0.40290429190990773
1192.0318848426855 0.4209368427151138
1186.6301523965992 1.2219963727906287
1186.0198517222204 1.2226251862201172
1185.9199435102273 1.2227281866772401
1185.8858813574498 1.222763307050081
1185.8820250069748 1.2227672833341974
1185.4234441742885 1.2232403106239214
1185.3808401619435 1.2232842753511457
1185.0461770268344 1.223629737121881
1184.9980799101756 1.2236794022337585
1184.9922778929954 1.22368539367273
1184.9294749309868 1.2237502507540294
1184.891396324914 1.2237895781589496
1184.6549631493758 1.2240338218122961
1184.6491611321956 1.2240398167224318
1184.5203803510028 1.224172894047587
1184.4124435905896 1.2242844542199611
1184.3503159420463 1.2243486766998006
1184.3346699402096 1.2243648513184544
1184.2970867968363 1.2244037059945836
1184.0849546698842 1.2246230613384517
1183.4464673079895 1.225283764098863
1182.980001366713 1.2257669110190905
1182.2871901862843 1.2264852009807874

1306.4264058458798 0.15483138364648052
1303.557898191305 0.15517209349126346
1302.0465997323827 0.15535220328595845
1298.6315515652434 0.15576073737436352
1289.577343810218 0.15685434380520896
1247.365576464247 0.2676739277915592
1246.1435845861101 0.26793641388850353
1245.9177604090462 0.2679849777039451
1245.33163606694 0.2681111067720599
1244.7425403088655 0.2682379949522075
1327.3032156042475 0.15239608076842573
1324.688894584692 0.15269683989676106
1312.0134566505208 0.15417205290394823
1311.3906040493102 0.15424527781793548
1309.0744883229677 0.15451818048073648
1306.6016434861333 0.1548106181083055
1303.8590169383624 0.15513625738800127
1303.5488347707726 0.15517317238443623
1303.358444134063 0.1551958396094222
1301.1093648423998 0.15546410894822607
1300.0931651312858 0.15558562530323733
1298.4950438228443 0.15577711213583414
1297.8115813004574 0.1558591485573953
1297.3846069035656 0.15591044241859978
1296.338879644946 0.15603621184671818
1294.6845767843083 0.15623558948375024
1291.6196556203422 0.15660632537545782
1289.7326273910917 0.1568354585698785
1289.39291018279 0.1568767801125419
1248.7742655988802 0.2241546995903734
1247.7444300038815 0.26759265376414365
1245.8636167868387 0.26799662398464114
1245.626200957486 0.2680477040283157
1245.5719363761627 0.26805938179337196
1245.1368688965586 0.2681530453275057
1244.6392767743926 0.2682602497564352
1244.4845291707989 0.26829360704599264
1244.2813847210757 0.26833740932242045
1244.2442288615762 0.26834542246553816
1236.845986530389 0.316428576013839

1380.6906225435446 0.17786308443804544
1337.6376985171962 0.19157326119946574
1290.4804770197254 0.2420158662629476
1273.879926126245 0.25544333010256987
1269.2606685417636 0.26163116016313737
1258.7865382396167 0.2975048927364586
1249.4974071756337 0.29971663157235734
1249.0006775045397 0.2998358293810565
1245.5900991695953 0.3006568166259045
1243.6955019079128 0.3011148255039713
1243.362460282158 0.30119548080299163
1241.8977374243127 0.30155071770544933
1240.05396995222 0.30199907674301035
1237.6627058327183 0.3119036872066455
1235.9211080583414 0.31672591067698946
1234.1909795701656 0.31716990721405425
1233.164895126435 0.3287022455170862
1230.7266187314724 0.3357013047207419
1227.4418606633553 0.4040656767887116
1226.627075605836 0.40433407676312216
1226.6035500251207 0.404341831668086
1225.6440961797553 0.40465835693544977
1223.8003287076624 0.4052680118753336
1222.7380376656313 0.42807052660981604
1222.5670332290597 0.4281304022299057
1221.5467552868886 0.4284879914943997
1219.8341253291426 0.4290895826087406
1218.930661032932 0.4294076213045876
1218.4420315228338 0.42957982583315946
1217.0309040116842 0.4300779166445512
1211.8094981921784 0.44187367429333396
1208.9105755799424 0.49633755343905284
1207.7492061142682 0.518984106419155
1206.5816192876855 0.5359908918254722
1202.9546391414851 0.5406419740463059
1199.7829254639569 0.5586692994509711
1199.7746840983605 0.5693938998626434
1198.7223433098643 0.6125068355525827
1193.325849280097 0.6152767323777
1190.1625068586675 0.6514648850197367
1189.7090933489792 0.6591757425689376
1189.22023138518 0.6647907256487416
1188.540247095301 0.6712580810685056
1187.7677697573743 0.6943400948687971
1187.5676557735605 0.6945129138780306
1186.4712055262582 0.6950988629931675
1186.0375703971981 0.6954088922852439
1185.4494847904164 0.7125526642381633
1185.323484001429 0.7126284091289892
1184.8281908569993 0.7129263088314871

1328.7047775444871 0.1752096097494919
1327.3368268918573 0.17539018041938365
1321.443103582932 0.17617243218012277
1312.8207646470828 0.1977660225624533
1303.1643914425156 0.21309870058130634
1294.7314767860637 0.21448666649363882
1289.7403247395666 0.21531670611004936
1287.193134693377 0.21574279024288037
1279.9676712363118 0.22120620338991134
1276.9778958721886 0.22265208369720668
1271.8330865390199 0.22897995952931716
1268.078904293226 0.236224230234723
1267.4012068467691 0.2363505426894978
1265.5838114340825 0.23668994525469267
1263.8582405062216 0.2370131027697989
1262.7928182662313 0.2423374004477507
1259.5973805306423 0.2548994622676938
1248.562939031371 0.3056736922251392
1239.1065293899162 0.3588142236011203
1238.8570539293178 0.3588864799953655
1236.3048578068554 0.35962735606396984
1231.9645357789561 0.37512463555896186
1224.6885623657188 0.3897223839490482
1219.6374917942944 0.41018287850688145
1219.4679679830215 0.41023989990203824
1219.3618373807653 0.41730135032993243
1219.0012786756365 0.41742478058152893
1217.9643703187755 0.42744146270730266
1215.6444648766715 0.42825718128634976
1215.6414536300667 0.42825824211557634
1215.0906815783364 0.42845236151280025
1213.555636148887 0.430742485384074
1213.4283030142658 0.44146045338235845
1213.3721381261157 0.44148088781974804
1213.2852683634203 0.4415124973191457
1213.1471683056916 0.44156275742192685
1213.0602985429962 0.441594378646361
1213.001669672871 0.4416157225407026
1212.961542980166 0.4416303318896095
1212.9527483111099 0.44163353398682187
1212.7654574052083 0.44170173674123897
1212.679839699342 0.441732921797788
1212.6036870107887 0.44176066305404327
1212.5961915056291 0.4417633937399488
1212.4548698789179 0.44181488491127047
1212.400105930671 0.441834841629662
1212.3962410087927 0.4418362501272211
1209.5863520489665 0.44794801177751353
1202.5557890730765 0.5323910986569318
1202.1357986604858 0.5325771002363155
1196.6458483462116 0.5866524899062389
1196.4041744113097 0.5867709938522196
1195.6449364603109 0.6253255932447086
1195.6222836730951 0.6253374409392504
1195.22494604772 0.6255453265717101
1194.758302292394 0.6257896494776553
1194.63408762553 0.6258547173119337
1193.1311175785388 0.8999556423321929
1192.899224890898 0.9125377826010365
1192.8992248908978 0.9125377826010368

1366.621003816585 0.20959863517195956
1234.7581925193397 0.34251324736770145
1229.3298198892624 0.38446667024806047
1229.3085177692908 0.38447333249355564
1396.5082864700844 0.17865937553950303
1396.372044457593 0.2045556857482517
1393.3051166956375 0.2050059514538532
1392.1489454204598 0.2052256868031882
1391.1618080223393 0.20532179611785634
1390.5117769126946 0.20541777916322188
1390.2381252215919 0.20545821318789056
1368.5346827578871 0.20699913037202813
1368.4402899099855 0.20873094954877422
1364.864134788052 0.21100401863736748
1364.3025186595828 0.21109087859578418
1360.5404644759783 0.2116745696683227
1356.161517197423 0.21235805151693313
1343.121519397424 0.21940998771778458
1264.764074907666 0.31177727034348
1251.7610922510726 0.31973041818035763
1240.5997057799243 0.32637888393876807
1239.2739895204552 0.34078096277143954
1229.9829603764767 0.38426251233985126
1229.4148032103196 0.38444009398235407
1229.3051304422409 0.38447439190255583
1226.4224386632698 0.4001902497140869
1225.300216223162 0.40055677415650137
1225.1824136068628 0.4005952881242566
1224.821854901734 0.40071321394162246
1223.4627756668558 0.401158344777673
1221.9258762994004 0.4421449014590453
1205.4341452611386 0.4813035599361093
1191.5137431020885 0.6997999067215952
1191.51354430915 1.059348454737461
1188.8313975777455 1.0617384723640828
1188.4992022855083 1.0620352369907886
1188.3630627022026 1.0621569043828154
1187.8700661026426 1.0675343117206813
1187.7339265193368 1.067656673870248
1183.5631768310889 1.2301174893245665
1182.6970726582583 1.23101832007422
1349.8511653360952 0.21831612524563476
1185.6666876201698 1.2229893588249008
1243.7241612357932 0.32555896235455634
1187.313936106746 1.0680343377326251
1269.1262707591275 0.2627642032510293
1266.8651160785564 0.28279461657191174
1240.3848184657243 0.3371874306754172
1274.244263196078 0.23299390956192384
1222.3838959389452 0.40151240834747354
1265.1233157014801 0.30649946625319857
1265.0033784619375 0.31171829073108964
1357.427130457081 0.21216005697286913
1208.9376816356735 0.4799087282958648
1351.118215742185 0.2181113929491373
1305.0438293949303 0.2274951583477144
1221.7533550620237 0.4456508879156878
1227.73531143861 0.3862444354383892
1228.814191166521 0.3846279981848159
1389.9501607842253 0.2055007792168262
1187.7261276810748 1.067663684309376
1224.8963411638117 0.4006888464678464
1197.42956111859 0.5812038946152577
1224.87503904384 0.40069581495165635
1220.7236646244185 0.44602679810002777
1281.2404350369015 0.2317216538754932
1234.5694065623525 0.38283497061985705
1381.1258080357775 0.20681377427878161
1203.2503499590457 0.5127401833685865
1200.9186076979424 0.5440949752057107

1225.0045988109061 0.40224917482947925
1304.1343106388335 0.16054074382204075
1304.032643409383 0.16385650984487254
1296.7030792563164 0.16455637248215552
1285.758594113471 0.16595709014567092
1242.262939004189 0.38623158568740823
1195.9737653406573 0.5163225232070281
1190.5951619301607 1.2390138315429682
1190.5181706758383 1.2390939590297743
1190.387239216197 1.2392302477729191
1190.326568760759 1.2392934108287543
1189.4118666113884 1.2402464737486794
1189.3001257893222 1.240363001240383
1189.2387943796039 1.2404269692271224
1189.2224047693069 1.2404440645278383
1188.7973974465606 1.240887536066398
1187.4446335530326 1.2423011833281625
1187.2637808918732 1.2424904196870767
1274.8632596870127 0.30588883168199266
1196.9867434778266 0.5057365656235513
1276.1356761615552 0.30558383434034525
1192.2710699174572 0.5410300638834431
1191.794025408674 0.5623666059515817
1191.6566007526296 0.5641038965852313
1213.3341515449094 0.42354469864256283
1209.2583231434703 0.4249722641833308
1215.2430931424385 0.4140396937068534
1197.458302048242 0.49948318251011325
1245.496630951758 0.36336019748326354
1194.3765107950546 0.5310851710771382
1191.6259553976047 1.2379420460906272
1222.9236402319882 0.4036402200844228
1231.186948221188 0.3897061981249087
1191.0362120257175 1.238555014956805
1293.0270533645835 0.16502419988322958
1271.1446394710813 0.31849207288013254
1238.7860671232297 0.38731561284549
1267.0032861695963 0.3230256474836106
1204.720149921738 0.4380240864554542
1277.6383194368175 0.3052244341198644
1271.0852946372938 0.31850694273914787
1266.2567566882956 0.3231405788508612
1207.4435944118347 0.43452087985048643
1277.349113444513 0.30529354031363404
1256.731097915002 0.3302120707616527
1242.5919843777287 0.3861293093827297
1221.5753932686541 0.4040857158794487
1191.9670976404586 0.5622849509765696
1272.6069017847014 0.318126116232635
1210.3453589244718 0.42459058795043225
1269.040598078639 0.3190201257300722
1267.6908459127578 0.3193597969575266
1223.8456373887034 0.4033361334219514
1270.124045288036 0.3187479936763204
1272.0914618031518 0.3182550180643075
1250.037452403482 0.34801857050183305
1191.2663393895593 1.2383157524248751
1282.9789929507156 0.2689359895936692
1192.7621800503048 0.5408072991521392
1235.3257494974828 0.3884005372408581
1285.5761746993328 0.1659806389603987
1201.8807599829215 0.45565111577182466
1247.9622086127492 0.35161473933086296
1199.022532603846 0.4767720925054522
1244.0522993917775 0.3836800839713282
1226.6380489704482 0.4020984314576077
1197.9656951090737 0.4829933764919024
1300.9963254697964 0.1640133417223969
1220.7193023535465 0.4064370893748259
1229.9933159531845 0.390084383832985
1202.7922102037003 0.45382508651362696
1297.9110096148365 0.16440322435679358
1245.246201490503 0.3739028807996013
1195.7376851547579 0.5164244632217789
1197.760992855723 0.49258484474853864
1229.086087605806 0.3953447813408857
1192.8842576127672 0.5407519539361879
1197.2852298164576 0.4995553847447881
1190.5462042851461 1.2390647822739138
1200.5093488841521 0.46515840110357337

1250.0788914737052 0.338807413307942
1249.8194589876643 0.3388777415852715
1249.285707807812 0.3390225254351678
1240.8289028524625 0.36068606669601727
1237.8116146029274 0.36871912102275695
1347.0452369756792 0.1919821003375196
1285.3264608142756 0.24244858411781545
1274.8310222890188 0.27403692982934286
1269.4111261434546 0.2752069618773812
1253.8782033102261 0.3084449055654387
1253.351705253384 0.31711887078803175
1253.1651425974615 0.3171660812767106
1252.100007178142 0.31899015482489335
1252.0967864753966 0.3250666062503427
1251.2204149832876 0.3384983097935808
1250.7855107809792 0.3386160073013746
1250.6204961316812 0.33866068640415947
1250.5322263611743 0.33868459102687803
1249.2938179613097 0.3390203245720234
1249.1884703568426 0.33904891511693064
1249.0105353516403 0.3390972162871511
1249.0073146488949 0.33909809068662233
1242.0889671179768 0.3486855981134891
1237.9808897224261 0.36866870427255444
1237.249046077814 0.36888677503934514
1232.316774514385 0.3689098816984135
1223.860474757334 0.40102798652839017
1223.8470612673298 0.4010323818364797
1223.7525448014053 0.4010633555522145
1223.452127133825 0.4011618363306241
1223.3718262063142 0.4011881682003379
1223.142167149147 0.4012634959087025
1222.7010687084728 0.40140825467834346
1221.8704406645006 0.4016811321801811
1221.8045444173003 0.40170279626655464
1217.9266171446516 0.4455806161315127
1217.173338928653 0.4473277963651461
1214.9557983472928 0.4845750577635432
1214.861281881368 0.48461275780602386
1213.8856002103107 0.5972881691860186
1189.0252951467353 0.9689820941683788
1188.2696195551994 0.9695983146836121
1183.0495374256507 0.9738765656572225
1179.3438002483276 0.9792461726575611
1178.2786190215013 0.9801314256212639
1177.8536116987548 0.9804850884440506
1176.2422971010074 0.9818282385244188
1176.2339661252881 0.9818351925722113
1176.0497463712702 0.9819889900099641
1175.9817117595214 0.9820458014714084
1277.7732557002719 0.25100561802006494
1190.1819015509218 0.653951247037571
1213.7910837443865 0.597334679304313
1189.866540684803 0.968297015770664
1287.4827495558322 0.2390881469161188
1215.7062796167052 0.44786761130248237
1258.0982493517781 0.29564760721813027
1254.0615452634033 0.3083998113739714
1219.0387275605744 0.41748372114939664
1201.4171764939083 0.6433702095152842
1246.6040382613767 0.34742269487088684
1262.6564815500644 0.2796205812602112
1218.8492657184931 0.43079091531812147
1214.381873723712 0.5970440793287431
1276.587031721112 0.2736599783003324
1227.410103233651 0.3718437784777378
1189.0252951467355 0.9689820941683785
1221.3256757101021 0.40186029962749414
1252.2833491313195 0.31738941330324094
1226.178150817695 0.3842439156469643
1265.6026591291097 0.27619391692660683
1219.3414183680557 0.41021611678624553
1274.5528983679878 0.2740967282304363
1224.415147536604 0.38600987862684305
1270.422169720243 0.2749879431624017
1253.3562902603078 0.31711771070910644
1250.5110317404544 0.3386903313132636
1237.3029393938718 0.3688707074047152
1215.5385640743475 0.4709451549723542
1180.2536359999826 0.9784912898506971
1184.0369976324614 0.9730643745205814
1219.101540588726 0.4174622107043218
1274.935338406928 0.2740145079324651
1262.5438931990668 0.29500575320661226
1217.690536958752 0.4471377997707187
1184.95415760477 0.9723112182157049
1249.8338144375439 0.3388738492738471
1222.544439918461 0.4014596819207226
1249.1938773048178 0.3390474475946522
1253.168363300207 0.31716526614468316