1214.8356669327907 0.5393545424795966
1214.2391376742462 0.5566850389755287
1210.9162333359823 0.5582126517699847
1210.9079023602626 0.5582164922404608
1209.4059758711198 0.5589097252433557
1369.2830000294753 0.29808250706349815
1263.148556653924 0.3102250600003773
1238.0410958421191 0.3949879600918318
1235.7541476925915 0.4031870143592892
1228.455154414085 0.46860116132653035
1218.870057513873 0.5332930172170393
1218.6827044374527 0.5376519523421689
1218.6388789532696 0.5376712877314629
1218.5935050540145 0.5376913077321774
1215.7761776130508 0.5389373039146456
1215.6076389679567 0.5390120251981261
1215.4822386601859 0.5390676346276201
1215.4783727965055 0.5390693491476285
1215.4767075083153 0.5390700877103795
1215.419766430465 0.5390953425504593
1215.2346615708009 0.5391774576932248
1210.2751927604575 0.5585083175505412
1209.9408607311736 0.5586626451092169
1209.9281804378954 0.5586685000072994
1209.7972489782542 0.5587289624378623
1209.2208710114558 0.5589952819094175
1208.9313293058885 0.5591291625057794
1208.8499387876716 0.559166808048726
1208.8218763734455 0.5591797889277915
1208.7902351516427 0.5591944259849206

1231.5453413353623 0.2666508500952616
1222.8757352196028 0.282855263025503
1296.1628831787455 0.22962305660566176
1294.571219734302 0.22990537604829203
1294.0818635999733 0.22999231460237346
1293.3521940898322 0.23012206918917433
1290.1827772121514 0.23068737883591367
1287.34238925703 0.23119636669936952
1283.610251624292 0.2318685774889134
1276.2288807591663 0.2332096441174924
1275.32164532275 0.23337554426827659
1275.051997082629 0.23342489857299767
1273.5787908478062 0.23369491171895443
1273.542317388721 0.23370160459573178
1247.2719537259568 0.2524148321175457
1236.8025772280096 0.265517406127941
1231.745873986598 0.2666074383793768
1225.744503066887 0.28026685234150855
1225.2531131692272 0.28037925385137563
1217.5977438889645 0.3257818637399338
1213.809176797056 0.3459520186764577
1211.8246612805317 0.3465185586809422
1210.0352720524872 0.3470309871948395
1209.940755586563 0.3470580960779186
1209.4323661634694 0.3472039832479509
1209.1070430403427 0.3472974021762769
1205.9644261521767 0.3487497735521902
1203.0919127578625 0.3513269977715466
1201.8404108668294 0.36621817656760464
1200.4793092796695 0.3777088684146478
1198.8560939934816 0.40636592296366486
1197.753475184779 0.4103227328572225
1197.3069607146012 0.43010173430287046
1197.212444248677 0.4301356895930193
1196.721054351017 0.4356502854782284
1196.0526494432374 0.4431586962444325
1194.7851645666303 0.4726926996900236
1194.690648100706 0.4727300961855214
1193.3439445917033 0.49434547165862947
1219.7787323500777 0.2915919255759918

1226.9638608518114 0.20319665390997277
1226.0588152425312 0.20334664854086273
1203.1231043236726 0.3037148791951279
1255.8397221804637 0.18039083910380868
1254.053077748027 0.1806478412148566
1251.7986380792588 0.18592292107461936
1244.933794137621 0.1870362550306786
1239.6686203439533 0.18908441066859483
1238.0128524419454 0.18933729972167504
1236.8379988467411 0.18951714834169778
1235.5705558886252 0.1897115542167513
1231.560195129649 0.20243829898002152
1230.3782694611907 0.20263276520864593
1229.5318550762431 0.20277225837153243
1229.4018198146002 0.20279370582934994
1228.895730190884 0.20287722128778451
1228.540756849589 0.20293584042981275
1227.2984848972053 0.20314125215793072
1226.4577712280952 0.20328050165469758
1226.0022130520551 0.203896395905734
1205.4023615976455 0.29479440473902274
1203.28727679507 0.3036734413578972
1202.3543832652565 0.30390905823804665
1201.8729107833683 0.3040308047615146
1199.4018271586244 0.30465718828541144
1197.8091211151152 0.3050622856723214
1191.3967990265778 0.34174984157444277
1181.8679814262862 0.52735911816074
1181.643011605862 0.5274595206384312
1184.8422527103266 0.44406727051857997
1192.053857951129 0.3326823865672893
1184.2891474944672 0.48788669816375274
1194.709418661199 0.30585377714357426
1186.6829014907134 0.396167816819021
1189.2013522365758 0.3931303117927002
1211.3991466222558 0.2417688045936081
1207.2308777508586 0.2943478983243207
1217.395541891233 0.21322500919934678
1185.910647982024 0.4436672071808024
1186.4579316702893 0.3962429360459473
1223.5642540892663 0.20994364367494148
1218.6341043553807 0.21300829731522342
1207.2544033315737 0.2935517891852445
1243.9967612037303 0.18842654403317877
1199.1157493931307 0.3047298715503176
1201.3724026615505 0.3041574681397717
1199.6267969790485 0.3046000549560192
1190.6766973875594 0.35465778697262285
1183.3114164016006 0.4914460033331595
1189.5152388660194 0.36672103937876244

1290.9934189291612 0.1879463665592425
1247.5657806741758 0.290691753651744
1224.9987515086427 0.32586828189644373
1211.5308858772767 0.36699395124457407
1350.2334688241876 0.15967060900686258
1332.4203610895236 0.17452876847068768
1252.1924667521587 0.2896176859462471
1247.3561530576399 0.2907406065950796
1246.7408053284128 0.29088410600674386
1243.693769754242 0.291596768754213
1225.20311610366 0.3176975621494531
1225.115449052994 0.317720296013677
1223.1927486337802 0.33870677655492737
1220.6324374439268 0.3420467892364899
1220.2706234342209 0.34214820716620487
1220.1539258898695 0.34218093078798184
1219.11321452239 0.3424730378541375
1218.4747297719782 0.34265249484799576
1213.2626690586096 0.348937620409224
1211.880915825845 0.36688795165979515
1209.7348127201285 0.3887697750881366
1188.2471045398258 0.5449238515921611
1187.4750252874746 0.5574287041201093
1281.1925572114626 0.24186555623551245
1312.528300785721 0.17851870153165986
1207.6369382937044 0.3939540757350909
1291.884760568297 0.18137132283900465
1190.828310604663 0.5083437031546398
1230.85012490928 0.3007941693558876
1197.8292616848057 0.4369224373894774
1195.5659517811107 0.45481450615941765
1192.5474741540081 0.49608036299300173
1195.3370910865433 0.47845364206852425
1241.1088036713895 0.2922041029016055
1336.3226683996938 0.1613327419842308
1267.6071830827862 0.2628226404831568
1222.6341728128896 0.3388615190117983
1228.9382656591185 0.3105072657946316
1324.813759794457 0.1755308495152577
1199.1943551592917 0.41457561653117886
1200.920805172718 0.41397962046245934
1292.537311055278 0.17879647491231518
1211.5633731563094 0.3669841105419236
1223.3195553907515 0.3273985741640578
1242.48225895677 0.2918810968653849
1287.1408170255106 0.19271721948821308
1216.8649773029033 0.3431057790741872
1226.0895518011052 0.31122870278084813
1187.700567599135 0.5511567367533651
1204.5196779856858 0.40970468111389774
1254.469708526453 0.2820101479875722
1330.4367697836467 0.17540068182791832
1239.8851556521322 0.2924924803937502
1187.5075125665073 0.5574134542445001
1257.5902586460481 0.2726186077041445
1267.115793185126 0.2629245635995005
1261.1990819337136 0.26646013029151316
1199.1231839559182 0.4217708261084691
1188.8762407226916 0.5400553935430854
1209.9860153805669 0.38868906341001896

1261.480240314255 0.2779505938017405
1237.6903115653568 0.3687552582931003
1232.1082464087137 0.3806522381416191
1231.4732353796362 0.3808485220416816
1201.8498213909063 0.6101717270301288
1201.7854114139043 0.6102044293300003
1445.6789203409617 0.20044302999288782
1411.6502972340738 0.2174740657407133
1294.3280459172256 0.234643415119328
1286.86473560542 0.24538250860811733
1269.630621104616 0.24871335947099862
1258.1539051134696 0.2949742459846183
1253.3251993307133 0.3161969211766499
1242.0305032163958 0.34600957302830465
1236.0934303193565 0.3692316449010124
1232.2027628746382 0.37954916609196254
1231.9134342877012 0.38071243366170726
1231.8100314582057 0.38074439211460126
1231.3178788086434 0.3808965740690829
1229.803004676709 0.38136576333338407
1227.4724496734186 0.38208984792530853
1227.3258916024902 0.3821354742348457
1220.3604782570549 0.40071055697817354
1218.372757902302 0.4028342712033696
1216.01233945232 0.44268417306378954
1206.6839721655783 0.590920835378397
1206.6514848865456 0.5909367450344208
1203.6224587397035 0.5924238914721114
1203.1088501006207 0.5926767979557048
1200.5405319583238 0.6742233391916115
1194.9033569017267 0.6958896905132428
1194.336218581963 0.7465667134459436
1190.7993998298334 1.3655854855028917
1190.1300995834022 1.3787895200441451
1189.438502255798 1.3919019556320702
1189.0134949330516 1.3923994844878902
1185.5229598768144 1.3964991260615942
1194.3687058609958 0.7465464065499097
1191.4654867338247 1.3648220570877998
1289.9867279602438 0.23482543868459937
1245.0091909737455 0.33921113703271405
1195.2858658333046 0.6771873318584849
1253.1472456775684 0.31624182284118346
1253.3449969186956 0.3161919265930499
1214.5258351324806 0.469131693429395
1214.76191531838 0.4580617256210058
1215.8941080831466 0.44272721888130334
1217.2364640526862 0.4181018555037191
1194.8714342037574 0.6959082822008288
1194.5061305170402 0.7447920708933361
1222.8833073540723 0.3835237252874099
1225.5599988838962 0.38268608803758264
1202.5844595318472 0.6097989836276616
1221.7727416340392 0.4002473703108769
1215.064606125861 0.45075843198830257
1217.12472323062 0.43050731493044486
1217.6765795162116 0.40901437524291623
1237.6828160601972 0.36875749150415027
1242.0601024648818 0.34600132735379163
1216.2960466152294 0.44258091475660816
1220.0170003803366 0.40082337115309613
1217.0470022106047 0.4314288518520413
1212.4701459927257 0.5580955481908324
1200.7485882097787 0.6741065150854054
1239.0062547469138 0.36836360492899906
1189.980285790515 1.3912682396197074
1212.8651468849591 0.47319185323134666
1211.6719739304442 0.5884882346141801
1194.8256358817114 0.6967805807693586
1207.3131083484438 0.5906129039261706

1318.256790953911 0.1438503298215954
1316.376691602647 0.1610334719814709
1315.8791238717033 0.16109436287775936
1313.210694903748 0.16142170476291576
1310.3264552853475 0.16177701993973218
1309.6241971497666 0.16186376942760047
1307.6461248117132 0.17285768173639904
1304.9776958437578 0.17321114252484632
1301.3911980897765 0.17368849428083002
1298.9152670263416 0.19026059547847135
1294.4275946910263 0.20509930141488397
1292.953465014409 0.21534632617060323
1292.0260215558221 0.21550090629376295
1287.9807629295183 0.2161777462942132
1287.5569709846416 0.21624889995157023
1287.3446380441592 0.21628456776222937
1285.6464037269584 0.22360588606027623
1278.7648921143038 0.24871247300940907
1269.789104511407 0.25734612219104797
1269.4327437397046 0.2574183655321394
1269.074622736191 0.2574910065902266
1261.851262266549 0.25896499200666256
1250.6432000187133 0.2612857944148774
1247.0053528743565 0.26204803475240457
1245.100671125458 0.2624489004178905
1243.4198395490712 0.2628036739103018
1240.1383531764172 0.26349906944613954
1238.2336714275184 0.26390439025109497
1235.6693026052367 0.26979986658795757
1235.3129418335338 0.2698776979498794
1233.7646208563378 0.27021638273135995
1233.408260084635 0.2702944546251466
1230.483134483684 0.27093700323622605
1228.988475144391 0.3269198991606027
1226.658003309194 0.32971724893636334
1224.8503003315004 0.3335523179087202
1223.5133758189684 0.3460141891700043
1223.123802616377 0.3461243970291995
1222.4876777310183 0.34630450382813976
1222.3338431235893 0.3464442951615753
1222.325601757993 0.3576902402039154
1217.7099546178904 0.36402868926716986
1217.1088773499096 0.36581282555391337
1214.8411232844373 0.36599395455173317
1214.0189432121608 0.37229374630907314
1213.426072907661 0.38290987218968864
1213.1870408228556 0.3829853162407395
1212.6587608263394 0.38315215912190703
1212.1529431057584 0.38556640046720736
1212.120393213233 0.38843503460231416
1211.9553930475986 0.3902577865047077
1209.6886543836504 0.39326958218407654
1208.720195484785 0.41130837474877857
1208.5539314857624 0.41136495954275065
1208.1481803832585 0.4186201528213747
1207.838750468221 0.41872739693675876
1206.9476602512432 0.4190365436373814
1206.5925659721756 0.41915986403861893
1206.308648690966 0.41925851767019084
1206.0014880175186 0.42332284277095844
1205.3624764572419 0.4235472633876139
1205.1614447342909 0.43347248903889546
1205.0944482755408 0.43349658766599697
1202.4107900703325 0.44048193942349634
1202.0357060196634 0.45386993664611364
1201.5876817989392 0.45403916668047245
1200.4190025565058 0.46086140358941663
1199.7995734090273 0.4712462098112441
1199.3249867231816 0.4792674660839804
1198.7731304375902 0.4995765119700308
1198.743698186233 0.5480876917697286
1198.3463605608579 0.5482694220850299
1198.1046866259558 0.5483800154497842
1193.486972966166 0.5500583723154251
1189.6931960444692 0.5518124369477309
1189.1046880465442 0.6975702551612538
1186.5698889993128 0.7268315640433215
1185.1950839491722 0.7505467370591026
1185.1390944000173 0.7511963544045092
1183.2953269279246 0.7779010168467262

1256.7816026089065 0.3583603917252838
1254.7572043583618 0.3589385626634966
1249.6381163241815 0.360408938828511
1249.0454886381056 0.3605799400589721
1247.8824561020815 0.3609160023219485
1245.756909682624 0.36153180762914583
1243.846476334673 0.3620870871067828
1231.7930735602517 0.378172560768428
1229.9135618876091 0.37875047109014726
1229.2791940361765 0.37894592475416455
1227.877226663904 0.37937859816061287
1223.688128600102 0.399620880130596
1220.5466083684717 0.40064944968402777
1215.2851641471182 0.4730320479740436
1214.8931753037602 0.4731846731505824
1214.281235497385 0.4734231356490569
1210.9774125450058 0.5112652245385318
1414.5362663650308 0.18867666815811493
1375.5453294005933 0.20771897044036378
1260.8629992971687 0.34585348027293605
1258.9480386998803 0.3577437142593806
1255.1298637159869 0.358831990572388
1255.08885534861 0.3588437149328054
1255.0668320583227 0.35885001174433756
1254.9818487372656 0.35887431190914876
1254.677556180003 0.3589613484402231
1254.5268948874384 0.3590044575843611
1254.4606421795136 0.359023417938056
1253.33634924697 0.35904674937184594
1253.1810881573933 0.3593899969287535
1253.1513904586488 0.3593985139011974
1252.7127288303 0.35952436425276313
1251.6643756971591 0.3595263640990455
1251.2385983843906 0.35994793319642865
1250.147094144608 0.36026220397066394
1249.5810314035302 0.3604254034795884
1248.5853368073701 0.3607128276675747
1247.9873743531261 0.3608856601273752
1247.36307750483 0.3610662809780929
1246.755901339104 0.36124212200665495
1246.696707056188 0.3612592741080844
1246.53426182192 0.36130635251516185
1246.2245851726557 0.36139613419812333
1244.9998319013505 0.3617516532000177
1244.9704990735688 0.36176017645334047
1243.9561491027519 0.3620551638809061
1243.9314596557304 0.3620623499213572
1243.7168231359708 0.3621248334395323
1243.6169144483372 0.3621539255308734
1243.3060618162128 0.3622444716195983
1239.483274201432 0.3758262420000913
1238.9998777316332 0.37597287081088127
1238.781220299535 0.3760392338305355
1238.6947886068674 0.37606547250352285
1238.403363648035 0.37615396940853757
1237.2745912240111 0.3764971367465457
1236.6515172996326 0.3766868308885318
1235.9181905140763 0.3769103364125843
1234.4412543349345 0.3773612874077697
1233.2628600982282 0.3777218596593349
1232.2221945521499 0.37804086229302064
1231.7300419025876 0.37819191309611133
1231.6896931532353 0.3782043022317787
1231.4812393146028 0.37826832118397274
1231.4341102705148 0.37828279814562055
1229.1784245933936 0.3789769911713081
1228.458861791837 0.37919897479157766
1225.1493962312586 0.3835298090516065
1223.6191683995826 0.399643401791532
1222.302349622174 0.4000739482401331
1219.3431851307969 0.42779012748755324
1219.2877667897749 0.42916711709847977
1219.2249537616235 0.4291892272809566
1216.159688679851 0.4462279892366522
1215.9718730065674 0.4727649075036443
1215.699595776665 0.47287079148999867
1215.6647386492534 0.47288435025904424
1215.4203626772687 0.4729794297692117
1215.3694001645715 0.4729992626037325
1215.2511687953981 0.4730452805396717
1214.5689577916928 0.47331098525208404
1214.2100050244771 0.4734509085661786
1214.1694946753191 0.47346670509351624
1214.0917736553038 0.47349701442931913
1209.608000753441 0.5211945850952463
1204.1125733504966 0.6837242188402383
1200.6926680345505 0.7991629591573193
1198.489811815966 0.8141505333887145
1190.4796772175368 0.9101731465492011
1184.6056839321554 0.9982541862848311