1296.1574370418944 0.41527777969203133
1226.213028205158 0.5723357142405165
1214.9298708528013 0.6741044685153803
1206.9903976070923 1.0546010055953186
1477.896888990172 0.27943738213072333
1276.745407573613 0.44693713653406225
1240.5672576720735 0.4512777250552421
1230.1683921795068 0.47521980204287406
1228.8550843745616 0.5326466627149175
1228.0058110219734 0.571500153345991
1203.6386947962958 1.2072636123838076
1202.1526164512973 1.2087560088453853
1200.2980133178828 1.2228230414434829
1200.2905143758821 1.2228306811598308
1200.286280504156 1.2228349945543358
1200.1046429425141 1.223020072387346
1199.8684231972416 1.2232608500296085
1199.6954905248301 1.2234371795811676
1199.0564789645532 1.2240891843155068
1195.009250213174 1.2282349002922912
1302.421908295956 0.41329879105234235
1214.719613537483 0.9347000856682542
1203.9448623159512 1.1946632370492543
1216.4033103393324 0.6346868735221692
1224.403850739827 0.5855348447085522
1235.0131860298561 0.4620395498596483
1270.873836285667 0.4490020332873544
1309.5240496046235 0.37546875362230275
1211.4291538134396 0.9927692275019677
1222.754525762645 0.6313901913384955

1254.1570985653627 0.33770569582993293
1241.919341753757 0.3463416244192193
1580.2009560529405 0.19976751499642184
1290.9527805182238 0.27077036509211316
1286.8416441192694 0.27182108219140944
1282.4200829851704 0.27257196010524437
1278.9212589280837 0.2733176520895209
1272.9696389130272 0.27459551666611304
1271.5861965565664 0.2748942672106525
1265.1005718216327 0.3133364195401589
1254.6001598642686 0.33758643526467164
1254.2169909618653 0.33768956943108686
1252.4034290365928 0.3381785659728425
1252.2481156807758 0.33822050945615784
1250.6815669437417 0.3386441495944084
1250.6672114938622 0.3386480366309213
1245.1209847405069 0.34515075191315625
1244.7789273276965 0.3452455971669094
1233.4569028468695 0.3700208815360713
1232.6580664119037 0.3834285884854113
1232.6572387995157 0.38342884592133086
1232.3920241726994 0.38351136101091843
1232.3574001032778 0.38352213607015573
1228.1746154095852 0.4343682676211301
1215.4434103358146 0.49802335500947315
1212.7080680297977 0.5338751794548113
1204.98833627295 1.0292224850043779
1201.472618193698 1.1971214696557597
1191.490912549005 1.2318617387890285
1190.8519009887282 1.232522756243084
1189.9414606743906 1.233465776082889
1188.7430260041117 1.2347092981211456
1188.7346950283923 1.2347179512993747
1188.390030460518 1.2350760521906843
1188.2526058044734 1.2352188921060625
1211.521516778297 0.5816529870292613
1350.5013097964174 0.23084660645682853
1318.5885056999155 0.25102044379615357
1239.6997148185014 0.36055095746370275
1250.7416314088935 0.33862788685939477

1365.4069328626424 0.1190010549060658
1354.1712496567768 0.1283781802240735
1344.3889753138196 0.12931230762444756
1312.6787590007511 0.18483349590872433
1277.7088579596602 0.2699668097634747
1375.52956532107 0.11812531659309243
1375.2059114041324 0.11815311731812408
1374.5538590143994 0.11820916606586608
1374.149038475614 0.11824399016205674
1368.757985029997 0.11870971140537258
1367.2226514879756 0.11884301741919995
1365.964359427597 0.11895249262198831
1365.6030184376002 0.11898396766331898
1361.860343437221 0.11931096031228289
1360.3618591623006 0.12664019634793955
1355.9016385349398 0.12821434520171998
1355.0406960549346 0.12829580782985475
1354.9612785419986 0.1283033275532146
1350.554217776564 0.128722000534641
1350.1785782200561 0.1287578128901128
1350.1291106168014 0.12876253046886427
1344.9005868894178 0.12926311612725225
1343.8350549163022 0.12936560934818309
1332.4412660290673 0.13924557343124197
1319.8469829711437 0.1438567745454392
1312.0567901016625 0.1849211145901963
1302.524371595628 0.2198244397733643
1296.2547151787612 0.23082729321636672
1243.0556952183736 0.3822698668397484
1242.5752587074874 0.39238407361555916
1237.3688437006274 0.4121011505435841
1203.937852547145 0.49890351497590313
1203.1830308962612 0.49921650407659324
1197.8183315341898 0.521125731920267
1196.8583785471158 0.5215437063539718
1195.694277509517 0.5231891438626662
1193.2370934261771 0.579270792458212
1192.6463034468516 0.5793182032823484
1191.2961649435167 1.2923469798866114
1190.7394896292121 1.2929511570953836
1190.6898217897 1.2930050906130741
1189.8038405457828 1.2939679201312972
1187.2516444233204 1.2967495207497186
1186.660854443995 1.2973951193802666
1191.8635081462335 0.5796986894403626
1276.7975425502323 0.34248002516041104
1286.5328226704673 0.26811518378047233
1249.7712644263531 0.3591353108112626
1297.6498359980785 0.22065019571087613
1221.5456875675334 0.4591149774539583

1263.382137895387 0.29375355908679085
1249.1155741742068 0.3390687014138513
1225.19212498574 0.39913032167279583
1219.6419539626004 0.44642238300213266
1219.3392631551196 0.4465332036372681
1337.1544655114078 0.22025254502338806
1325.6635854878555 0.22216169874643799
1318.9734063134306 0.22328856117080068
1311.5717446443102 0.2346969321615362
1264.5874419529641 0.26404403511641533
1251.6386050425197 0.3226043844936192
1249.6901486755078 0.33891280658645906
1249.5251105368297 0.3389575704237773
1242.1110726751358 0.34098077456060005
1242.013521208201 0.3458396784603088
1238.3411906330327 0.34704041774330996
1236.8368397463396 0.34746251914211496
1236.7771361103105 0.3474792923950891
1233.9399003858503 0.35244063962691285
1233.4033425998068 0.37003694960492517
1232.3942198039863 0.37033994739178727
1231.6070176983542 0.37057665632750875
1229.920133662761 0.3710849168465562
1228.9976033882199 0.38457059736037147
1228.7831400606142 0.3846377176579409
1228.7607385226663 0.3846447299884607
1228.7453842675582 0.38464953646292316
1227.4429916116067 0.3850576733253502
1223.9448180094662 0.40100035129183204
1222.428785801011 0.401497664063931
1221.3378638575089 0.4052584405636417
1220.4455672195697 0.446128432206764
1218.9471183523806 0.4466768568543933
1217.7151837071012 0.4713227310052529
1215.185981110079 0.4960322691416037
1204.453443890251 0.7848852620869152
1187.1410964333256 0.9728143572068308
1183.6099654510444 0.9757166096523245
1183.3072746435637 0.9759661986261919
1180.7760271239047 1.0272803056539443
1180.2990173865433 1.027695473930439
1179.4870731538547 1.02840292671395
1178.857936970989 1.0756953943821068
1178.5552461635082 1.0759716674788402
1290.1382600245536 0.24291872826669975
1194.7386725803917 0.8421937931818463
1218.1351741196918 0.44697458793178424
1221.2781602214798 0.40596265876294524
1198.195376276657 0.7889846478267574
1248.4669079920122 0.33924487140172993
1220.3593817293647 0.44615993915316016
1210.4339526300232 0.5915197676612378
1193.6323685159418 0.8429743705530932
1205.8456410684419 0.7728015870736263
1184.421909683733 0.9750477369580014
1260.5274602662178 0.3203294767596073
1211.0955760919219 0.5453216956467613
1255.611373156124 0.32189171990670057
1215.3722657389435 0.49331223493573784
1210.466439909056 0.5911281510425745

1323.4213850125566 0.16290548324981244
1300.3856441784278 0.16579127986668613
1298.1706669203543 0.1779778693763283
1297.6548154039826 0.1780486202052148
1296.7714511110883 0.17816990741689243
1295.890821456064 0.17829098374639982
1294.5100180813233 0.1784811597887666
1276.7047963723478 0.2548781295449919
1246.099472235919 0.2800047195164082
1213.5830669683671 0.3875369917877671
1334.095366883756 0.16160209054034733
1327.435378525087 0.1624128780627736
1314.2517521671962 0.1640420869997664
1310.466813479184 0.16451587941874363
1309.322504147626 0.16465966145518765
1306.8040574857569 0.16497699026386473
1305.4865190500336 0.1651434902793844
1304.2839478765006 0.16529575528366508
1303.8856271363745 0.16534625106812195
1303.4880927916918 0.16539667792965418
1303.177374479301 0.16543611367926722
1298.0811722426436 0.17799013985093348
1298.0486849636109 0.17799459454928604
1298.0174965444298 0.1779988713560637
1298.01000103927 0.1779998992306237
1297.9775137602373 0.17800435441750698
1297.8424781643869 0.17802287509660877
1297.2348584368558 0.1781062603141405
1296.705484661116 0.17817897133805508
1295.5150327615781 0.17834270042611897
1295.344557090473 0.1783661714720082
1294.8338915739937 0.1784365167523333
1294.5487020056642 0.1784758263844143
1293.4259692265657 0.17863074878842194
1290.5695250420235 0.18796512090872158
1282.73572190836 0.24260000634457207
1282.4792938440162 0.24841628105968758
1281.2252456413685 0.2539788624892493
1281.219675185224 0.2539799667324501
1278.5115015140161 0.25451795317848874
1276.610570342032 0.2548969419807646
1275.5709492650205 0.25510468913391326
1275.4632147220004 0.2551262370600227
1275.3689886916848 0.2551450861403757
1273.3139148943444 0.2676591193461245
1265.3055863524626 0.26873337196002284
1215.8611554920135 0.3481918858583322
1214.0700518671522 0.3662264019931473
1214.028280279699 0.3873948726706263
1207.1198470826769 0.41185366998345946
1206.896775467352 0.45204186540828933
1205.8405666210049 0.452437813786856
1205.7089106284598 0.45248721721160795
1222.9766939096564 0.33230388302482217
1236.8647979362536 0.2820952894731388
1229.6313780007706 0.31232234908824763
1207.1137636489177 0.451960607331942
1285.6672056199016 0.20071824904197816
1249.4144258930253 0.2792618093580718
1243.7552835033944 0.2805324631306465
1215.2648788766387 0.3530849637786452
1268.841884487349 0.26860248331846776
1217.5801998798888 0.34770029006255015
1299.9881098337448 0.1658419785825416
1222.9368456396724 0.33231471084057956
1217.7138412238905 0.3476621307409586
1235.0519604743606 0.28250935537882266
1262.1213441240618 0.27645022789398754
1303.9409245099528 0.16533923908372664
1285.024335312349 0.23795270553513653

1266.850010900714 0.27907575143952473
1245.1722036319657 0.33916672895085653
1242.7981907223016 0.3398146106415998
1240.6075102240425 0.3413940284583469
1239.7095683608843 0.3416413057221581
1226.6802512809106 0.3852970992203889
1222.8072049748191 0.40137341355763456
1221.5529682768524 0.4029928160745709
1221.5481755074438 0.40299439722517916
1220.4948214431759 0.44611042827166253
1322.7931997426979 0.22351428623627614
1273.2491998808723 0.27453522509992767
1253.1537278802464 0.3153027374629677
1245.4455725212856 0.339092283600507
1243.8543445097857 0.3395260748579241
1243.4027026599829 0.33964940110144687
1243.1601395550474 0.33971567286378807
1242.4794297985975 0.33990179085286
1242.3751136806882 0.33993033073175943
1242.1669985528222 0.3399872833350151
1242.0442771426988 0.34002087611395443
1241.4095676146685 0.3401947224378662
1241.387282289498 0.3402008295972668
1241.100283550095 0.340279499476351
1241.0894557549043 0.3412614567685984
1240.9876147370662 0.34128946221659284
1240.9686224482791 0.341294685449404
1240.4728917466016 0.34143107718760507
1239.3257053882987 0.34174712410920716
1238.0568806528747 0.3420973642404207
1237.8368518794005 0.34215817295147855
1236.787835213176 0.34244838410628753
1236.5676711254496 0.3425093551617669
1232.2169328256898 0.3686143751317728
1230.404285559607 0.37093889860808715
1230.277605383794 0.37097709373143645
1230.219769149193 0.37099453445118646
1226.5273255253846 0.38662484101710015
1225.9448825692375 0.3868085253886602
1223.2279770514235 0.3997712087449885
1222.980534829973 0.39985209333239335
1222.5381160408986 0.4014617585691652
1222.485907910029 0.4014789036077255
1222.4784124048695 0.4014813652358107
1222.383895938945 0.4015124083474736
1222.3257082645996 0.40153152197087577
1221.4536590415196 0.40302558105759967
1221.1876168023155 0.4031133823311844
1221.0931003363908 0.40314458458124575
1221.0153793163756 0.4040613847358587
1220.6103621404025 0.4460682002916934
1220.2527858230867 0.4461989137194234
1218.276268273938 0.4469228217576444
1217.8723932145879 0.4470710318510565
1217.624640287937 0.47135777889290487
1288.2755785140762 0.22758208607315525
1287.4103700510775 0.27135930199585456
1220.956832404517 0.445941619758241
1260.540689838363 0.2998692520882266
1232.582284300227 0.3685051136186021
1234.582284300227 0.3452284065147695
1262.8717477868768 0.2799548880342454
1227.839646421005 0.37171369393268283
1247.2171217342811 0.32980145954181045
1225.133460585499 0.39914943366482947
1284.4895250361576 0.2719763552680208
1250.8908134812316 0.3206301476089734
1274.9871802449977 0.2740033663178912
1256.440147754084 0.3144780127957992
1251.233696261599 0.3157865729184735
1267.744138261874 0.27887892208124393
1258.8362895185546 0.3138794171668505
1235.1885248769472 0.3428917830120381
1246.2569609686707 0.3362066614002652
1277.270407118494 0.27351356255674647
1252.7097042214752 0.3154144966954835
1248.7088125994533 0.3252281369190021
1259.4008017906885 0.31373872424152527
1219.7497390463093 0.4463829341935935
1254.8565562470078 0.3148748746584132

1265.5532662828632 0.28448584562078577
1258.0417607725637 0.2976258631957758
1255.2386263584265 0.33598792434193303
1254.977957662208 0.33605771165066517
1250.8284540042562 0.3371725509392289
1232.7176936156607 0.3702427675792328
1229.7730907611651 0.3843280894989623
1219.1079646379974 0.4879038730236466
1179.8712378384523 1.0747715621525402
1322.4889015649157 0.1976063887304803
1254.7807987328677 0.33611051511936063
1254.7762137259444 0.33611174328181853
1254.454817100231 0.3361978565309216
1252.593994934665 0.3366973036191069
1249.6882739525138 0.33748017758868126
1249.2799888651737 0.33759047161805056
1248.6905906452828 0.33918410118890696
1233.7381779642856 0.3684848565286374
1231.0856087332245 0.3829855224244898
1229.9764454696444 0.38426454769140306
1229.9262135931301 0.3842802415835205
1227.5568976348889 0.39982040989646433
1227.5556060888032 0.39982083055886264
1227.4101066370515 0.3998682260555517
1226.6705108780536 0.4001093183794692
1226.0250327097494 0.40031996809954734
1222.8028070253765 0.40729970732592424
1219.2823050168224 0.48783410956878204
1219.219705460063 0.4878591568993774
1218.3891758911213 0.48819171193458416
1216.633415903691 0.48889623596195786
1216.5556948836756 0.4889274696443124
1216.5090765398577 0.49758708480936303
1216.4378460669498 0.497616221820743
1215.808709884084 0.5431967175826148
1215.768199534926 0.5432148173229264
1214.620403542925 0.5891391009434908
1208.0521423208759 0.6834208009468207
1198.5645430131565 0.9061661781638911
1179.9424683113602 1.0747066806106889
1179.753006469279 1.0748792725907803
1179.3877027825617 1.0752122058239546
1179.3279991465324 1.0752666385841683
1300.6735618345754 0.20830070846919593
1298.8302115121112 0.22406961579347132
1237.3950545056923 0.34585839624994885
1202.7533027160616 0.7036151430010152
1244.5534413815612 0.3396074406538627
1215.2654711921641 0.5798610474738726
1240.8326778189498 0.34062578826298406
1220.1908336350257 0.44886471978333325
1293.2269632783702 0.24133459999510898
1189.5364085171773 0.9130436390583996
1215.7849949808349 0.5432073130889385
1215.6904785149106 0.5432495459075751
1219.6520626416454 0.4671599214249512
1216.3196146977762 0.4976645922050712
1236.3335826162752 0.3677113053412642
1222.1732297197698 0.4296192864035176
1215.4028958482086 0.5780295860931003
1269.5698408101816 0.2807814491680136
1213.6923741460082 0.6379940161942794
1295.070313600834 0.24099109415758752
1183.9109472642947 1.0229274184484827
1249.0313503302125 0.3376576740948
1219.4626007995641 0.48046814061518694
1255.6336853891332 0.31086359242959616
1231.4790228419506 0.3773161607678408
1224.9071477036023 0.4006853114570734
1235.0848582273138 0.36808307742803037
1219.5808321687375 0.47906434225317673
1215.3251748281932 0.5789618627814404
1207.501328840624 0.6964050510276026
1222.3626915618513 0.4163484600114388
1214.1173814687545 0.6377706834812408
1269.9991789392006 0.2736693142294114
1179.9571353293982 1.0279932395290579
1222.2509507397851 0.4287017295558886
1222.665382369332 0.40910089456387544
1216.1353554083842 0.5319042733859759
1232.5847355247724 0.3732506957773638
1253.9708874018932 0.33632760127135164
1201.2818442248563 0.9041164290015578
1306.5872730331796 0.20735792396656424
1216.745156725757 0.4888513377620272
1232.9942398462067 0.37015972644371725
1226.449302024353 0.40018148420281596
1217.8794943995147 0.4883960197343895
1215.92655870081 0.532175790706266
1250.0511434083571 0.33738221259817247