1233.0859159019851 0.2967082933413875
1359.17458835635 0.164940854995466
1358.1296481570917 0.165067759912179
1357.235336343413 0.16517652664097976
1352.9183944517076 0.16570357799182778
1351.1511583594975 0.1659203097333681
1350.9097274529568 0.16594996255914796
1336.8314281866974 0.16769759744180568
1324.5802407118185 0.169248650856465
1277.3540036135 0.21172044015011537
1275.2310848389743 0.2152989419126874
1267.0104531164625 0.2436450652620972
1237.4886858748885 0.29565265672866864
1217.8412825117148 0.35933931614229203
1210.9552295797678 0.38147245559456705
1210.868637952385 0.38840574139635725
1206.561156580294 0.41071150503006965
1194.604124218406 0.6068793575719192
1206.5286693012613 0.4107225639461197
1290.7810917362758 0.18903264130331165
1199.7412033432258 0.48856721719630797
1194.6687544766924 0.5495142475848864
1259.7967378703358 0.2510952537409874
1246.2405192108633 0.28681767871974223
1212.1567773865322 0.38109432184082204
1204.7905398561265 0.4320359674035928
1226.4728608535468 0.32922811449199374
1233.257065830853 0.2966671165221283
1221.2876528367037 0.3419379193989654
1210.397349992947 0.38855697350976015

1287.7626777281491 0.33060951384974896
1211.4427027836919 0.5307601466343145
1207.315709401653 0.5829703354556678
1207.085180831144 0.5830816708611686
1204.0356974331683 0.6885971029534901
1203.0435218464613 0.689165003633907
1330.166744256439 0.1977468150286651
1211.5163227188582 0.5307278940539313
1207.6295106075677 0.5717752137104959
1207.4102258675773 0.5829247003478433
1207.319810486502 0.5829683551926178
1206.8957189890625 0.5831732046413511
1206.2909379080374 0.6059254846634707
1205.1184581909258 0.6544300172803265
1204.744536910537 0.6546331352879117
1204.708127646228 0.6546529199231284
1204.6263055413635 0.6546973860613966
1204.3929835200743 0.6728711348308574
1204.29846705415 0.6729239435019854
1203.3829345531171 0.688970625475052
1203.2329836885428 0.689056487267703
1203.1212428664767 0.6891204839253913
1203.0713378345592 0.6891490695783478
1203.0672367497102 0.6891514187893658
1203.0308274854012 0.6891722756914355
1203.0267264005522 0.6891746250606691
1202.9531064653859 0.6892168020922944
1202.9490053805368 0.6892191517651169
1202.9349680992382 0.6962092489613994
1202.8572470792228 0.6962542335953656
1238.3106607862082 0.4039321613867087
1205.2558828469705 0.6543553984202901
1206.353750936189 0.6058939350334419
1218.007073212044 0.4470215973881896
1229.0885939307896 0.4272020694085595
1204.1261128142437 0.6885453975973747
1214.9341572325884 0.4836280173189194
1205.8744894267259 0.6061347408921154
1213.884180914854 0.49866306403580796
1240.837195576385 0.3887225382570871

1250.8024874801192 0.30368645190769333
1388.1045443478697 0.17964832415683377
1299.221693320426 0.19294168080646887
1291.7102456572559 0.19406365947180373
1278.123457767306 0.20744097408382772
1277.570054340323 0.2127685510211244
1274.0760818479012 0.23760935150764348
1271.4662704079042 0.23809706842019354
1269.3283559062393 0.23913700318763045
1266.3773544794424 0.24138907275310448
1266.3499477412904 0.25844778783968925
1265.9094348424742 0.2585377228548494
1265.8499185923786 0.25854987847894556
1265.7539024155487 0.25856949127318934
1265.4603123049155 0.2586294800731629
1265.1194741056472 0.2586991579242039
1264.387399395844 0.2588489435919938
1263.5374332768756 0.2601444040139818
1256.1929891256486 0.28338761512521415
1250.9328093216802 0.30365481393531396
1250.8870878472806 0.3036659128953533
1241.1925707721314 0.3151283642645343
1238.7072366982486 0.3169593439606946
1237.1576634483165 0.3219975238679197
1235.380296071252 0.37563602216523684
1222.1166210293793 0.4802702876611171
1210.6597389774422 0.8926362523750668
1205.3823186930933 1.2029857411919112
1201.776968364711 1.2065947178583114
1224.5242066006438 0.4264432819633913
1206.5590955046298 0.9022066284230819
1212.0829575338375 0.758949785437108
1231.4766240924837 0.3903762885525033
1225.9162983523725 0.40480435006749044
1235.7492414405428 0.32505935868214314
1242.7860868771343 0.31472430267348395
1284.0618130576202 0.2064816291415891
1235.1584118202331 0.37570350154005727
1235.409823212504 0.35118969356322893
1272.4638296452506 0.2379104101243315
1254.573339102948 0.2837534675970982
1263.9698192411147 0.2589344600183129
1278.048022498275 0.20745321804134154
1228.4829428653823 0.4033418745255236
1250.3887552081515 0.30378693656511707
1222.2540456854235 0.47846028977424454
1228.1108031065596 0.4040810072970404
1261.0818015835846 0.2795730032907179
1259.2017022323207 0.2799904304758828
1236.637838018569 0.3221328767546553

1272.1854000319836 0.27011420855434354
1248.8993659737146 0.3364735766864894
1248.0322657750291 0.3367073497332272
1247.7619674587306 0.33678028947020566
1244.7271478417924 0.33760140711904496
1241.926468052702 0.35080245800738286
1235.336576730467 0.37521774242321104
1232.2053059025043 0.37617124291972387
1224.904823087185 0.3784132389040578
1203.2330812876974 0.499827386996228
1333.7330993367036 0.16956127657570239
1290.419887566115 0.19498672152742091
1286.2249748510233 0.1970298774319354
1253.0608898109745 0.32351483729861724
1249.0490229985999 0.3279028478798359
1248.5096176271368 0.3365786139391699
1248.2154853163777 0.3366579260824934
1245.0786726804145 0.3375060916319516
1244.0603570527044 0.35020074001028406
1242.6288948490014 0.3506041582191407
1235.0651066559892 0.3753002161227205
1234.9664089189525 0.375330209879452
1233.7424523965144 0.37570256300514504
1231.7786245304715 0.3763015465788814
1230.3743509726437 0.37673103400375546
1228.4735065972347 0.37731395831037046
1228.471321056492 0.37731462957962564
1225.009139205094 0.37838101498116244
1222.1731762965392 0.4200665221905764
1212.1295540189444 0.42869093446937306
1209.3255153377681 0.4421481902514968
1206.7989242944454 0.4545957349403056
1203.6416787506557 0.4996577117466506
1200.9955428620506 0.5390710292349232
1200.3403566491006 0.5446939258077097
1199.1948954151726 1.2034486926233836
1199.1450905009092 1.2034986762821014
1198.9819093912492 1.2036624721224989
1198.9285427603272 1.203716049469783
1198.750826111017 1.2038945022210747
1198.3832046645357 1.204263814338096
1198.3296319526314 1.204317652344486
1197.7102320918743 1.2049404692547718
1197.191624845864 1.2054624331955464
1197.0505124650988 1.2056045372021025
1196.671851305545 1.2059860249186574
1196.6530667486124 1.206004955980445
1196.455303564963 1.2062042976348144
1196.3305410460287 1.2063300898647702
1196.1673599363685 1.2064946573736939
1195.9508121957865 1.20671311426123
1195.6834960640263 1.2069828962586486
1195.3085456455103 1.207361508746397
1194.978468925027 1.2076950059077334
1193.131299941564 1.2095647219704209
1192.5405099622383 1.2101639458216162
1192.3239622216565 1.2103837336280385
1192.1205195496475 1.2462889230116214
1199.6953964160857 0.5725946636996903
1199.5490791706768 1.2030933574521003

1254.5810208573412 0.2525477122776153
1217.2114625059164 0.3482752096286742
1210.9039839910536 0.3770447415537995
1411.10672601129 0.13624324277147173
1344.3891100068397 0.15694638917849765
1325.2718879835102 0.16916032153426042
1316.7484652166418 0.18561472870295426
1275.054804265527 0.1998418023274233
1254.9373816290438 0.2524759970677917
1228.7843418847706 0.3036739745452849
1228.6901158544547 0.3036972627550315
1225.4239302705355 0.30961672350389957
1222.3531741988527 0.32769606205712326
1214.9143334732914 0.3492753033270583
1214.5780230674736 0.3493720158615955
1214.3199934767806 0.34944625355737313
1210.7311647544293 0.37709856075520887
1210.595415126578 0.377140846549989
1210.1462164644975 0.37728083885949776
1208.5829319244506 0.4044464768977285
1207.2997028592442 0.5004721674535018
1203.4923849388088 0.5081125979171451
1200.502686964382 0.5209545938866802
1198.8070769535027 0.5385742936961527
1198.397924535819 0.5387581716634428
1315.8171347365262 0.18574610611842926
1281.8934614264456 0.18612332995955214
1226.9903269862798 0.3088772578159434
1207.9439203641737 0.4046604321732126
1202.4930247921927 0.5085348768575487
1207.2061358116534 0.5005109576002057
1201.5345343900308 0.5205072112761965
1201.759504210455 0.5204097721351371
1200.5351742434145 0.5209404965094289
1203.7173547592329 0.5080176337634286
1248.9247952406186 0.2536914695679445
1251.470911464676 0.253175334545824
1316.8765544555702 0.18559667442956543
1318.523307418474 0.1750502415479172
1204.343182380691 0.5017007676014241
1266.1362295574731 0.2164749269898231
1227.4395256483604 0.30400668803789305
1229.3849859034615 0.2900965740915897
1224.8752852887553 0.32702131101743936
1213.2962719094662 0.3497410996511643
1208.936180520456 0.37765846290895055
1280.0999790919368 0.18638409779782614
1271.273296494677 0.20378014593568813
1213.2637846304335 0.3497504645863395
1219.8703146042426 0.3414554477071128
1208.9686677994887 0.37764831451041025
1199.3975768925677 0.5269974126282324
1211.9385816896388 0.3737964399584905
1220.3700661000605 0.3330136616131296
1218.6927659392338 0.3417853753294349
1230.5715700030405 0.2727905439645461
1199.9108099685336 0.521211563852649
1199.20452185994 0.5295272476138179
1198.8932176802487 0.5331649678587771
1220.1014986351283 0.3334331113579944
1218.588727834333 0.34788158431439686
1202.4143808723102 0.5085681375842577
1231.9622371442306 0.2677425455231457
1230.335489817141 0.27284288777065735
1215.4217543081224 0.34878804477873754
1226.4486777058505 0.30901367049058537
1204.0056180147747 0.5078960040843058
1230.7760027159575 0.27274523327369926
1207.8108749020776 0.49614706192720587
1280.297024023512 0.18635541223415758

1260.0385683772008 0.38233557547961133
1256.4761925202768 0.3834195777324513
1255.5010360817867 0.383717382400965
1212.9802980223606 0.6790257010212098
1680.7740817926117 0.18452400450317447
1268.3471773346994 0.3464312596095503
1265.9384117633797 0.3805537194309018
1265.7674208833002 0.38060512793955
1265.7670977803048 0.380605225093803
1265.7011315749182 0.3806250615953462
1265.2657937465658 0.3807560226065032
1263.865918102499 0.3811777533255171
1259.7423234828007 0.38242548669404935
1254.050320643985 0.38416127585662474
1220.104452103052 0.4952134240445031
1213.4053053451069 0.6591504591986342
1209.3158479039125 1.0358599283749268
1206.1636163151013 1.1924656381505754
1203.7594262528255 1.1948472718676808
1202.6531221883754 1.1959463954377914
1202.4982681258282 1.1961004057701394
1199.363105159555 1.199227039964557
1195.7162561614864 1.2275086666428308
1195.6557142766137 1.2275708213981575
1195.2155988130885 1.2280228510584184
1195.1142880692069 1.2281269514861233
1195.1038579910223 1.228137669768086
1194.5864626302232 1.2286695967174015
1194.4747218081568 1.2287845364045111
1194.3970007881417 1.2288644950677408
1191.443409382985 1.2319108534446055
1327.518486080633 0.24467229727105114
1213.5947671871884 0.6590475551127027
1214.5070832698505 0.635677819105605
1213.937972778612 0.658861228619092
1285.5432013136792 0.2900537316209296
1217.1176524542163 0.6219152530140252
1207.4673646534352 1.0546424514343284
1201.4115878350456 1.1971822820812292
1228.5625579845907 0.4100498871982375
1213.4830263651222 0.6591082420065356
1196.4410657636377 1.2145263484058444
1224.4396656874007 0.44717443464409146
1280.4713437464247 0.34255218958606676
1239.0830761443979 0.39956220020957167
1203.282258371241 1.19532109481119
1226.7522816252117 0.43880857202291695
1210.735215895345 0.7119810412728996
1202.0407240179113 1.1965556887586457
1207.1947573421892 1.1914470781912887
1252.2670963301807 0.38470832027673063
1295.552443592534 0.25070926249689657
1210.8726405513892 0.710127733224328
1214.7930138612924 0.6231053555106548
1323.856342416325 0.24950123764470217
1260.2668315337182 0.38226632575953284
1206.4737698586691 1.1921590857393294
1219.967349431595 0.5652903936812513
1216.5136307547768 0.6222240455326917
1196.2516039215561 1.2147187045945183
1214.0521368563607 0.635916029092769
1220.82562367315 0.4889033513565489
1213.117722678405 0.6771795560903737
1255.2569419098102 0.3837919991376688
1250.5173844281592 0.38524660045993875
1198.1999954777666 1.2127434519854918
1210.7949195313738 0.7110719774671307
1250.8136293225593 0.3851553579792079
1197.6826001169673 1.2132673535900036
1218.2220338068682 0.5661002708048136
1221.2657391366752 0.4798170629608673
1198.5908223936028 1.2123480102933106
1249.3562103809659 0.3858323409814031
1198.9978014728379 1.1995924134943265
1213.0400016583897 0.6781199417037815
1236.1957826738412 0.3997936030543658
1240.7052805083513 0.3902903074301388
1247.5204327709694 0.38617208865824476
1196.1752255598922 1.2147962669972139
1261.7526709146812 0.3818161691052832

1242.0921502754895 0.32984523624627526
1238.7521947389303 0.3303083126017135
1234.7027798180038 0.3717756313726612
1233.9449266899599 0.3720039651654197
1225.9026478422038 0.3980643359594851
1199.2947623132936 0.960684776349821
1199.2035093986067 0.9607578792762637
1192.4193741107918 0.9662240026665387
1192.3281211961048 0.9662979510662423
1192.30874217378 0.9663136566539845
1560.6876042146055 0.22431396721864313
1492.7240713347433 0.2512683932230103
1470.9823344648034 0.25910641832590253
1313.9166732555786 0.30503641403618714
1271.3111244440718 0.3202769867626782
1255.710409402732 0.3246650625690597
1245.7828664209483 0.3284441921660105
1242.7282751608482 0.32925149878232696
1238.9928082634567 0.33024416642851107
1234.95071267265 0.3697939176291146
1232.8888542373152 0.37232261768509783
1232.525167807816 0.37243248049924915
1225.5872668865547 0.41436360183177673
1224.6162502974462 0.4356304106712063
1215.8236722675847 0.5339391810590162
1214.7759945761711 0.5343996743277873
1213.8907559500565 0.5438647746196948
1213.8887317435917 0.5438656815352663
1212.9783194331842 0.5517164770882272
1212.8390271658159 0.552219284209772
1210.9092491002498 0.5665667208790408
1210.2747892599289 0.5668637309749711
1199.4643079214766 0.9605489824928446
1198.864828051764 0.9610292950063186
1198.2308138685491 0.9615377998757202
1197.8102054962528 0.9618754417216915
1197.6259977970556 0.9620233884616253
1197.4493801440162 0.962165281986192
1197.372195297391 0.9622273049561673
1196.642640584034 0.9628139441430418
1196.1996685341896 0.9631704896911428
1196.0907842984427 0.9632581703956853
1193.711624347973 0.9651780187193708
1193.6347648691349 0.9652401676125565
1192.9986399837758 0.9657548482420122
1192.694954083331 0.9660007502890471
1192.526106690823 0.9661375244082313
1192.4821871389433 0.9661731076040089
1188.0392666420275 0.9697863133488626
1180.3215257435081 1.027675876103852
1316.3448007750033 0.3011384884107984
1201.5028017850589 0.599666037518044
1200.8067520499699 0.9594751349820135
1200.8736656021931 0.6171881348992306
1217.1327364401475 0.5195919583722397
1208.7161348686259 0.5675947087604629
1280.3548989887252 0.3130322933655348
1269.918934833865 0.32103253794754405
1186.759376666633 0.9708322033625707
1235.0414611648462 0.36266928271670085
1184.8584651762517 0.9746884852350763
1249.4823998641734 0.3262833463533984
1321.0615937627772 0.30006328652983294
1217.9754738904883 0.4549891977412434
1219.7003008839583 0.4366023993918281
1204.6159985412808 0.5981162669977468
1290.3462683567702 0.3106084313807016
1225.8398348140524 0.39808473309916886
1225.044414800135 0.434266076450768
1225.3511867006553 0.41590503589878475
1183.1583228604204 1.0139398187660678
1182.636484369443 1.0256642460167587
1182.1478362560458 1.0260882106711138
1211.6911423238591 0.5662011205504552
1227.069538487458 0.39768579380252383
1200.3806058652672 0.9598157575029806
1273.741065226001 0.3199496723891209
1228.8094511279473 0.3834211183177882
1190.9639259373698 0.9674048016220493
1216.2401207488963 0.5337563568310768
1220.0227763951882 0.43648699697092896
1228.7466380997957 0.38464914396053573
1213.398309845775 0.5440854969392698
1246.41964564333 0.32827639439580175
1194.9125967586772 0.9642079459499946
1198.599512703671 0.961242023127121
1191.9894398492622 0.9665725064277055
1214.1852045968456 0.534659698886934
1193.1510279643544 0.9656315030597105
1196.1535973265943 0.9632075872910494