1275.2396495960197 0.3357218759942358
1271.7774677446218 0.37477323969967974
1386.5759049959438 0.18090460666824623
1298.3204367077624 0.2736159410617687
1285.141583046273 0.2953384000438216
1284.5553956977642 0.2954731732378888
1283.4097126910879 0.2957369382617623
1281.7812267046997 0.2961181158380565
1278.53749544323 0.33130033824639815
1275.9340885029033 0.3355391562638962
1274.8406223123425 0.3358269575125875
1274.6154373818363 0.3358862876978902
1274.603524710661 0.3358894269508579
1274.520920915912 0.33591119649643925
1271.0370267413537 0.3749915633737845
1237.6392341049577 0.6111406054804668
1236.8799708334504 0.6117600705012195
1366.2490279073395 0.23730231792515338
1244.911500604118 0.5623228138201886
1320.432006367806 0.24553635448237499
1251.2406221746282 0.4213647706942965
1305.70738146135 0.26081983851250673
1318.0732219954944 0.25725362685793013
1258.7149820950858 0.3991268516648606
1289.6551296295302 0.28172061679129135
1298.4901674917542 0.26760884002509683
1280.8430580533482 0.308864485540075
1273.8566684981843 0.33608635735239145
1248.6605354804096 0.4673473327496068
1263.7053613070725 0.3771671596539894

1339.407730492136 0.16335752613486038
1271.862120545648 0.2325223087564841
1271.5486268227799 0.2325796359264281
1260.643027324053 0.2745623625489292
1259.0811983997503 0.27490294379174246
1245.8467917436037 0.2778231883781735
1244.8841588362786 0.2780380210127222
1244.7505179730406 0.27806787216811807
1222.0572740481778 0.29585923050853835
1213.002030996495 0.3319457658125714
1212.8548735275174 0.331986041281468
1188.1414943931013 0.8640067221237642
1187.6541863263753 0.8643612339423086
1187.1983909503385 0.8816244901610029
1308.843077300268 0.1751654976624911
1190.51802211588 0.8588151198474953
1192.7729162217602 0.5241207601856687
1235.7117900544308 0.28010182527891886
1302.4069078311113 0.1800246516607199
1313.5754971562458 0.17129873692322145
1213.0048243920917 0.3319450013837564
1260.8776184470514 0.2745112791669886
1286.5561728913533 0.190334255773966
1300.144429402224 0.1844611212960346
1256.595146209749 0.2754468127279807
1285.4126436327413 0.22467671084919955
1210.7343014155786 0.34973651607644124
1201.533286276901 0.41933952434956734
1206.994714343239 0.39530372422301074
1232.006540873909 0.28878271073806333
1195.6198594378066 0.47153021354305047
1254.232110080104 0.2759657683224362
1265.6727894710684 0.2734712563881332
1206.9360854731137 0.39532292674001757
1233.9819724558558 0.2804944769363788
1200.3487646488534 0.4632185921110134
1230.782691223418 0.28906986672597645
1214.5465121532632 0.3162914150535234
1274.709255131231 0.22656326036139626
1218.1328648581557 0.2968123881784907

1265.6073195129875 0.2224160237958942
1255.1501049296046 0.22426907075695623
1235.0892162456626 0.2539097764134858
1228.1730637899934 0.2553396064394281
1223.4972037862228 0.2563154421417362
1313.932391638058 0.17774674421492123
1312.8076600425638 0.17789902652199452
1309.0448145823132 0.17841039674925818
1305.9553427558114 0.178832458573477
1299.8196124448689 0.17967662781522725
1298.1881464663124 0.17990243199177916
1297.4110673841035 0.1800101838217533
1293.9385951315112 0.1804932673087572
1292.8759949582263 0.1806416126859372
1290.970280410565 0.18090827362649664
1289.3127100497222 0.18114085350417658
1289.050467252251 0.18117770457041954
1285.1336423831492 0.1817298972106124
1284.5516401294738 0.18181223505241853
1276.1811270827811 0.18300474734809355
1238.6059748237074 0.24503845654031078
1237.3718704891924 0.25344137379142295
1236.0418283506267 0.2537140892441422
1235.5261542994106 0.25381998240698284
1235.4174462597307 0.2538423167789011
1235.2061841282775 0.25388573242042295
1235.1638445485098 0.25389443524577454
1234.8515093346261 0.2539586536332786
1234.526344994665 0.2540255443062244
1233.414911071754 0.25425444749581094
1232.9066817577768 0.2543592563717286
1232.6978084955663 0.25440235602460837
1231.6115093163876 0.25462674258517576
1231.5256079415715 0.25464450330985083
1230.706134148099 0.25481406003125184
1229.246671934808 0.2551165961295969
1229.2396971452504 0.25511804367849633
1227.9897889735607 0.2553777153226765
1227.6589040864935 0.2554465460265575
1224.7638844133733 0.2560503544712617
1224.7437673549891 0.25605456023255435
1224.7217549635564 0.256059162398871
1223.266644824394 0.2563637519869289
1222.145902172705 0.2565988448597913
1218.837805901421 0.2595897361499069
1218.2914686070505 0.2597061479920227
1215.7321618481035 0.260252870140827
1205.8260789341246 0.40614500691241445
1203.1173740825907 0.4568326377600213
1203.0228576166662 0.45686852918649473

1206.7185609905757 0.5426015867461152
1190.8791663234883 0.9674736556752322
1472.403432443185 0.24093672148607048
1328.41629190393 0.24326078639464374
1299.0873863288161 0.2582205035593176
1264.8913946307246 0.3086257224025724
1260.1525017298657 0.31456675520513566
1256.238373867534 0.32813685321049185
1237.4639350078462 0.34241836793349095
1228.6086723435658 0.37148102630397417
1226.1580075654122 0.3840005648189478
1224.2180227176632 0.3994479070574127
1222.8324555530112 0.4013651254959977
1220.8481982109643 0.4097098250319426
1219.0387275605747 0.4174837211493966
1211.513587622103 0.5229514470087535
1206.4158701830947 0.542737725963521
1205.801401018267 0.5672746397518984
1195.7554442250653 0.9635283084637175
1195.478860767312 0.9637512283328543
1192.5765582979573 0.966096652239078
1190.9446824977167 0.9674204330751248
1181.064573477605 0.9778194423698005
1179.9582694131552 0.9787362253200398
1179.958269413155 0.9787362253200399
1205.8064179284227 0.5549979791381406
1204.2037203405064 0.9517659994293013
1199.5435190105327 0.9554635903095579
1206.8171983203388 0.5425572380479725
1206.2264083410132 0.5428229737152012
1231.1392856458074 0.36582436502122145
1213.185112538581 0.49895040648246336
1276.3472912863933 0.30585564218595557
1227.0381635987862 0.3802752784940689
1215.767254624778 0.4748215141555191
1210.9617313365115 0.5231897650625968
1215.1895694729226 0.48398244280784153
1275.744725708334 0.30600010532040756
1236.3171550865552 0.3427359874920417
1224.904096295863 0.3992241747213645
1225.921927379513 0.38553543413630204
1221.221703052908 0.4063604906063286
1256.317560158493 0.3281161705891892
1194.0621890045445 0.9648946521545648
1219.1332440264991 0.4174513546413898
1256.059925982095 0.32818347147000226
1218.605405265038 0.44064226652355076
1215.9902579247112 0.44776301779473054
1223.0685357389104 0.3998233236055746
1256.471067393839 0.3280760835489647
1207.8187452347236 0.529681087689787
1185.1883325957845 0.97441720516369
1205.3814106056764 0.5674722949570519
1233.6350517525223 0.35054742373858
1190.525381042436 0.9677611572645591
1223.8170605148614 0.3995787791606754
1240.5458667064108 0.3371436568465332
1281.335332768946 0.27000955411289274
1255.99952225743 0.32819925452063164
1238.0438452190003 0.3420676452936375

1224.893739429177 0.4006896975506922
1224.5848340116283 0.400790772800762
1224.2576145438181 0.40089789612335447
1223.440086727542 0.4011657843388241
1222.4150270666164 0.40150218306901325
1214.8564317843043 0.4580260881791252
1214.8326270248106 0.46182266325512106
1662.477794305661 0.16956291385292702
1279.681035934433 0.24965339387195862
1260.1969423545459 0.29776243902798094
1237.130843646267 0.3413713152940659
1230.9939558418903 0.3707612115901988
1230.423295219015 0.37093316771681495
1225.6654927115283 0.40043739903113046
1224.8717550043932 0.40069688926891206
1224.5868817305186 0.40079010260998277
1224.5716367503937 0.4007950921401704
1224.4260630537597 0.40084274321924834
1224.2617156286672 0.4008965531782417
1223.6961425048707 0.4010818412640863
1223.5725610801303 0.40112235072544367
1223.1805700959833 0.40125089784993884
1223.0844443778421 0.40128243331005187
1222.8453511668338 0.4013608928678446
1222.5645271786696 0.4014530857657429
1222.5095435325406 0.401471141538413
1222.4346212017906 0.40149574747899364
1222.4334796644873 0.4014961224052211
1222.4305201169414 0.40149709444154075
1222.315169662418 0.4015349839102172
1222.3110685775687 0.40153633113604315
1221.559364081835 0.401783422414773
1221.555262996986 0.40178477130823376
1216.244697012734 0.4535650111205166
1214.6203515984048 0.4690951876441447
1214.5927492454812 0.4691058481152633
1214.5299362173296 0.46913010931950794
1214.0034183917733 0.47671959390264673
1213.1791316234778 0.49198483824645534
1186.1520960596802 1.3957584216169752
1185.5229598768144 1.3964991260615942
1287.8120031183091 0.24515510788520795
1187.0099535832596 0.7074490320767419
1280.1451347592301 0.24669518964474973
1274.772594712479 0.2740494899626237
1186.4401198491232 1.395419583083942
1269.8980591149295 0.27510143581349306
1230.3450281801738 0.3709567642202186
1217.047002210605 0.4314288518520412
1231.4513322446237 0.3706235062462766
1216.064067514179 0.4536323819299249
1214.5258351324806 0.469131693429395
1188.5562497384344 0.6373529428920736
1197.7166706709227 0.5520104164294487
1191.1867071137835 0.6003719677493426
1214.8285259399615 0.4618242223014282
1222.7814858916859 0.4013818557497269
1225.7755044822075 0.385581487606186
1232.3581366970393 0.3502448576010016
1187.6390897661254 0.7070742702594118
1187.9271135555687 0.6376904903670437
1212.899254400321 0.505405624760903
1216.4059344837444 0.4486202794900674
1235.382828043232 0.3479309570604164
1217.2364640526862 0.4181018555037191
1217.5391548601672 0.41082333958863365
1214.3113243882447 0.47659871483428096
1220.9356755791982 0.40198866475974027
1221.0580866661169 0.4019483653915779
1227.1232000574682 0.3719307160901014

1261.4189198439008 0.32347172671744034
1223.2468539852907 0.401229155329195
1222.0019176803173 0.4016379147058017
1221.460209552854 0.40181603800526894
1218.8492657184931 0.43079091531812147
1217.4025213016953 0.44724358457479335
1217.2130594596138 0.4473131990048508
1217.1185429936893 0.44734793552494956
1215.2862892041146 0.4722647256616898
1190.5954718447808 0.969991848575718
1347.948870483416 0.22284260124872757
1336.7275904247408 0.22360634503969112
1311.6668030102005 0.23566779857278428
1306.6154073328478 0.2673707790668134
1286.8176464540052 0.27148429333555313
1264.629236206401 0.29437762787961635
1250.925032371919 0.33434631106087065
1247.3161944579558 0.34454330507012554
1242.1413838516628 0.3459786862373446
1241.629717435202 0.3461212614931339
1240.010908594336 0.3465731157100875
1239.5141412301987 0.3467120138536789
1238.3081093022106 0.34704968890836313
1237.2000201461042 0.3473605214258602
1236.6300579981462 0.3475206197087923
1231.0820840126503 0.37073467029958096
1229.4009206597666 0.37124163717334624
1228.3016828870955 0.38478848402987736
1227.3911950934794 0.3850739229504381
1226.6348117212292 0.38531137219745415
1224.696741563509 0.3859211235314315
1224.6856331170902 0.4007577852729563
1224.4604698790772 0.400831479706391
1223.6074126904193 0.4011109256885399
1223.4520429707986 0.40116186392712394
1223.315930335994 0.40120649932909025
1223.0207559881776 0.40130332995620693
1222.1698528178122 0.40158272669877154
1222.0796387003327 0.4016123716009014
1220.6630729749038 0.4020784382274043
1219.5733594900244 0.40837824272171497
1219.133244026499 0.4174513546413899
1218.934482243668 0.4298681382521837
1217.2907804796291 0.44728463915814
1215.990257924711 0.4477630177947307
1215.878517102645 0.44780416780025784
1215.633080540272 0.47090853860150605
1213.2401180269983 0.49892778523016823
1213.185112538581 0.49895040648246336
1213.1678881824391 0.4989574904974477
1213.1138820656731 0.4989797033802541
1212.9956506964995 0.4990283392129437
1211.838409029578 0.5218619722016614
1211.726668207512 0.5219100963267705
1211.6321517415877 0.5219508092591272
1211.2289567749058 0.5464480987659661
1202.7262207921485 0.8193360746553374
1193.7418657292858 0.9674352016925044
1189.5941568117432 0.9708083181374935
1181.3705327901394 0.977566200092237
1177.2476404929494 1.0303592178318404
1177.1358996708834 1.0304570257281553
1177.058178650868 1.030525066690424
1175.6169586759409 1.0548343369728683
1175.2516549892237 1.0551622113226182
1294.1194215656014 0.2699525048288412
1215.8007960826296 0.4478327940331084
1250.3496595160066 0.33450016705658736
1218.7449055520444 0.44528144486845483
1185.8742683321918 0.971556809416928
1226.109004940493 0.385476609816116
1213.0901671624238 0.49898945801821043
1306.2597372302437 0.2674435791307775
1233.1727784003729 0.3512066938190911
1213.3262473483232 0.4879005821668469
1213.2796290045053 0.4989115374303794
1211.6489471874966 0.5219435741630175
1212.944713094028 0.5213859917099737
1219.43593483398 0.4101843216123325
1237.2635889542353 0.3473426745462333

1235.754720154579 0.3477667834052684
1230.309223552256 0.37096755985489505
1227.459970574165 0.3718286717852477
1224.3927768297835 0.4008536404914166
1223.9453922997648 0.4010001631375133
1221.3256757101024 0.4018602996274941
1217.7491433247926 0.4471162804605163
1172.3720403201003 1.2067971667496267
1560.5917259956266 0.21688348778985586
1372.316598195255 0.2231492279688145
1308.6737097693365 0.2259258176209575
1281.6118465886566 0.27258703977274656
1265.7059459034751 0.2932142340759385
1257.866228734823 0.3186288185472315
1256.659576807261 0.3189347678155717
1251.6103319675603 0.32350767411027587
1239.2932098613624 0.34683311929480315
1235.7688614203535 0.3477628038078977
1233.8916257410056 0.34829188815342615
1229.5874664617318 0.3711853145685554
1229.0029954172353 0.3713618373836474
1228.561587695463 0.3714952633219435
1227.6203312887374 0.37178010081425095
1227.5435893332765 0.3718033432735704
1226.460936148643 0.3853659978553044
1226.1054210620857 0.3854777365555257
1225.6042460608219 0.3856353663987041
1225.1280580491627 0.3857852568017068
1224.8518495104995 0.38587225277763776
1224.2396125781972 0.4009037911704264
1223.8417103493423 0.4010341352424695
1223.769066650992 0.4010579408799404
1223.5271752584717 0.4011372300577882
1222.992208225611 0.4013126974011537
1222.8557509215061 0.40135747950137207
1222.4850708501967 0.40147917850831266
1222.2757351017253 0.4015479387249439
1221.94526312789 0.4016565363388503
1221.8110164231832 0.4017006684228655
1221.6084926111935 0.4017672641866801
1221.4201921760266 0.4018292026998688
1221.3884887382537 0.4018396329333617
1221.1749463276715 0.4019099011649056
1220.572858857424 0.4021081563644242
1219.3414183680557 0.41021611678624553
1215.404520573288 0.47221878498582254
1215.3640102241297 0.47223452491863105
1215.2862892041144 0.4722647256616899
1214.9209855173974 0.4837179546564582
1212.685267449663 0.5214975386448735
1211.323902151063 0.5464052673480476
1211.212161328997 0.5464556761663406
1211.1344403089815 0.5464907433654321
1192.7175798290816 0.839485844090411
1187.7475242398589 1.013277566059976
1180.0790071284637 1.1989157065657037
1179.1329421163334 1.1998776440724612
1176.9314904601506 1.2021220165343856
1176.4410222486943 1.2026231913695462
1174.8094955092267 1.2042933446171353
1173.6583359052136 1.2054745519645325
1173.1710278384876 1.2059752781668216
1172.8992561624996 1.2062547138650077
1172.86733346453 1.2062875452891648
1171.989176139731 1.2071914019674308
1171.8161039079466 1.2073696989795921
1171.501868073005 1.2076935557618833
1171.4938829953012 1.2077017875819764
1171.0065749285752 1.2082043661634196
1170.7654953473304 1.2084531550146544
1170.7335726493611 1.2084861062223236
1306.6813970546027 0.22627028941036803
1192.575751712942 0.8395856806799292
1181.7059614599286 1.097556849185202
1305.344241180239 0.2265020739750324
1290.7793712344555 0.22905787345820935
1202.2208186824585 0.5898328071899008
1180.3823057731154 1.1986076457729635
1184.2525676175098 1.0951966727271907
1193.1016184670661 0.7176608860271017
1192.088443646216 0.8399288908478355
1274.2760737262604 0.2741562731988741
1245.427628132299 0.3251136703900096
1258.2090033683558 0.30482017911684844
1213.6252280021063 0.49876946447140563
1215.7062796167052 0.44786761130248237
1211.5544307215723 0.521984292318794
1256.6739322571405 0.3189311245060729
1219.0387275605747 0.4174837211493966
1218.8492657184931 0.43079091531812147