1209.9967361011848 0.38537065864920717
1326.7581716571353 0.159095850016747
1299.6247743897493 0.21845875942629758
1295.718566694421 0.23539830068601178
1293.702645113726 0.23576511180462872
1292.2756507154022 0.23602545524890794
1271.9624154478108 0.2475151285769876
1263.2130998793928 0.24922947746086507
1216.8070672743027 0.35440165805183127
1201.2638183953686 0.44867083663806284
1200.1659875886833 0.4598166629248934
1199.7714939976347 0.46539883835090085
1199.6647614176036 0.465440244267252
1199.5622419813317 0.4654800226712319
1199.5540006157353 0.46548322068569614
1202.5168201517297 0.4113067095867575
1209.6632065245628 0.3919857108501315
1269.3655628160157 0.24802149201702636
1225.5960841245833 0.3232227644813145
1201.2720597609648 0.44866775851735985
1248.6935864800196 0.25212745882049764
1200.2727201687144 0.4597757743685257
1211.4125047960306 0.3840644835580287
1221.2433277349712 0.34340607932071265
1316.9895745031522 0.1813716895134723
1233.19997566445 0.2552951240815827
1301.9758505178788 0.20323394051772684
1308.4308186755914 0.18939030756875427
1236.7429357962947 0.25456376720838336
1206.5734377103192 0.39253369898181545

1207.1391296169393 0.5986793211177937
1376.4455576117875 0.12047986556363979
1358.246580742836 0.13541565830136432
1326.596788159896 0.18458940490753137
1243.8757166572811 0.3265183966180555
1242.3789891053655 0.32683493708511535
1239.2973036084954 0.3277982437351362
1228.0927852795903 0.41261014560671816
1226.0383140631607 0.4133015560284256
1224.1971166671212 0.42173281411092084
1216.056834287173 0.5109974933998073
1214.1462838245334 0.5318162588709298
1205.9075923852147 0.6116938188138271
1203.9409654869942 0.640437647671376
1199.649700983604 0.7445907072167998
1328.168267011913 0.18294541358132882
1208.9375767064812 0.580635733125864
1220.9204372824456 0.4363388501990636
1218.701639794187 0.49187000259184877
1219.8319223970875 0.4914142413540828
1225.3645614209008 0.41806480597137613
1213.0408976418796 0.5323008776050626
1264.9597847362506 0.2269075264297668
1336.7371220389193 0.15851408679874274
1224.1343036389696 0.42288079128922595
1320.9261223167473 0.18650644691267407
1220.4408069375359 0.49116907212275607
1334.4582297228562 0.160787478939598
1206.975948507279 0.5987602615508416
1238.3874704448456 0.32788837777425317
1229.7418478255856 0.3964531496233514
1256.1069050694332 0.25536748621076705
1246.6725367710617 0.28851369439087315
1211.0450193909874 0.5336585712329655
1207.4558467752245 0.5935704008811462
1239.311659058375 0.327643862439444
1285.6163655475455 0.20009171068285284
1238.373114994966 0.32804287711802116
1246.0390752844412 0.32587489974777006
1204.4663724102875 0.612425749044847

1317.2813089925648 0.21244651319718857
1316.9501940878974 0.2124999276750329
1314.5766211152709 0.2128836132487096
1313.6862409194528 0.2130278998731308
1313.615006124844 0.2130394519630678
1306.0680878685134 0.21427046843477615
1303.9037758888467 0.21462612975756518
1295.9606502747179 0.23614211564666124
1282.2933393130643 0.23865903406675898
1277.4087052563546 0.23957163317536612
1258.5785604933146 0.31450839621858656
1258.3326190187558 0.31456986697564876
1237.3112748116596 0.3805391392186779
1234.2659117261533 0.382929106280249
1230.3847868851828 0.38413701756341545
1226.637825561424 0.39865991148016117
1225.0312617248883 0.40064471603161045
1224.967713641731 0.4006655004191885
1224.3320351064601 0.40087352769539863
1223.4520429707986 0.40116186392712394
1220.8911064010842 0.407937466992357
1204.3031709968532 0.6855482760267622
1176.6331713281218 1.030897298844242
1176.506763488018 1.0778451027947697
1176.0040351452562 1.078305869310945
1278.9853722658772 0.23927630165818392
1264.2956475426877 0.3079096157329143
1239.8910054180574 0.34159131230108475
1217.2907804796293 0.4472846391581399
1253.0014246461146 0.3251226727566274
1191.08115749769 0.8447799616236272
1208.5118777946368 0.5468638969914211
1204.7793375691526 0.6781799732197
1195.2040497948797 0.7909592986582744
1235.3304261179549 0.38114933260571654
1200.6564452719626 0.7289156508897554
1212.6347700918268 0.4970758504586286
1268.7961550804157 0.2488769340904615
1227.8073552769793 0.38494340374989144
1188.251897854499 0.9719049510678848
1218.5088253661454 0.4468375248195301
1215.8007960826299 0.44783279403310833
1180.7560636253118 0.978074928613766
1210.3062969089483 0.5264825064857158
1219.43593483398 0.4101843216123325
1187.7125794514088 0.9723462752023884
1218.9437821844176 0.4307575119442634
1247.009669359241 0.32668485430280014
1243.7331396173238 0.32779161835536164
1208.5443650736693 0.5464728579529472

1244.5927836812969 0.2174071449058084
1241.2037872792107 0.21800075575313646
1240.0522412335376 0.21820319715027592
1212.99847863204 0.3118558403132291
1212.9284891955283 0.31187383528550555
1212.4291795116467 0.31200227299447764
1189.5303910613695 1.0709801002318473
1188.1610967884683 1.072214349460847
1384.4098041336456 0.15476819194370867
1263.4848089132774 0.17051023170303994
1251.4887644279563 0.1919230970908789
1250.2783344553195 0.21281144899639093
1249.3363804168093 0.21658167320817942
1244.7924705127682 0.21737226893657347
1243.6928042696354 0.21756446828477433
1243.4536452229563 0.21760631344002085
1242.9345738907646 0.21769718966261806
1242.4369544617903 0.21778438149220763
1241.674310065191 0.21791814606868753
1241.661367891374 0.2179204174887359
1240.9995120733934 0.21803663985205554
1240.843754578481 0.21806400900364872
1240.7665138485195 0.21807758401800134
1240.4917011200614 0.2181258959057999
1240.4764985144784 0.21812856913819637
1240.2852135398605 0.2181622103663232
1240.0407586300428 0.21820521768127601
1239.858710345691 0.21823725672345398
1238.4440837784127 0.21848654066398443
1237.5642533261114 0.2186418708711858
1233.9980716791683 0.21927373298268257
1230.3089266052345 0.21993123663431272
1228.1466204361395 0.22031845316191445
1220.0510429413373 0.272869798868283
1218.4459440648072 0.2732292592200007
1215.5136166423722 0.31121054891790717
1215.0029676898196 0.31134134640981
1214.6353285806679 0.3114355814880618
1213.496811271169 0.3117277740979019
1213.4267842035572 0.31174576396115317
1213.3712367256417 0.31176003551334985
1212.5527112357165 0.31197048701244184
1212.4437528111964 0.31199852279775797
1212.0154472396787 0.31210877775030327
1211.7044620068739 0.3724960023431232
1211.6416489787223 0.3725153130047378
1208.8250257317202 0.4439462100832463
1205.6140947121576 0.5952955490458953
1203.5133927843565 0.6168867868077481
1199.4156761654353 0.8895186794551091
1198.9967809269442 0.8898294518819413
1198.9497171268538 0.8898643814163828
1192.1517648362371 0.8949386142350697
1189.7748143225854 1.0707600817496565
1185.0817191114297 1.0750004467227352
1181.1996483737246 1.0785334885611644
1178.6779744599987 1.166138606265141
1177.279900907861 1.1967397393708852
1208.7867669568357 0.4439602612282263
1221.7483185086205 0.23548473348740878

1229.4243599402464 0.3977563345013776
1229.37734450586 0.39777154601225345
1212.3119554917375 0.47484107484736077
1473.1013714412343 0.23032474617184306
1332.850918738586 0.23269291598568365
1266.9860159315506 0.3038402666981793
1266.6740415766685 0.3039151007660445
1262.6231155272442 0.32146910556186525
1257.1595471322235 0.32286619827705
1253.916426544849 0.33634220885525845
1229.317640869831 0.397790864377838
1228.0605578735301 0.3981980561311169
1227.5614661516904 0.39835995218190345
1227.515744677291 0.3983747899584733
1226.9810108120755 0.4031668946090588
1226.6221245295246 0.40328485356737237
1219.6986887459059 0.45761538176495403
1219.277008573704 0.4577736454996328
1219.2208130986342 0.4577947448831136
1219.0101853578294 0.45787384534841347
1218.5043900191854 0.4580639065895228
1216.1605131368326 0.46265894359175214
1215.794583334536 0.46279819466103633
1215.6828425124697 0.46284073326478536
1213.2535188743448 0.4744725673906101
1213.1499034405015 0.47451309221015425
1213.0061777019698 0.47456931595070445
1212.9864750683814 0.4745770244169871
1212.978144092662 0.47458028390660506
1212.7902715551704 0.47465380082397496
1212.478690020786 0.4747757768725269
1212.407459547878 0.4748036705503871
1212.219265958549 0.4748773824682692
1211.871840028212 0.4750135228677327
1211.760099206146 0.4750573255986301
1211.6823781861306 0.4750877972309457
1192.1601837887692 1.2311701793456344
1300.9346045821612 0.252823970977173
1211.198418884026 1.199728447485568
1211.2573708633843 0.49902600932260344
1275.443265553673 0.2717784105537785
1239.120024285095 0.34035849018525133
1209.4924222283041 1.2014206719936091
1220.07604476364 0.43000637733945724
1263.7816581890934 0.3211744061801749
1246.219453083584 0.33681600717773985
1197.0485671401675 1.2015457901423436
1235.1477233408427 0.35126421644974065
1275.2931208091625 0.27181040798193856
1233.168300197622 0.3670464137533106
1253.5804466852042 0.3364323540138102
1268.2571966931516 0.30353572602406875
1261.4154915338538 0.32177686601638306
1222.4813029152376 0.41433268276249896
1231.1131329377968 0.38074831647690005
1254.2665176508876 0.3258495241657262
1229.5211951311508 0.3827692647572791
1258.3180897940724 0.32256893300858824
1220.5161602271655 0.42093574672815853
1223.7352103224675 0.40552584105258105
1211.3947955194287 0.4971976584441759
1213.6661078940915 0.4636098302375849
1219.8865829215588 0.44330420078791494
1219.884954726828 0.45754550781689096
1219.9643039415741 0.4423840522792656
1214.93914648759 0.4631240501819137
1253.9313659290206 0.33633820166187633
1227.9422478714605 0.3982364217895399
1216.8413003725275 0.45868995481809904
1217.4481503651014 0.4584613159265031

1225.2141355646463 0.40058491633172727
1310.2902608792347 0.103235239220304
1292.4885008787087 0.1127886643951478
1240.1886775020566 0.366568284123299
1234.8281092987554 0.36960999437187897
1228.5707079857384 0.39803270888517
1227.158444608754 0.3984907809622274
1226.318400996671 0.4002242008149935
1226.2234503256327 0.4002551915421917
1225.836719722317 0.4003814652368975
1224.9784969787797 0.400661973409412
1224.689657088206 0.40075646850038205
1223.494884326618 0.4011478170206973
1223.0277706207844 0.4013010282951236
1216.603593005782 0.49754842786883113
1216.532362532874 0.49757756035301587
1216.4378460669495 0.49761622182074305
1215.0506322087888 0.5204823283588303
1214.2653381094808 0.6031166703916765
1214.1876170894654 0.60405142636106
1214.1279134534363 0.6049526872866878
1240.5026435317952 0.3469194534145255
1251.9994354322139 0.3368571971267643
1216.3196146977762 0.4976645922050712
1228.9652823146762 0.3845807113438492
1232.071436909272 0.38361115137537016
1233.2308320493662 0.3700887122402735
1239.3793050928452 0.3668076702854224
1219.6520626416454 0.4671599214249512
1308.3537128899598 0.10639037915451864
1221.9722774564348 0.43767177159391957
1221.5321619929093 0.44673761959011093
1222.362691561851 0.4163484600114389
1276.7811068671178 0.12773522687241118
1222.8028070253768 0.4072997073259242
1218.3891758911213 0.48819171193458416
1231.7744125880863 0.38370365357437036
1267.3409300535595 0.14698597410055678
1237.9455678178056 0.3672324917342246
1245.7461211245322 0.33998580326201666
1219.9547534491264 0.45988364538571314
1220.5667647910163 0.4519589222309375
1222.2509507397854 0.42870172955588853
1228.0289998582748 0.39820828906562533
1220.092178105171 0.45807273662631026
1236.5701748194351 0.36764095136570424
1262.3883675893965 0.17903527727420354
1234.7186513191436 0.3696427603491201
1226.3958090675358 0.4001989393267615
1223.8191018386856 0.40104154384109875
1222.6653823693323 0.40910089456387533
1222.17322971977 0.42961928640351754
1221.186193938495 0.4517296725626375
1225.3090862356848 0.40055387452599767
1228.6484290057538 0.3980075303984657
1273.2714574986028 0.1426752259176328
1253.026030131824 0.20985327269927376
1239.0490923158663 0.3669054263631866
1259.7457732826429 0.1924210493971107
1214.9729111887734 0.5205156232719
1251.108448942079 0.33894203752083224
1214.878394722849 0.5205561189275837
1216.3973357177915 0.49763279420733153
1262.6857430032792 0.17899311263428894
1232.1626359679935 0.37040955244483365
1214.6076075020562 0.5562422008879752
1215.1623730308547 0.5204344671638721
1214.5479038660271 0.5571407999955436
1265.3202386245687 0.16441483459931522
1256.328204250915 0.19294448922537136
1219.8965299721442 0.46706630255146414
1276.4637518028494 0.14231841099796846
1219.343035431485 0.4746319942749781
1216.949192003383 0.49740713007344306
1235.5019787380625 0.3679588080995332
1216.8117673473384 0.4974633063906013
1263.6169722450459 0.16463645417725603
1215.4650638383357 0.5203048618516394
1257.7099095557264 0.19273252268024726
1228.7386431232335 0.39797830864467276

1366.2904542111492 0.23460209973904714
1218.0144611080705 0.44701888596793266
1380.9899201211474 0.23210495945056073
1377.2647581848812 0.2327327461960107
1369.603902457922 0.23403453278434252
1368.2653023498153 0.2342634932427769
1367.302336310533 0.2344284807384065
1357.434704291895 0.23613261720648193
1343.0686729717168 0.2386583916830752
1339.0364938031578 0.2463912331517393
1234.5134360814234 0.36970420668475285
1223.1666744813342 0.40125545620487973
1219.9534297099456 0.40231232605354933
1218.9120787466447 0.4307687157826807
1217.236774362863 0.4473044841931889
1214.1604851433895 0.4985495842158883
1213.6252280021063 0.49876946447140563
1212.6701767498332 0.523456909953004
1207.1162131530903 0.5595417842119239
1195.6910188720092 0.963580224594618
1191.0849232659823 1.018389146196775
1310.3596771582845 0.2470675443353716
1356.4055066874469 0.2363117871691242
1206.6134848103286 0.5840189240012424
1363.4259809817272 0.23509498416668934
1204.978542690701 0.9561533087035189
1266.5137459823604 0.2828730725475723
1360.741555687746 0.23555877166501865
1207.038492133075 0.5595778130200303
1269.7451894802903 0.28177809205944376
1237.0337868257309 0.3689509659225239
1352.3018399219943 0.23702889395598367
1204.7023091849983 0.9563725509000671
1280.9092122965908 0.26802595109454896
1214.9534710677785 0.47841421703234527
1215.7062796167054 0.44786761130248226
1293.7963094440067 0.25161481779041595
1237.8374000827 0.3687114402082685
1238.3579442377518 0.3410330472312151
1227.41522849878 0.3744479883440569
1237.9925927632146 0.34713813848176456
1290.4244509025687 0.2522722833025779
1212.9956506964995 0.4990283392129437
1253.1836062565815 0.312590020068496
1254.432296989193 0.3122788607798654
1219.0387275605747 0.4174837211493966
1212.8978486344229 0.5233586523616292
1200.9713238970933 0.9593436559099567
1232.3404676375903 0.37035610086154497
1293.0245726141998 0.25176499314355827
1257.287891542365 0.2910935550627748
1242.7631401559831 0.3365421426441377
1244.8419709168365 0.3342607291153277
1225.1691105268344 0.38755244377322584
1262.334220062758 0.28968615254271785
1218.8492657184931 0.43079091531812147
1226.2558333586855 0.38543045393303693
1218.8421361326205 0.44671533035851485
1214.7192438354305 0.4983202563979521
1208.5714139173188 0.53220065806918
1212.1774089997784 0.525269957477904
1359.3223142162744 0.2358047139071341
1223.8495281925977 0.40103157347164947
1207.6676283159404 0.5421751735305934
1220.3187811844825 0.4021918776888971
1247.8313113782172 0.313930805436025
1209.0344228979907 0.5291484961814193
1246.2565577433036 0.317990358244606
1217.3312908287874 0.44726975442048317
1261.8989185990135 0.2900298880458471
1218.9269867385085 0.429870781625317
1234.418919615499 0.36973251404013924
1208.3361393152813 0.5418752155509536
1236.4735268278394 0.369118141735758
1209.7369536993822 0.5290955222986038
1243.5667534129523 0.3346034973112924
1223.1316851389513 0.4012669346619508
1214.29872491053 0.49849282768883607
1217.1962640137049 0.44731937124252547
1233.61530635853 0.3699733686633622
1199.7070973448747 0.9603545924337031
1222.4449901748699 0.4014923419281259
1207.7453493359558 0.5421402833879513
1247.8295353512437 0.3139511783527474
1212.5427604743156 0.5251116882937149
1213.2796290045053 0.4989115374303794
1242.9005648120276 0.33650493195367154
1236.9392703598064 0.3689791580433774
1237.7428836167755 0.36873959573453785
1233.7527310145745 0.3699321582476476