1280.7196540715113 0.15790766181751348
1269.420427717739 0.228407565988893
1258.796612258258 0.24829160506707929
1244.175114043573 0.2567702559836508
1239.966170734256 0.3006705758466677
1233.193372954354 0.30232188297597673
1221.3609020184163 0.30525075918914146
1218.670189115035 0.30592472509382446
1218.56172252139 0.3059519560598309
1214.3604592097788 0.3204992401641513
1211.2711941266446 0.33955591062038265
1210.1200387989445 0.44455396812314507
1208.2820655798805 0.44523019953559007
1208.1901622111386 0.4452640668492653
1206.372658041174 0.4459348954633256
1203.9552186133135 0.4537463944401654
1203.8605879432878 0.4537820616309993
1203.7191384274142 0.45383538574198223
1203.5062420771824 0.45391566774954695
1199.7848830479777 0.4639510859348291
1197.945185169933 0.46931877787465975
1196.9659362641846 0.498977830422548
1196.509386040844 0.49916822461634136
1192.5751306614077 0.503633465217734
1192.3777449676895 0.5037168364826969
1191.1050498000166 0.6395139558064097
1191.084942111835 0.6395247519694341
1190.9983172199854 0.6395712665292563
1190.8875564181171 0.6396307510926401
1190.8674487299356 0.6396415511994933

1225.47312107231 0.40670212841256537
1531.7891193688858 0.21233808029739085
1292.0122789012087 0.25194999889687486
1246.0721126321828 0.3685980251329272
1230.5765536249824 0.37323945311362433
1218.3053591326427 0.4899147281603382
1209.5352346107832 1.0010106811059507
1209.3838224107262 1.00113600544608
1201.6743911100566 1.1969204612195685
1201.3732314092927 1.197220504701906
1201.3108208077513 1.1972827028029984
1201.0325489579839 1.1975601058364906
1200.3544434605176 1.1982366327538008
1200.1222475579261 1.1984684638335317
1198.2084963413763 1.2003826302642164
1197.1339634917206 1.201460079077558
1196.9756282206652 1.2016190075492812
1192.2940549064115 1.2310319432056165
1191.3435044571565 1.2320141603094856
1190.4353570269345 1.2329540269616963
1190.2214457739185 1.2331756182813243
1190.1719315819028 1.2332269215365368
1210.427109100019 0.5680060080133482
1209.7088284055212 1.0008670355950424
1202.5084342082243 1.0068600390454585
1437.6924298700887 0.2358209259700413
1202.410660872099 1.196187553260713
1265.3155955121397 0.3183120192784533
1292.6539553582716 0.2518249303261417
1202.421739579479 1.196176531993018
1202.4433115361828 1.196155072462984
1212.1044092608454 0.5361955461265298
1228.5922962829354 0.3962721242453742
1248.020493367329 0.3680225784195129
1195.3593055879808 1.2032437943298637
1234.1797087942784 0.3721497903560139
1224.3137259322157 0.4070872653763681
1253.6167241619805 0.34667717337093934
1270.483899613233 0.3170171320979349
1199.6295798240478 1.1989606547165608

1197.766124094719 0.40046054695757743
1277.2369042292853 0.11413548361896281
1260.8366577996728 0.14837922235521248
1213.6650387003137 0.34541691874425307
1181.6716885992307 1.0265016668805755
1181.3381277504566 1.0267915083402133
1180.181500049658 1.0277978073725578
1179.969611127887 1.0279823705741429
1179.8597184632144 1.0280781173143452
1179.5169330649749 1.0283768923102659
1177.009616304543 1.0611869942952938
1175.9917473043845 1.1911798457545641
1174.550527329457 1.2157083173727568
1183.411961143888 0.9618970623757185
1212.6028216993968 0.34571949739319624
1176.7990231766548 1.1903627047389158
1237.6236280007813 0.23875502775546145
1182.6259873915894 0.9625363395871959
1230.5522886543831 0.2923564486815546
1184.1517762691199 0.5560319407869704
1176.013049424356 1.1911582689055704
1175.9917473043843 1.1911798457545644
1248.8782617818176 0.19493050001871856
1179.1026203217473 1.0287382430900722
1194.7676311135347 0.424435617520894
1198.8905234107247 0.3779605439985197
1198.6337651541262 0.4001706702468472
1190.6197909074435 0.46124163652039224
1234.1840466776048 0.25353900687230996
1177.7341036991777 1.0299336278390745
1250.6796516705515 0.19464973601070856
1188.9189593834426 0.4780389937367617
1184.7960670862526 0.5252534703219736
1181.9347170163828 0.9770995690488635
1217.2353327937108 0.3203471414879328
1181.833555397074 1.0263610747159346
1219.3423533775403 0.31083302472058033
1207.4220095169098 0.3472029122802037
1186.496898610254 0.5083300634167922
1194.8688670751503 0.4232982243840142
1182.6046852716179 0.9625536776417785
1181.8569959963677 0.9771638248559705
1177.811824719193 1.0298656649519444
1180.2262164250094 1.027758866200179
1181.934717016383 0.9770995690488634
1180.1815000496583 1.0277978073725575
1181.7738517610449 1.0264129268430975
1255.9216999377234 0.1830727744162287
1180.2028021696296 1.027779256092931
1181.5650032015262 1.0265943513611406

1208.6258754152063 0.343961873372061
1199.8730523816819 0.3943659372955281
1187.6074737596016 0.8148599890849936
1258.0793075908318 0.1796531688954187
1251.2989886725418 0.1900161524110301
1245.8685146077396 0.20582033108643902
1239.8879776539325 0.23303688602511588
1236.86482037185 0.23360647709713683
1209.7432905120927 0.3402183598556909
1207.901112109029 0.34724579804092914
1206.5000458775166 0.36284114567558223
1203.7164324455923 0.3931067551987883
1201.2699826948872 0.39390733786306087
1199.7935372518116 0.39439207350792366
1197.8678047138283 0.39636533979137695
1182.0207755035917 1.0149156091960874
1170.7741156343811 1.0722305884750787
1186.337521876412 0.9859127574872286
1188.4432373844904 0.5431103605541302
1188.0244326204263 0.5549239947077902
1194.5250983493563 0.44205071038063953
1212.3188334508664 0.31187737871245336
1236.949552828532 0.2335904747867306
1196.1317556942538 0.4179733772739217
1192.776461100482 0.5083100452792284
1231.7371485593906 0.2557718947068913
1186.8996301217917 0.9854458353683366
1219.5753994255485 0.3017344970064243
1210.914177408687 0.33502338377794066
1188.653568803292 0.5115831823121584
1202.4955949919183 0.39350585807453914
1223.6982917227385 0.2699697887692753
1175.5886483173847 1.0318132620528786
1222.3178354741058 0.2883700325622397
1181.2396326776325 1.0252407178488796
1244.7442294254322 0.21196152436991644
1174.4596096745101 1.0328051710427595
1172.0371381936875 1.0580561781942988
1173.0903376983933 1.0495916888808674
1189.2156770486718 0.5113413715704022
1233.7563272120867 0.23428351791258314
1225.3277382021615 0.2608346966074449
1177.352820566342 1.0286253600474742
1206.0387124341357 0.3686420105728333
1199.0292632353683 0.3946434632140097
1204.2593264179977 0.3817236940384445
1179.8248354157113 1.0264701442153041
1172.5282294530136 1.050094861536145
1176.7907123209623 1.0291166953293007
1208.1959411536766 0.3440842715601243
1180.6775244322528 1.0257288242531062
1197.5729756691808 0.3964629204957151
1184.8674206893902 0.9866250104835891
1183.2660282136383 0.9908737268145259
1202.9658779710471 0.39335202236678646
1231.8552802219622 0.24108020439907882
1221.2048459049715 0.2951474818189181
1205.1031155643113 0.3751506153756731
1179.138646233924 1.0270674893287375
1203.9644973733502 0.3818171712400382

1214.7177516925028 0.3672051265932665
1212.108837854337 0.3766699535815445
1212.007122772297 0.3767015647944745
1210.013380448323 0.3773222569829854
1275.0933515775798 0.218181764183901
1273.3022479527183 0.21848867179310127
1238.284473921113 0.24197183813000994
1225.3522679736814 0.3140547530568539
1224.5869727851384 0.3142510188973329
1223.699545871569 0.3144789137369829
1222.1624937967679 0.3148744179921814
1220.4969283675111 0.3153041150548906
1220.3368961161448 0.3170502542578762
1215.3996179957273 0.34832410871643316
1215.2967328435382 0.3483535972997297
1215.1382837189756 0.348399021201906
1214.8194667745427 0.36717438103757
1214.8134000554066 0.3671762146886012
1214.7502389715353 0.3671953060597715
1214.6288991528738 0.36723198838462134
1214.5939244628828 0.36724256296818364
1214.0608867607086 0.3674038021070438
1213.8902329760624 0.36745545327583956
1213.798232618187 0.36748330471959373
1213.5402030274938 0.3675614410404728
1213.408547034949 0.3676013218097814
1212.5536166442996 0.37653178665525805
1212.5107555766363 0.3765450966851369
1212.47689039882 0.3765556138065403
1212.3959708230325 0.3765807464540111
1212.371439055195 0.37658836638891424
1212.3634835439998 0.3765908375561883
1212.1352584142337 0.3766617434160528
1212.102771135201 0.37667183885964944
1212.0396100513296 0.37669146775742546
1211.9635997741611 0.37671509257823405
1211.9157828217094 0.37672995612562327
1211.8857829536353 0.3767392819623831
1211.883295542677 0.37674005522613035
1211.5144011120803 0.3768547689332295
1211.4819138330479 0.37686487472671537
1211.3503049608553 0.3769058197456159
1211.3502578405028 0.37690583440688746
1211.0876036979812 0.3769875757098661
1210.8295741072882 0.37706791232530473
1198.7727997090792 0.48065329038877325
1196.4307250278687 0.48159419392653036
1191.3474278460494 0.5091002722870245
1190.7182916631837 0.5184913543583807
1188.8805928511267 1.250755676052153
1186.5121133393538 1.2532523966162825
1185.882977156488 1.2539172737113775
1190.6350056365438 1.2489126748476607
1190.673310350818 1.2488724965361562
1246.3943886611603 0.22320552746165356
1234.9945525217256 0.250296271577162
1205.1405637005287 0.4072901650459821
1189.7232158902818 1.2498698266924706
1202.0860644943468 0.44069089120571764
1227.1672072955832 0.302799009831589
1193.2898587119787 0.499224691383508
1200.628492810598 0.4570079872686163
1194.7560219635782 0.482269249969343
1218.840560449131 0.32964179352194745
1199.2680928535087 0.4804547824146216
1216.9139202226131 0.3301636883981477
1190.6350056365436 1.2489126748476609
1196.2135936473271 0.48168161076641863
1234.9192830256027 0.2962677987780635
1215.7459315056187 0.3434215943034609

1232.4933481420144 0.3777863247210392
1219.5846103917077 0.4449748609864655
1195.9221090025053 1.2150533782645065
1446.2529944114103 0.2089641643170925
1366.9062473741358 0.23600253889822387
1277.8501198540835 0.3486059069565647
1235.6572972800973 0.3761861762485467
1223.9078838418338 0.39954912735877907
1217.677493159879 0.4664990855419859
1217.3336468226087 0.47223604766816535
1216.5206681582904 0.47255163444060994
1216.1634907738514 0.49569434091537656
1215.6970472239545 0.5059629200890343
1215.444823189112 0.5060679154016564
1214.9700108430413 0.5062656876034708
1214.6826353224228 0.5063854624000437
1214.566210495864 0.5064340030552359
1196.0403403716787 1.2149332674123203
1196.0172555004167 1.2149567173901037
1195.8540743907568 1.2151225051643635
1195.809556427662 1.2151677421158074
1195.626608285969 1.215353680333245
1195.4264655210911 1.215557159386873
1195.2344772484928 1.2157524120537913
1194.775721147087 1.21621922254128
1194.6250466312868 1.2163726206664744
1194.6125400374272 1.216385355070173
1194.1849311677615 1.2168209133770853
1190.8401394847745 1.232534929431399
1189.5161934267544 1.2339067558682393
1379.2657804120433 0.22738631052700142
1208.537415255868 0.5537438202030257
1309.7908822028082 0.27068145076988304
1208.1316951579959 1.0437319116835746
1208.5285900493966 1.0433891379443765
1296.755703931283 0.31194934116840484
1208.9574056684585 0.5415967534335424
1291.5308223914553 0.3430866045916548
1262.4760130734019 0.35285113964409853
1199.9093920835555 1.0980474406010239
1373.6250261541838 0.23484818540276792
1196.532769585541 1.2144332655327443
1221.3511574571294 0.40794166546468663
1196.6551420124376 1.101033531443919
1213.9715655674588 0.5269964839818907
1247.360562753303 0.3732835125153687
1209.7834702498212 0.5316674575472374
1361.044504931964 0.2471194610872791
1198.8116310015864 1.0990529311345454
1224.6076958447595 0.39932080176844276
1212.926456351609 0.5302897784463378
1206.2982318485963 1.0799625418438603
1207.1007897151449 1.0446232945057878
1199.1686990602552 1.0987256738463906
1220.1827871725297 0.4447567185633058
1214.2854280490176 0.5065511071357588
1252.0403057237797 0.3557921401969344
1218.2081713553414 0.44547763283060937
1221.3421823126241 0.4443345201118855
1269.8498276217606 0.35080218959479587
1227.8775117017096 0.3800153312839027
1226.9973556683356 0.38373788279757803
1217.4284141508053 0.46873652211830336
1201.1509264368851 1.0969124761356208
1262.6748439865287 0.3527955768722357
1215.6618670853838 0.5059775621915155
1220.0882707066053 0.44479117249114364
1201.5554569935452 1.0965431759822273
1191.370796560169 1.2196951636553897
1216.2179773508094 0.47266924249974823
1217.6146801317273 0.46652315080718926
1317.9247577919837 0.24825960960814059
1248.345758641238 0.36962543385950025
1202.242562887674 1.0836057089509992
1222.7275964934956 0.3999348083407194
1261.0613238441454 0.3532469766247013
1270.3938817352894 0.350651956366324
1267.5573657991072 0.3514366386924446
1217.8256214242106 0.46510393566027247
1196.5902030157545 1.2143749756787667

1232.8010361265071 0.3702177376182184
1224.5220879029923 0.39851312465907934
1207.732070852861 0.47857854497818714
1199.6871686587929 0.597765376026806
1197.5612474199854 0.6216926726332287
1580.6189284925754 0.22136768146797908
1321.0048410223064 0.22433877017906345
1241.7185138743505 0.34059332570800976
1237.7682291315798 0.36873204513284796
1232.164911241148 0.3707436764945024
1224.427571437068 0.3985438868315801
1223.469803000622 0.4376857010227412
1223.112417842856 0.43781358981777757
1222.0158357309135 0.4382064640645114
1207.3502830664204 0.4787298808795306
1199.597326752618 0.5978101447001182
1198.8978036204696 0.5981589500975324
1195.92035025893 0.6362338150543626
1195.914097409159 0.6362371416097342
1195.8711115995545 0.6362600112721646
1195.629402678201 0.6363886378521739
1189.8776758898284 0.6974763912001063
1189.325819604237 0.6978000255853948
1189.0602469039673 0.8850721443141103
1188.7246547446457 0.885322011489726
1167.2710370451885 1.2120709001880294
1285.189111570878 0.26798750395646287
1195.045423180578 0.6366996201042433
1195.0129359015452 0.6367169292375563
1203.5763208570272 0.5165839190057009
1178.370058314423 0.937489895657374
1179.5480952451578 0.9365536068161415
1185.7932332032833 0.8875106325265593
1169.2976450907172 1.2099701582183646
1275.684781784829 0.27401107286749565
1205.108909540846 0.502736076957885
1224.0387702622363 0.437482252536624
1207.3119875146203 0.4787450660389103
1207.7645581318936 0.47856567184440857
1185.8775556913706 0.8874475255857293
1235.4249395549311 0.3694314368403259
1220.8645949226895 0.4701068802865385
1221.2808047400733 0.44939039316459783
1228.4331722561271 0.38474729693389326
1204.4344965550363 0.5162158460498523
1229.9312487430643 0.3710815632943521
1179.7651701129776 0.8920454079392585
1208.5415516029022 0.47825799321972357
1238.4723432664698 0.368522408279529
1256.5792466729229 0.3117453114608217
1193.7132037288432 0.6559646334931442
1197.5937346990181 0.6216758078962622
1187.6050294756924 0.8861566567384599
1289.705445216365 0.2672132209241734
1216.6212267805793 0.4717309660073117
1212.279322682417 0.473420519376914
1187.4445159531356 0.8862764434944719
1226.0759149999517 0.3930947949174966
1196.578011864397 0.6225992057336824
1221.28458533528 0.4458219435790932
1200.9391601801344 0.5937475640005374
1195.9035988785872 0.6362427269722069
1222.1974900332605 0.43814133376424264
1201.973696271138 0.5671022964579682
1196.059536329966 0.6246595206929176
1221.2032762695324 0.46997650360440096
1201.8519736373116 0.5757518563873638
1221.222198374033 0.44941195937745565
1225.8398348140522 0.3980847330991689
1228.7718536029697 0.38464125061427945
1221.953022702762 0.43822898954172046
1197.5956162784378 0.6071840339676682
1199.2336604554446 0.5979914299732928
1197.6281035574705 0.6071675632810859
1208.2505536142746 0.4783731780327209
1191.6441621598005 0.6796753681145131
1204.7412312875174 0.5032190202609875
1196.0920236089987 0.6246425541989117
1199.7541852844704 0.5956393771725133
1235.7461687371404 0.36933540404545195
1183.2309890864856 0.8894325048555981
1198.6268226562302 0.5982941795834759
1197.8823934871232 0.6042789945023371
1191.092305874209 0.6799902749627951
1198.2329031168833 0.6037848999313162
1225.764255742392 0.39810927849966404
1202.2154051924913 0.5669882788835953
1198.5142635764566 0.6005913065902082
1270.3250522249573 0.30837200915083934
1202.403829922903 0.5554598518019859