1316.9512416582413 0.1609632174516502
1370.5122986748152 0.1159702507686676
1365.9148942285085 0.11636058412602096
1362.7742871228838 0.11662874509792508
1346.030923791307 0.11807949739459607
1343.7411867180174 0.11828070504191107
1330.1633464799556 0.13791729594617394
1325.6932847910214 0.1383823347510945
1319.5640792844663 0.14790878804655425
1316.1466215283729 0.16106162156773537
1315.6801537793344 0.1611187251516523
1310.4826689248882 0.1669631644336107
1310.2485181325824 0.16699300194664504
1291.6318167516936 0.25126227267725865
1240.6704721079943 0.3821293396598188
1218.4888384164267 0.46167239860179643
1205.2924551505669 0.5824439234381267
1203.3554414934947 0.6213188168860062
1203.2708411263332 0.6213625009829165
1202.8571088543654 0.6215762235584034
1270.2562834849743 0.29933224772464984
1248.9165562169408 0.36665983080235814
1292.1487715092132 0.24450317679549802
1218.1976968782697 0.46178273538259806
1208.3445928660901 0.5428604571806456
1309.543722813406 0.16708287743843417
1205.00131361241 0.582584648280369
1229.6913397719252 0.39092200537771216
1329.6860746466077 0.13796679939058965
1234.4550120306212 0.38405335441280813

1334.290029473563 0.17534505965886105
1331.7855975382536 0.18167117352378556
1317.4553880091737 0.18434237496389444
1300.4674782287896 0.2110724873824497
1296.7549678849748 0.22205141213126509
1277.2302121836055 0.23744605025768112
1275.6518962215594 0.24311750016598796
1262.2471334964698 0.25117213611896155
1259.3457376510098 0.26040414094012204
1257.734245085664 0.26073778800328334
1256.47613763955 0.26099886431244945
1251.677534830199 0.2852035858152523
1249.8876397634178 0.2872619761754695
1248.276147198072 0.28763282403629936
1248.2290268757097 0.28764368210088426
1243.3294838899596 0.2887771890298951
1239.8287557368506 0.2895925681142525
1235.4585832402565 0.30287821630489914
1231.5632463917036 0.308234408691475
1231.0132464781564 0.3146145438278487
1229.2221428532953 0.3150729697138127
1227.9791233834076 0.3153919017121927
1222.9504869377984 0.33023512557957646
1217.3179168721717 0.33176313437430227
1216.9165351625427 0.3318725614797933
1216.264195436783 0.3320505603525343
1215.201472858387 0.34872844772256467
1212.9188545004852 0.3677497337355103
1210.0261758398603 0.3750635466932902
1204.6296818100927 0.3908170292071989
1199.044176971771 0.4146275414025695
1198.5573132122179 0.4728068238645539
1197.979982717093 0.4798055524219581
1196.429765106863 0.4894743348514748
1195.1164573019178 0.5067412526678932
1194.1195474910785 0.5124545345546782
1192.9036639559097 0.5129768609167428
1190.7127297580737 0.5139207481526753
1189.729599218301 0.523041389250805
1183.402406801873 0.5919561466458355

1253.1903878618714 0.2768859413059202
1226.192941676853 0.33387358393867334
1225.0302055378816 0.33419047970184595
1224.821987268147 0.3342472916828265
1224.8170425468566 0.33424864107595387
1223.9822672048094 0.33447660395675616
1352.8188044456492 0.12686503028575433
1300.7792436912712 0.20008902601553952
1284.274869873975 0.20535309118765116
1282.3367816500815 0.20566345615063597
1273.0430167735165 0.20716488837247093
1264.6465947608824 0.21958753906999648
1263.771127227664 0.22007384262238727
1257.7249385860284 0.26573595023978897
1250.0683147166278 0.2778572670154869
1249.2813538833857 0.27803229787278194
1244.5211412325632 0.2790957533801432
1243.7206228263162 0.27927539282937774
1243.081611266039 0.2794189555712778
1230.4153355490748 0.2947295849788605
1226.289449140459 0.33384730850037975
1225.842007889371 0.33396916519677816
1225.7800316884095 0.3339860508855331
1225.7090416749793 0.3340053945253626
1225.2132506026587 0.3341405521337472
1224.967947896348 0.3342074645634702
1224.8353652225956 0.3342436409513326
1224.1970378143278 0.33441792406954646
1223.0341891436974 0.334735885285914
1222.6596451298715 0.33483842675977876
1222.5766514374013 0.3348611570134484
1222.5180777851165 0.33487720098149354
1221.7939005660487 0.3350756881731742
1219.5057531554162 0.33570438760019666
1203.777039247263 0.34009074661696026
1194.497471986569 0.45861836720707333
1193.7276451270486 1.28717592295054
1189.501931054052 1.291748624574668
1193.8143877057144 0.5122803775910169
1310.9532240464569 0.19739991054734476
1291.0802715196703 0.2042706563495197
1320.5254429247482 0.16551828885575504
1200.9077458260376 0.41550434454037705
1226.4514393559741 0.3220340825856901
1261.1095089722928 0.2261667646577552
1257.7574258650611 0.265729086405963
1250.7281834099767 0.27771067296399354
1283.6151709419457 0.20545862999555256
1259.9541329039073 0.24226533140495896
1262.907273455893 0.22584481340652848

1258.6246872729541 0.3365069825292682
1257.55432478421 0.336793399143009
1256.6282829386619 0.3370415908995891
1226.4491267598885 0.3853697085162541
1226.396918629019 0.38598159284704675
1213.2796290045053 0.4989115374303794
1351.1531952541225 0.21738676771601442
1337.6639329590278 0.22016865885498652
1312.7047635638125 0.22523204461908417
1278.7324396241636 0.26972125327456986
1259.4410982667891 0.3362888476753102
1257.7222545396667 0.3367484308418174
1256.217811461356 0.3371517198584909
1253.3563066857985 0.3379214620709138
1252.529405783979 0.3381445526909345
1251.4895992728013 0.3384255018157308
1249.337394874872 0.3437396392794219
1249.0914075044154 0.3440536389283555
1241.6340694985522 0.3458722630138669
1227.7616447319476 0.38402239313552033
1226.5018493952664 0.38535314294267764
1222.745434592246 0.40139369005068765
1221.94526312789 0.4016565363388503
1220.8986019062436 0.4079349625277079
1218.934482243668 0.4298681382521837
1218.9269867385085 0.429870781625317
1216.6837729793485 0.44750779092259924
1215.2862892041146 0.4722647256616898
1213.4039683683386 0.48786933113100006
1213.1851125385808 0.49895040648246347
1213.1678881824391 0.4989574904974477
1213.113882065673 0.49897970338025416
1213.0901671624238 0.49898945801821043
1213.0733717165147 0.49899636671033637
1210.7094329862355 0.5589071765335143
1204.7281783195992 0.6853064264189828
1204.303170996853 0.6855482760267623
1199.7860069178275 0.8251467135700703
1199.7147764449196 0.8251957048734868
1193.0997154168124 0.8297709468900043
1190.691917577495 0.8314488962096865
1181.932641035519 0.9771012852549626
1181.67322359762 0.9773157921989525
1177.2476404929494 1.0303592178318404
1177.1358996708832 1.0304570257281556
1177.0581786508678 1.0305250666904242
1175.1919513531946 1.0552158170510644
1294.599794261803 0.23115485720272574
1238.8871318875879 0.3466391525096151
1182.2717007549297 0.9638053539203968
1199.7860069178278 0.8251467135700702
1267.000528814532 0.30020743378679193
1260.2630365010998 0.3195156681005293
1181.1810709480578 0.9777230020403732
1212.8501966281037 0.5214266229119604
1215.7062796167052 0.44786761130248237
1211.5544307215723 0.521984292318794
1215.0652118898447 0.478370220712332
1224.619587228121 0.4007793988454206
1211.1344403089818 0.5464907433654321

1169.9785009985785 1.2092660296127056
1359.2213867665102 0.19658913045512844
1339.1455114206317 0.1995363074748871
1326.072854866915 0.25976166750152013
1294.813998374722 0.27283216276801026
1218.6960903395784 0.33138795704101737
1207.9406388227026 0.4307532703303155
1181.621328464454 1.0976354611073234
1174.9948601017772 1.2041033579604135
1174.2913072473482 1.2048247721012593
1173.1480362069678 1.205998913154361
1172.4771019487214 1.2066890298183865
1171.8355574453717 1.2073496555430572
1170.2515032777926 1.2089839258244723
1170.218940473524 1.2090175673128971
1170.1737822577772 1.2090642245504581
1167.8693896213842 1.2114499011687
1167.5963873421704 1.211733157084664
1167.5040859346673 1.2118289551870127
1167.504085934667 1.211828955187013
1167.0936589994085 1.2122551139963764
1243.675047289032 0.31420017381013077
1208.492495108294 0.410629714952361
1184.6936620409197 0.6249597162025106
1182.6398513021823 1.0339574245177026
1222.6728204402566 0.32860858738895915
1293.082331441916 0.27319753349730047
1183.3986431577503 0.8879847471198038
1185.2369007328393 0.6060051715340743
1176.0918766779705 1.202980213273058
1197.7753810616496 0.4999926602403441
1241.6594852135297 0.3257336709889718
1176.1139333339304 1.1027753646679048
1251.3240650936907 0.27892185169341704
1204.6399050062585 0.44974055180035205
1181.466485953061 1.0977793167591026
1194.3676066898834 0.569111585278306
1188.1306498170018 0.5720990718933383
1249.1582072517217 0.28677602400572055
1198.3714165404656 0.48827562115048767
1214.9045242153231 0.3484660565784693
1213.4731847813964 0.3671391856782875
1216.893788453615 0.3323628619641826
1191.7109574078472 0.5703802904748385
1295.8869112837933 0.27260627488620914
1215.5568639410828 0.3482790490771929
1178.527969688308 1.1005164960712397
1181.7075655343058 1.097555359338754
1179.0306980310697 1.1000472454951726
1198.1244423619708 0.4998469924933524
1198.327237347241 0.4904565445751033
1176.1458560318997 1.1027454333760385
1176.524360269189 1.1023906648448636
1209.7979203971784 0.3773894565304609
1171.049085663136 1.2081605066397378
1173.667264200244 1.2054653817058227
1181.8641206802065 1.0346360748142833
1173.39426192103 1.2057458456618853
1187.486117768404 0.5728530771086131
1169.9007799785632 1.2093463658180488
1175.3459840164944 1.2037436430419803
1202.3338728334318 0.47814971197967454
1174.68529336758 1.2044206772852268
1176.3869356131445 1.1025194453110152
1204.6364004700931 0.45750810635641503
1206.766760791263 0.4363261734647346
1197.8827684270686 0.49994783707740426
1216.0060626031634 0.34334812868598247
1185.118669363666 0.6060656286199415
1195.3319662884924 0.5581644146421096

1224.033256857661 0.30063559764035813
1223.8343443324172 0.3006844606144867
1215.007127182997 0.3894537326996926
1213.6942737746183 0.3898750049026094
1212.6851858216435 0.3901994239482224
1280.1864445914644 0.14933222641366325
1272.0651727241232 0.17715541918526959
1254.1901052342687 0.2215966669581971
1228.5019733746026 0.2723470709549048
1224.8090153389423 0.2953298284944781
1223.7029299393778 0.30071675134855397
1223.084372502141 0.30086883454676205
1215.4920382582181 0.3892983631684014
1214.3971427961565 0.3896493529691841
1213.9807260208472 0.3897830095615722
1200.4719566421413 0.49645854822477054
1199.9100317114949 0.5052163749963404
1193.5070902955622 0.7846728382722974
1192.9363346019452 0.9729642081879423
1199.6850618910707 0.5053111152250627
1193.483564714847 0.7846883055017906
1235.8115603500894 0.26455068345622845
1248.0643476760117 0.2374766143291357
1217.5654675041767 0.3777886450581498
1279.6486349917834 0.17299498332537672
1228.9319076361323 0.26715359801656774
1265.8809305237007 0.19273426208713704
1198.8931384110722 0.7811476820040167
1199.708587471786 0.5053012063709028
1206.3490616126878 0.4218077312121691
1201.126281865998 0.48375949736839136
1224.8718283670937 0.29418902465108604
1226.2591804286762 0.2818645032857327
1226.4952606145757 0.2727926677378612
1202.8935862916735 0.45944597107225443
1212.661660240928 0.39020699379919077
1208.7566090599855 0.3957230767424388
1217.1476196080612 0.38695019731368313
1226.4841502491004 0.2818128018375931
1277.2011896572396 0.17471181189545415
1228.9947206642837 0.266018061279395
1265.019332880544 0.19286553232281928
1217.0312965852659 0.3869871817501139
1202.2600100300122 0.48061364195878536
1212.1829615372471 0.39036108900430905
1258.3063525680645 0.20247998378848395
1220.078506267988 0.3179651825015007
1235.748747321938 0.265679881572904
1275.2019546511178 0.17498572142723487
1200.2471701364504 0.5050744643489621
1212.984135752158 0.3901032560864689
1259.0134495392513 0.19378556053070783
1207.8748741666334 0.40842355200373215
1256.8260205558058 0.20949860064238737
1262.150231466246 0.1933039514252061
1218.2754451489568 0.376972279032626
1254.4779767114646 0.20989072542159312
1269.1960713098251 0.18378527059585698
1201.933925579264 0.4834344334788817
1266.0592893828305 0.1842406160287979
1270.7776290257714 0.18355653898605442
1264.5933868253492 0.19293049416235744
1219.076780864785 0.3289086638733782
1248.5392255188694 0.22736599731374277
1263.011829109403 0.19317208391207416
1242.7818099401466 0.2500890456738941
1216.0010030109968 0.3876593368967614
1245.8168156597987 0.2481555879468764
1201.1498074467133 0.48375002251102417
1263.7317891821922 0.193062031930487
1202.1588953996882 0.4833439644417996
1215.5223043073158 0.3878120054421141
1214.7079201256677 0.3895496630080377
1215.1369250332252 0.3894121322378628
1217.4130247198761 0.3864485816007993
1212.8866300613522 0.3901346170451336
1195.9573982234645 0.7830651806088352
1216.3234785222267 0.3875565594324962
1224.5453540830583 0.29919407403205694
1213.4693039541942 0.3899472853546612

1226.9505479511954 0.3852122184375704
1226.9292458312239 0.385218906546864
1223.5437814228565 0.40113178574849234
1223.4840777868274 0.4011513601970453
1212.266168771849 0.7798268906052477
1202.1496373627142 0.7863894207490018
1353.2279549127102 0.21763641007347737
1312.1299667142146 0.22445312704486167
1270.916581567332 0.24220461770839305
1257.6464744579762 0.2554391267764067
1257.1267441334132 0.2764397065856165
1254.8526727785654 0.29433826383910083
1253.5594544899934 0.30011878468613135
1233.1761845614049 0.35435155129440343
1233.144726528164 0.35436059094939265
1231.8101851907782 0.3577278494716876
1231.2343435078221 0.36007058954253024
1230.5863035701364 0.370884032435632
1230.5014350272866 0.3709096125662219
1230.3097690936822 0.370967395361223
1230.277605383794 0.37097709373143645
1230.1830889178696 0.37100559635365127
1227.75262546024 0.3717400403497906
1227.7451299550805 0.37174230985941636
1227.2480374542774 0.38511884155861303
1226.7373608048536 0.3852791621014781
1226.6802512809106 0.3852970992203889
1226.6194349174734 0.385316202430195
1225.7022673389342 0.3967138027913809
1223.7585594887844 0.39959788077871783
1223.6762075031827 0.40108837531871094
1223.6165038671536 0.4011079455307013
1223.522479302885 0.4011387696474962
1223.5219874012291 0.4011389309203029
1223.4627756668558 0.401158344777673
1223.1360602421748 0.40126549934799316
1222.3838959389452 0.40151240834747354
1221.4536590415194 0.4030255810575998
1221.093100336391 0.40314458458124564
1221.0228748215352 0.40405890432025265
1219.6447848965074 0.44642134680513784
1219.3006134731863 0.44654735795335926
1218.5658099795053 0.4468166290555279
1218.276268273938 0.4469228217576444
1216.1652616085626 0.49772775472880376
1215.3340017803218 0.49806818878833015
1215.161764294382 0.4981387851609154
1214.7417738817912 0.5225642166607521
1214.2071541648502 0.5681770829014211
1214.190358718941 0.5681849422847494
1210.675592159361 0.7808514213895624
1210.0945369776853 0.7812263654543877
1208.6632031181528 0.7821515162705537
1206.1355969349859 0.7837906114218142
1203.9324667285111 0.7852249051378619
1195.6428539212445 0.841556900726311
1192.7723905710366 0.9659380361402164
1192.4870221519002 0.9661691901949243
1191.8581817357192 0.9666789540619465
1190.0951306823981 0.9681110281073255
1181.934921168956 0.9770994002769728
1179.2242922487503 1.028632098258049
1297.3918418416304 0.23726206289444857
1272.3090304937461 0.24193954251689676
1213.5985246448113 0.7789707533271507
1255.7510132317138 0.2941276998287755
1239.1387908287254 0.34179867403538255
1249.085548144482 0.3011937337456326
1244.1525111135734 0.3394447059455653
1221.0153793163756 0.4040613847358587
1217.4524028019969 0.4714244636180144
1196.4606283585395 0.7901285964388584
1217.8723932145876 0.4470710318510567
1264.2359917848532 0.24745492655105614
1270.5064522564712 0.24228280323257645
1257.228849641956 0.25552397824824075
1248.150469509399 0.3350895426507724
1251.877922428567 0.30052190654781186
1260.4278347516688 0.2498020055750464
1182.0126421889713 0.9770351529421007
1201.6906915411687 0.7866897560526708
1233.9005321087468 0.34828937416177413
1186.7058395731053 0.9708760015244553
1263.8258624739924 0.24753522916355122
1220.1923452525932 0.43447306738747776
1259.289833528105 0.25075569472159337
1192.1115194720396 0.9664735234004936
1228.1483446073473 0.37162026275748367
1257.6389789528166 0.2554406491888993
1226.1319539903607 0.3860678125135097