1263.9981703208605 0.15238192995303795
1256.9138731618882 0.19275145468079657
1256.793797323246 0.1927698704245881
1254.921661959961 0.19305745115758308
1254.6124266102643 0.19310503572406276
1252.754605700028 0.19930435554194909
1249.4713674519323 0.20199678636126042
1277.7949533029648 0.14973568185672706
1274.4910279927406 0.15012384897463082
1271.9252803423256 0.15042668116039745
1271.537843054641 0.15047251613547313
1269.6869937615033 0.15069186307018567
1266.912845109141 0.1510218318051874
1260.8644446416254 0.19214752108367128
1260.3986959946144 0.192218524368787
1259.775133958848 0.19231366847120374
1259.3489978414061 0.1923787432043824
1259.008746112069 0.19243073426502044
1258.6202434304425 0.19249013252806252
1258.384251137126 0.19252623134905064
1256.643846458672 0.19279287297126468
1256.492644262253 0.19281607303214868
1255.0385281831268 0.19303947410376032
1251.1839273795697 0.20172030294881896
1249.3663414435182 0.20201376690209963
1248.8190277261726 0.20210230247311786
1248.6034756154086 0.20213719231504057
1248.5104346724452 0.20215225589357277
1246.1761614612096 0.21376362738871213
1245.2070739816581 0.22453956482781923

1315.7649001554698 0.16138507925445195
1314.5192964028317 0.16153800349138725
1308.5627453278455 0.162273321206784
1302.7902845711758 0.16647337425235012
1298.9616921898405 0.1669640420651039
1292.0187631149522 0.16818819062218046
1285.1048198406334 0.18898457098763452
1275.8715179073176 0.2034075984705502
1275.8345172622526 0.20789201887427045
1272.82316410781 0.24539122522857082
1269.4838213377413 0.24603672019276956
1268.121801227607 0.26061642983028377
1268.0898785296374 0.2606229905478766
1267.274566673334 0.2607906645624958
1264.2640707117728 0.26141166555482503
1260.924727941704 0.2621039694933854
1251.0386942910873 0.28467650923555304
1248.010429467215 0.28735266543606786
1241.1350412647132 0.28968392544185356
1237.7956984946445 0.2904654388395862
1234.7284317622355 0.2999589500167311
1233.5094407385004 0.3035777387190314
1230.823621800078 0.33052846212643017
1228.2256585407792 0.33122760140493795
1227.7244323696996 0.33136282714292187
1223.236076826774 0.34643788826062527
1220.7997855363092 0.34712925765621017
1220.7915441707128 0.35838933907787485
1215.8023184359215 0.36480279711058067
1214.1693908430302 0.4008462242524445
1213.7655217224426 0.40097960208299116
1210.588373559994 0.48892689801262956
1209.5098542095716 0.490423948863782
1204.5927977487208 0.4924258222361144
1203.5822190666902 0.601847770801703
1203.0110936564074 0.6248600534661807
1195.290691463506 0.6332574518698619
1191.7731134615822 0.6904933003132753
1191.4604483529963 0.7136213814690612
1191.0649409105451 1.2792310033809224

1290.1945148380353 0.2447492168278365
1253.1238793580287 0.32680722825610825
1230.8760421847437 0.38252866359041876
1230.370873064924 0.3847377174581369
1230.1657431616916 0.3975166189392575
1226.2883164870013 0.39997616306757017
1321.003571688023 0.22381709195598964
1310.0229862667168 0.23497439968973322
1251.6005600902954 0.33839549865694374
1245.2541580071174 0.3386818810538566
1244.6376952969933 0.33884962846425026
1243.064715853733 0.34071918400497947
1241.9148052014154 0.3410346618602199
1241.8370841814 0.34105600569196565
1241.706762339839 0.3410918008153275
1241.5742712253907 0.3411281994697347
1241.4438591859152 0.34116403453701244
1241.3707510878867 0.3411841267243456
1241.2930300678713 0.34120548926944955
1241.2219749348967 0.3412250219573179
1241.0711458168528 0.3412664915131043
1241.0663598534115 0.3412678075498651
1241.0615670840027 0.341269125468292
1240.7001965025713 0.34136852468064216
1240.5180768382056 0.3414186407751197
1240.4187676028725 0.34144597511174
1240.2558869008362 0.341490816632527
1240.1920973884128 0.3415083812765333
1239.3746859135144 0.34173361814219
1236.4433080612455 0.3673543879925569
1234.863739252413 0.3681489876577764
1234.3004497465868 0.3697680014795871
1234.2656369166914 0.3697784308961983
1233.022388303241 0.37015127613068605
1231.105421940922 0.38245739078955066
1231.0979264357625 0.3824597193706363
1230.8835376899033 0.3825263341697353
1230.5472496147943 0.3839063939683626
1230.3111694288948 0.385435769435878
1230.2254467977207 0.3974973272008249
1230.1777910127082 0.39751272582637853
1230.1000699926929 0.39753784174602924
1230.0703500978273 0.3975474467111932
1228.9835157413786 0.3978990122268165
1228.9067750993781 0.39792385953522774
1228.8330236955744 0.3979477419038505
1228.6929318845232 0.3979931146885556
1228.6169613383984 0.39801772427415333
1227.67362855548 0.3983235573219252
1225.789983847872 0.4001387693700827

1278.6412746843052 0.24026998261500176
1205.7155867863607 0.42716401659606373
1205.0439471941138 0.4536244134409642
1196.5048694433538 0.48903186302739327
1345.974059663058 0.21782622145684527
1342.276247153405 0.2184263069670685
1342.1270221583961 0.21845059279399012
1332.0159573487447 0.2201088072389906
1331.9487398013955 0.22011991515458107
1325.8228097506437 0.22113697353756964
1323.2385767713674 0.22156884536324414
1322.8848397566621 0.2216280924719531
1322.2887765498224 0.22172799829726705
1318.1359406639476 0.22242656053187865
1317.169045113313 0.22258983741157692
1299.9726640556707 0.22553431445292196
1299.2879845755347 0.22565316317545744
1297.863008467869 0.22590091687831074
1295.2124113110783 0.22636321350453587
1292.6666580640976 0.22680900893229075
1282.5744152245534 0.2395331710912335
1280.1104956712973 0.23999421759143866
1252.4889795633483 0.2963083951627521
1247.6447732682668 0.30039992590017034
1230.916832931172 0.350901571316082
1216.621163916509 0.3919083058704816
1212.6283138311599 0.40581870408515025
1209.5814762826246 0.4232689141215314
1208.2901537083271 0.42625383592132493
1208.0584587826484 0.42633558763633184
1207.6889462324357 0.4264660321110663
1205.23024607328 0.42733603359372263
1203.8831438704265 0.454099464946849
1203.8831438704262 0.45409946494684905
1203.307077563645 0.4814693723948579
1201.6558351030128 0.48438905176111147
1198.3461386436554 0.48828046134275344
1197.0804168230816 0.48879674013722363
1196.9322019600338 0.48885726732646545
1196.885433593322 0.4888763694521212
1196.825729957293 0.48890075704347585
1196.4770885052942 0.4890432178322837
1196.3617809074249 0.4890903527371281
1195.954890398321 0.4892567521759537
1195.7392876689983 0.48934496964291874
1195.664558875527 0.4893755536047006
1195.3798470175323 0.4894921115536
1195.0693829468466 0.489619275478716
1195.0454633593952 0.48962907551682067
1194.985759723366 0.4896535382653313
1194.9509468934705 0.4896678034746102
1194.4662963085789 0.4898664844990057
1194.4163271765296 0.48988697836073003
1194.3566235405006 0.4899114668872513
1192.0820925010034 0.5438738422134304
1192.0441828866017 0.5438911385921531
1191.987576035079 0.5439169676910011
1189.4756055044654 0.5459937075872298
1188.99917346187 0.5462124872997444
1185.2988844260462 1.138375900139582

1286.4862371176116 0.1658226545950288
1280.0394574310858 0.17834828979691694
1277.8056570724013 0.1989584235759003
1221.6092236190023 0.30397187435633943
1186.0609175671482 0.47919092060129537
1180.5626262932694 0.5704791253138202
1176.2936083580803 1.0311948899780508
1176.2852773823606 1.0312021933590891
1176.0342544525374 1.031422302080274
1175.7574519433772 1.0316651245099748
1175.645711121311 1.0317631805042418
1175.5679901012957 1.0318313940720474
1175.5679901012954 1.0318313940720476
1175.2804074345938 1.032083875796423
1175.1429827785494 1.0322045707022507
1174.6453958883203 1.0326418187979003
1173.9618322206131 1.0332430959516474
1173.5316681808017 1.0336218364972272
1173.5233372050823 1.0336291742962722
1172.8446868302008 1.0812105538523646
1171.870390005584 1.1953691125824948
1171.4964687251952 1.195750653595248
1171.496468725195 1.1957506535952482
1171.455958376037 1.1957920040840453
1171.3782373560216 1.1958713449590246
1170.8268221931712 1.2434988129271425
1170.7491011731559 1.2435813634890278
1257.733826910344 0.21661440260707004
1179.0636974800957 0.6433318408683787
1205.8880443746777 0.3476445761371462
1237.0801306822893 0.22972104988226924
1178.510155474517 0.979938863722053
1179.6928336629612 0.5996146710830574
1222.37488187638 0.30378147566681934
1177.6545604779917 0.9806508134030876
1227.2838700312748 0.2790152347051053
1198.2804913409773 0.38723171175042365
1172.349393685771 1.0816673427396133
1195.147430747157 0.41176172653938153
1180.966792655711 0.5269566000763116
1263.5249106437109 0.21010686476852802
1177.646229502272 0.9806577507819975
1202.9307409706955 0.37256524210248826
1183.4138869735352 0.5096543570709895
1172.9785298686368 1.0341092587504894
1170.9385630152374 1.2433801477947575
1172.902531997936 1.0811572307465325
1185.0896849529008 0.4795836384322312
1229.211652737724 0.2581867995189886
1187.8783129798346 0.4784577820538652
1193.1863664295402 0.4341156111695769
1180.3376564728453 0.5705878574089742
1176.8710109508704 1.01935668759772
1191.0245384499672 0.45849986696907724
1182.1629950903823 0.5264233853076248
1191.2495082703913 0.45841327836440593
1195.0797491773149 0.43107282142325715
1172.3493936857712 1.081667342739613
1182.4426543592879 0.5100729760473566
1194.1575990437875 0.433762536131358
1186.2858873875723 0.4791000457991058
1223.3519973681045 0.30153254986634076
1176.3178726387055 1.0198360182708202
1187.803563517055 0.47848789179866624
1193.4113362499643 0.43403377609048754
1175.1429827785491 1.032204570702251
1176.2936083580805 1.0311948899780505
1187.2722199874963 0.4787020309328928
1173.7372484580983 1.033440797457999
1176.8131657831352 1.0194067931372317

1268.288882403861 0.31254873320459475
1259.3163829083724 0.3147756107304133
1207.2186717136772 0.6357488707401208
1203.0957794164874 0.6862362721369392
1307.699984253237 0.19037637506484947
1289.174755319196 0.22233574125407893
1271.3418930415137 0.3117981761652325
1256.2409033213519 0.3295497498789153
1224.9093945431994 0.4006845764838356
1224.8926309986875 0.4006900601430259
1224.7358042679746 0.40074136827980317
1224.521260008449 0.40081158082974155
1224.4591436261724 0.40083191386045575
1224.4130219680148 0.4008470125503406
1224.173035721486 0.4009255943906256
1224.1592714422845 0.40093010234310283
1224.1522964017322 0.40093238678412435
1224.0256905839033 0.40097385680645586
1224.0226588049816 0.40097484997768396
1223.860474757334 0.40102798652839017
1223.2214138700695 0.4012374999476148
1222.7379390870865 0.4013961506339235
1219.3414183680554 0.4102161167862456
1218.2833774405794 0.4469202137857436
1217.3080048357708 0.44727831028336795
1217.1962640137046 0.4473193712425255
1213.1851125385808 0.49895040648246347
1209.241615839304 0.630517915679407
1209.0405324588705 0.6347908830794036
1204.303170996853 0.6855482760267623
1202.8178666909744 0.7322073295195874
1197.6241740346968 0.7742971003104729
1197.4347121926153 0.7744196120043878
1196.226155342748 0.8126392770189194
1194.8436659878562 0.8135795382278338
1192.8868125726792 0.8260942867694312
1190.9128601534035 0.8737340159989906
1187.0598827212468 0.9705864356811157
1186.0637301742731 0.9714016129143153
1183.382342972652 0.9759042878226274
1181.3705327901394 0.977566200092237
1181.3181718706912 0.9776095298794841
1181.1810709480578 0.9777230020403732
1179.4035038843565 0.9791966013642062
1176.770595984166 1.030776909443628
1176.6928749641506 1.030844992657621
1176.6331713281218 1.030897298844242
1176.6331713281215 1.0308972988442422
1175.1919513531946 1.0552158170510644
1260.3054695788733 0.31452857509636484
1274.4649742428312 0.2741156379027498
1208.426063294043 0.6351136661073554
1180.7560636253115 0.9780749286137661
1228.7974430056868 0.3846332405554048
1188.376346112084 0.9695112363013925
1189.7258940967756 0.9684114855591598
1202.3292185775772 0.7325049116831555
1211.4425624953806 0.5362045496969277
1215.2862892041144 0.4722647256616899
1215.7062796167052 0.44786761130248237
1212.9956506964993 0.49902833921294376
1213.2317308823988 0.4879385919201158
1184.237436599555 0.9751996237821284
1250.4266572119475 0.33871318498232894
1221.3656930869295 0.4018471328952589
1207.0812470576327 0.6358212499358916
1176.869251514021 1.0193582115509685
1206.2976975305116 0.6733589409589955
1243.9719426176212 0.3404706980447182
1196.6511626654942 0.8123506568643915
1218.8492657184931 0.43079091531812147
1202.958354760443 0.6863146670234208
1178.6506953354299 1.0087125654020554
1191.6016999722983 0.8269852087755468
1256.2052958897639 0.33715507890060054
1214.8612818813683 0.4846127578060238
1259.330738358252 0.31477202251854375
1204.6766758387967 0.6742650176445466
1237.5792795197601 0.34725407189493407
1230.4144322339646 0.36990561298525937

1325.8681048432036 0.15150732322558522
1307.4797912787337 0.15363811269198363
1256.7775218437168 0.2912117663829119
1235.2423043956744 0.35855455356660787
1233.043471072068 0.36946688727778193
1330.2393566185435 0.1510094604519936
1314.083758764241 0.1528659997319188
1311.952691248952 0.1531143072878191
1297.6789283556452 0.1558750809845776
1260.9436260474758 0.2902496150709497
1260.169305914727 0.2904279610435243
1260.0095565755332 0.29046478272842186
1259.2363497245058 0.2906431363472933
1258.4504544399663 0.29082464136366737
1258.2807532885336 0.2908638641495007
1256.6237288213342 0.2912474065961899
1256.5401232289857 0.29126678513532156
1256.500177610946 0.29127604484889263
1256.3200758037717 0.29131780119990075
1244.759443127436 0.33600240777159746
1243.73669921018 0.33627870774646357
1243.6454523096436 0.3363033806866019
1243.634570883887 0.33630632323930537
1243.372196536541 0.3363772900441881
1243.1492301708058 0.3364376213544256
1242.9820546616168 0.3364828707049286
1242.6108727140013 0.33658338195107174
1242.603844603442 0.3365852856512985
1241.900539438194 0.3367758984761002
1241.8760622786635 0.3367825362700343
1240.7973331872795 0.3370753295487008
1237.8408140181075 0.3414030813217234
1235.4721505424561 0.35848784839440945
1235.3614010974713 0.3585199866255442
1234.4518257864781 0.35878415321473
1234.3256612250543 0.3592331711929297
1226.8581576668407 0.38505991580096466
1223.7597030643956 0.3930658547595639
1212.3276830062568 0.6997005967489257
1212.040100339555 0.6998666158133523
1211.9623793195397 0.6999114970309411
1211.9026756835106 0.699945977738105
1211.8388496335006 0.6999828430250967
1210.4614557085833 0.7231618786478425
1210.3976296585734 0.7232000120389703
1209.972622335827 0.7234540386964773
1212.4701459927255 0.5580955481908325
1212.4684269391073 0.6996193751586425
1292.2077965603098 0.15653504690797265
1248.1507599489935 0.3285049589228309
1212.8951533154718 0.5054073336566346
1302.891842873103 0.15523424293576474
1330.1540515511942 0.15101914494844662
1217.5432559450162 0.4108219558009404
1236.1232000256625 0.35342568595591106
1230.0196766525487 0.37105488569925904
1216.639013919566 0.4534180091337431
1233.0694960102805 0.3694590893775467
1211.378615680892 0.7226143577324082
1216.1468612700037 0.4536014992052641
1264.4779826351173 0.27649791758238756
1214.8285259399613 0.46182422230142833
1270.9097467438864 0.26414718906321916
1213.5247306210786 0.48287779001206443
1245.6439451493663 0.33404552436701984
1221.9543823783663 0.39468246605218743
1248.3200060419633 0.328460420518776
1270.672034316396 0.2641966047014257
1273.3419348904733 0.2545606366573333
1271.8239081422787 0.2639573253861885
1234.3516861632668 0.35881326040542766
1211.4138423107543 0.7002284220532469
1240.1130859179 0.3372613149047445
1213.0846151575533 0.49202317083069425
1261.2231569829469 0.2876833168224515
1262.789720355889 0.28136944673319997
1244.0823047827782 0.33618528965435135
1235.7774470716843 0.3583992846355023
1244.8544548765021 0.3357055397664985
1270.6123713300037 0.26420901034045996
1212.3310022830628 0.6996986810180259
1315.6080243932329 0.1526888889322638
1251.7109376551366 0.32357041112365587
1220.7525293689291 0.40204897403516726
1328.8203970419147 0.15117071348554642
1296.5885088860932 0.15600617054919946
1220.1471007048508 0.4022484679921693
1223.8660144978035 0.3915683359137008
1303.3997124514478 0.15519092578973614
1251.8479761748877 0.30384053268866384