1262.6423905916463 0.2561456997636267
1260.3418963715346 0.2566132409153643
1198.7560266903276 0.49518655028134695
1358.239927964587 0.16773190769033927
1332.7439582555335 0.21260433701228587
1316.0826384408606 0.2349500538692451
1288.6342201140992 0.24715829764906286
1284.54208214412 0.2479456645002266
1273.794644332736 0.25003766623824175
1252.9195182888293 0.305135740744663
1248.6926563594554 0.3061686343388363
1247.8853804871849 0.3063666994457865
1245.773393898249 0.30688608954008073
1245.529854140112 0.3413191828189453
1244.755255878714 0.34153158219974306
1244.289793223944 0.34165934198512765
1242.3220235765493 0.3422005115612506
1241.9105842783151 0.3607247853168185
1205.4428090724216 0.45049373154935535
1195.4296113545167 0.4965644617194589
1186.8943113232865 0.6075157098249844
1185.2789154837774 0.6351128182052882
1184.2000357558666 0.6506739906466574
1294.042645973014 0.23895169742690747
1187.7080983293383 0.5546695501751154
1292.4425939619578 0.23924752112213343
1273.2522437432176 0.25014418132842586
1207.930471156614 0.43951057959652434
1189.1509754489541 0.5041886265838852
1203.0715447004895 0.474478705072387

1235.3535692621883 0.2648548656036356
1224.0537125797343 0.3206364400812506
1222.0174388617363 0.34283290064502947
1220.7181720028057 0.3439940066690395
1220.7167662361612 0.3439944028094988
1220.7059558886988 0.34399744916067093
1220.381607470129 0.3440888755046475
1218.8479996008205 0.34452182317932745
1218.088026778288 0.34473677252340573
1526.5366830066628 0.21677496316019068
1384.2481656257512 0.2429176145041075
1361.2641406054609 0.24410708723035152
1267.3000235818322 0.24745618315487525
1223.4175876943755 0.3208031573335936
1221.9545511889344 0.34364595196472597
1221.4644252954993 0.3437838436427348
1221.3241032423741 0.34382334213019045
1221.1989180794146 0.34385858747841064
1221.153609124596 0.34387134580225104
1221.0934807417837 0.3438882785172681
1221.0590926586717 0.3438979632727185
1221.0283005217227 0.3439066357606347
1220.9207021208447 0.3439369438748266
1220.8126884687301 0.3439673743296834
1220.7594607023475 0.34398237205497934
1220.7094776801941 0.343996456715447
1220.6879783570153 0.34400251534068654
1220.1233358169884 0.3441617110943745
1219.9698199472152 0.3442050189562227
1219.9009953033117 0.3442244383910381
1219.8174980119607 0.3442480007749761
1219.6565279728131 0.3442934345613662
1219.5786409521036 0.34431542247503355
1219.4841244861793 0.3443421087403503
1219.0037676959357 0.34447779910857024
1218.9425160667447 0.3444951090523432
1217.4478507681813 0.34491804699149226
1217.3831280937968 0.3449363847012318
1216.9783564449153 0.3450511118600636
1215.27043495004 0.34553604113492137

1291.582240961856 0.2285690060694439
1244.2632264751817 0.3321973666478083
1235.5816632681053 0.34151333067553746
1226.5168706677036 0.36692379270605835
1223.3109892344214 0.38080903500676244
1367.4627991593425 0.1517289363563075
1292.7144050957888 0.22836882447497847
1276.081547991293 0.28072458935532274
1275.4652042324242 0.2808602440545149
1256.715867603645 0.29153370287555697
1249.3249966446194 0.31952675049319945
1248.0098888558107 0.319863456253353
1227.7376327193213 0.366558953647587
1226.4473496551125 0.3790555331877161
1225.4578930055015 0.3801418881729269
1223.497273863286 0.38075105459988295
1222.6882167627905 0.3810029989140768
1216.170070941146 0.3897347512920604
1212.8186480195184 0.45392183939078345
1181.2273351950382 1.379435175840843
1177.6168190394394 1.3882206189315471
1176.479309070476 1.3895628565561111
1176.4599396322321 1.3895857345573324
1175.7678658003485 1.3904036646539262
1181.6437208697146 1.235887451821161
1325.697150257943 0.16532144396803236
1186.9006582338911 0.8279695786056793
1186.2085844020073 0.8284526437988367
1238.0602711598085 0.3408296178900999
1266.6269938122914 0.2892525045927246
1216.968906186232 0.382793574228132
1312.9192000786795 0.1776112386844698
1248.949037368943 0.3196229345984595
1356.1255351069674 0.15299739637075727
1196.2697502061958 0.6281323333931716
1297.4272708620676 0.21753086090924248
1288.9688782524825 0.22903242588279912
1308.2664814065697 0.19457086515783922
1205.4762594130113 0.4882865374184906
1210.0789023698978 0.4571345971489601
1231.3849904751794 0.3426772393753783
1246.6432736264271 0.3202141020875598
1360.347859113485 0.15243592663469427
1223.7240856058224 0.3806804841083954
1182.2202645022555 1.2352847358448917
1196.1514013298893 0.6294807196810779
1200.4268892901212 0.5036711840593987
1181.2273351950384 1.3794351758408427
1281.6760596032502 0.24136908722462957
1274.4836048694178 0.2810765608714628

1221.9993958663072 0.20435698490805868
1183.7581163099348 0.6245428523627621
1316.5525686295287 0.16895833105556385
1316.2536609802357 0.16899669975231388
1231.418127634816 0.19035127487712253
1222.2243656867313 0.20431936975695558
1216.2593244479503 0.20541162752426464
1213.2277053125379 0.20592491107187233
1206.684600198976 0.2583234086264864
1205.5688078928135 0.30309874135282006
1204.622294377315 0.30333689654599566
1204.1934066355607 0.3034449335737966
1203.7112417278793 0.30356648307280515
1202.762294037796 0.3038059890120307
1201.316037971139 0.3041717389402823
1183.3864836298824 0.6247389848496899
1182.7532463621676 0.6250734654431848
1182.4108485731792 0.6687685355510453
1182.0464190199502 0.668974719517007
1182.0423179351012 0.6689770405185862
1181.8859672972267 0.6690655388931356
1181.767735928053 0.6691324763566704
1181.6123999738998 0.6692204411847918
1179.8795473227285 0.6702033045782259
1179.7678065006626 0.6702667823810546
1179.6900854806472 0.6703109412823205
1256.1330607663956 0.1835856492071332
1200.4691838397932 0.3043863126229955
1182.6755253421522 0.6251145429376267
1182.6357648433416 0.6686413476804518
1202.651718874389 0.3038339217845465
1183.7622394953778 0.38591058649722076
1304.460678015941 0.17052451522026063
1182.5385716695127 0.6686963034986309
1209.7782301351126 0.24048024956442166
1183.9317826833133 0.38585532274634443
1194.8999216820173 0.3281674659369841
1206.536116473068 0.3028557399132677
1183.8567559613023 0.3858797762622706
1223.2588767438385 0.20423625127613404
1193.5770895626847 0.3603499872926972
1206.7093438477914 0.2583181116892112
1206.6499702263627 0.3028271638857976
1217.1233058286516 0.20526581500000302
1187.0015824639045 0.38485743141864465
1232.303862801007 0.19021445730868233
1188.5021650110227 0.361888687895473
1192.6275085181364 0.3606369012829351
1199.2453341893024 0.30469694387724977
1199.7357171163346 0.3045724012991931
1227.3224315614957 0.1988548932485828
1230.6757419213736 0.1904661012787413
1191.7471401313794 0.36090331125892416
1189.8188829517703 0.3614882022965864
1228.6569357281774 0.19863890725941974
1180.7726764484298 0.669696366957294
1215.056221465751 0.20561501839399307
1228.431965907753 0.19867528514646243
1199.338901236893 0.304673172786844
1201.7062926192607 0.30407295903401255

1255.4423070612336 0.2155283139246044
1255.416132061528 0.21553280761670332
1255.3080275473258 0.2155513688534283
1255.1499275656695 0.21557851992654972
1255.0835211992685 0.21558992616839787
1255.009482674909 0.21560264476552457
1254.6406621949125 0.21566602440347749
1254.2491390014902 0.21573334615635853
1253.718439769801 0.2158246661189778
1253.410739707836 0.2158776489609422
1253.4105554846924 0.21587768069009827
1252.070221539937 0.21610877650115282
1251.371914163043 0.21622937242562124
1251.2733291070874 0.21624640865925934
1250.770582365846 0.21633332881775313
1249.4824341181065 0.216556356681799
1249.424307060491 0.2165664315488804
1249.3015939025304 0.216587703874837
1249.2505141710192 0.2165965597781463
1248.572374547397 0.21671420030305302
1248.0636081684515 0.2168025426745737
1240.3185570306712 0.2181563455103833
1338.478976414579 0.17216556315208992
1287.348722432684 0.17738492859117835
1268.4672400155391 0.18002535185525873
1266.6059392288864 0.1802899024298673
1263.0192749522203 0.18080188143550305
1255.7264110918145 0.21547955134212668
1255.4646779085663 0.21552447347326273
1254.430759721264 0.21570211155428545
1254.357636712154 0.21571468594854637
1254.2489901336935 0.21573337176191865
1254.1387452206195 0.2157523357775889
1253.3994939364757 0.21587958586190137
1253.278791386435 0.21590037709901028
1253.0776204275628 0.21593503806906816
1252.7800694953662 0.2159863253408215
1252.76946818224 0.21598815308225683
1252.6670419201632 0.2160058136883339
1252.1077054651096 0.21610230692575436
1251.0355192769207 0.21628751502348723
1250.7960572737395 0.21632892276642773
1250.0857045674597 0.21645185020666025
1249.4574754869727 0.2165606825194783
1249.4062214490962 0.21656956642707687
1248.318688030372 0.21675824151720122
1247.8151177754667 0.2168457168181322
1247.3960249323786 0.21691857137767573
1247.1326048817807 0.21696438904038798
1244.1457568321953 0.21748526021538983
1241.6740359580058 0.21791819417545946
1239.2663426864146 0.21834157384115438
1231.771318113782 0.23419027236600587
1204.8996619884472 0.6886922909244179
1203.7149436939544 0.6893701144910427
1203.4408467661403 0.6895271261389493
1216.2558737023687 0.6181307114763053
1230.1945608377885 0.2522956198371652
1228.5395779778587 0.36977011321979214
1228.3896271132844 0.36981525146172056
1223.315852800574 0.37951839663763975
1270.1154582454033 0.17979173445863603
1256.005727550844 0.21152971871447676
1221.9789282880417 0.4010177603288978
1232.0073982996814 0.2327955275577866
1233.632265529656 0.2193387537203796
1236.9736603988474 0.21874626140646905
1214.04503492113 0.642930031632383
1229.958480651889 0.2536961632403457
1257.3612064781787 0.19728723211690427

1220.2615290954773 0.43029234167768865
1213.8441496320256 0.4850188356905338
1210.146264657582 0.5284035186541107
1205.636103563954 0.5916004183724174
1202.2908321349075 0.7100871775462365
1202.2450815542102 0.7101141994082653
1192.8868125726792 0.8260942867694312
1189.773228567711 0.8640122093269833
1177.7754659319332 1.0298974576558182
1176.6928749641509 1.0308449926576209
1326.5998433586278 0.22287291782738478
1280.5364356495875 0.2729729088265093
1277.4963210683454 0.2736225145488284
1275.8997520433686 0.27397998888553754
1270.335319385803 0.2751649508309378
1255.8196084774358 0.33161705084783705
1254.889758205306 0.3375085284437975
1249.3923727729225 0.33899358190498846
1235.165217430782 0.39735761261518654
1230.9776640036857 0.3987093481349665
1230.6246008037167 0.3988237368756256
1230.1038603686854 0.39899257111225594
1228.5643571892801 0.39949254519028615
1220.3392501154926 0.4293733045822181
1219.715137239506 0.4463955975242169
1219.6569342046403 0.4464168998903151
1218.9941660792263 0.44665961712402014
1218.7860244535634 0.44673589668167907
1217.705212109176 0.4471324110983155
1217.6106956432516 0.4471671195444949
1212.4318862550415 0.4855837947175592
1211.3599313708871 0.4975989745318276
1207.0706578197098 0.5699622368256215
1206.3447949150052 0.5912528708871992
1204.4405956528974 0.6854700561158966
1198.1603304494004 0.7739506154981589
1198.1519994736807 0.7739559969220423
1197.0097048698692 0.7746945755277753
1194.394410863208 0.8250515672764214
1193.3118198954255 0.8258000668385613
1193.0242372287237 0.8259991288340961
1187.6420805819914 0.8867564465451215
1185.8267128203913 0.9046532828337714
1184.9549756926265 0.9746091002027804
1184.5299683698802 0.9749587882777654
1183.8087853225868 0.9755527387186078
1183.699112554508 0.975643126189653
1183.382342972652 0.9759042878226274
1181.8983582291232 0.9771296276026429
1181.1810709480578 0.9777230020403732
1180.893488281356 0.9779611066543902
1180.8157672613406 0.9780254758276787
1180.7560636253118 0.978074928613766
1178.4309358117218 1.0293246054484895
1178.3539445573995 1.029391859428369
1178.0638961002533 1.029645303678392
1177.1358996708834 1.0304570257281553
1177.058178650868 1.030525066690424
1176.7705959841662 1.0307769094436279
1176.6928749641506 1.030844992657621
1176.6331713281218 1.030897298844242
1176.6331713281215 1.0308972988442422
1173.5804147361976 1.0335789033471179
1199.0917536963225 0.7524615598475706
1226.900360723936 0.400034361139167
1189.7135249316818 0.8640555682275837
1282.6959850659327 0.27235664839266494
1220.993118372168 0.40790338448651753
1178.5132706793854 1.008830189853809
1190.413057833106 0.8635478156498908
1211.222506714843 0.49765543184462013
1214.5331626036516 0.4737526924394248
1293.5290540785757 0.2700757113245822
1256.3871415485055 0.2953890462744128
1264.8084673461776 0.2763673431369636
1238.8946784898778 0.371962473636641
1185.590632634492 0.916082348602545
1185.496877038108 0.9741635975676
1191.511289415282 0.8627518723027395
1204.7793375691526 0.6781799732197

1305.353165496057 0.2143878211602223
1298.147898770685 0.2155777637203833
1216.5800614760271 0.468339552645774
1216.4226151062933 0.46840017167854364
1212.6672573708595 0.4966874747146241
1208.4400696112748 0.5599567639382383
1181.1810709480578 0.9777230020403732
1177.5503313004303 1.0300943626869257
1340.0059883992888 0.1993998270905608
1333.17902759452 0.20991315885027134
1328.9857773239255 0.21057548227401984
1315.9778139522696 0.21265694453831344
1314.4105508876523 0.21291051019508955
1312.2656594948062 0.2132585113162495
1311.4264068941666 0.2133949869578027
1310.8365975269198 0.2134910037782582
1310.5635133829905 0.21353548922853058
1308.8212934313908 0.21381973413772914
1308.79366675237 0.21382424755287885
1308.7376772032148 0.21383339524032413
1308.6422479685216 0.2138489884685661
1307.8552799723757 0.2139776665513097
1307.3552508234638 0.21405950740552618
1307.2840446744049 0.21407116696279982
1304.4348011703696 0.21453875712623516
1304.2833823865212 0.21456366367501978
1303.4373619185671 0.21470293024543716
1302.1655372690884 0.2149126305263816
1300.979563253361 0.21510854505313906
1299.2204611736013 0.21539979499899908
1298.142132014541 0.2155787213846966
1298.0706349509762 0.21559059534989622
1297.734166498717 0.21564649234005925
1292.5551893013337 0.2165105392107608
1292.4336914497326 0.216530892723314
1291.7413777952997 0.21664694327044035
1291.5718585974942 0.2166753782473917
1287.0414463483196 0.21743808001623657
1286.8051611578894 0.21747800633895756
1281.995941121877 0.21829384323198397
1281.969732609513 0.2182983060182291
1279.2731473654164 0.21875845793498924
1271.761546071018 0.22770391004916307
1259.191817828224 0.31317601532502815
1255.6810863225314 0.3140516173515338
1253.9733885355708 0.3144793020670515
1253.4105463585074 0.31580516513591805
1230.6882359800986 0.39051778939704634
1230.3555045902417 0.43655721401487524
1220.441266361265 0.44613000437186984
1216.8702260749783 0.45928559265000435
1216.8627305698187 0.4592884217098834
1216.5725659708676 0.46834243816335963
1209.7212573348356 0.5369675119519967
1208.835587079546 0.5440591517425344
1208.511877794637 0.546863896991421
1205.1585943112013 0.6779665537341816
1204.8058993396148 0.6852622178750889
1201.0357020140116 0.7286854777362669
1200.53297367125 0.7289906179120477
1198.5173031603981 0.7737200979673196
1194.6075858019572 0.824904338747648
1193.389540915441 0.825746285553136
1191.506164820436 0.8444786306860291
1185.1171021228765 0.974475771695393
1185.0326967126418 0.9745451799298679
1181.2587919680732 0.977658672674507
1180.8157672613406 0.9780254758276787
1178.9338344522987 1.0288855257226686
1178.1574762446048 1.0295635197419557
1178.1407696186504 1.0295781194681208
1177.6877559564748 1.0299741607380053
1177.2476404929496 1.0303592178318401
1177.1952795735015 1.030405047573892
1177.1358996708834 1.0304570257281553
1177.058178650868 1.030525066690424
1176.7705959841662 1.0307769094436279
1176.6331713281218 1.030897298844242
1175.1919513531946 1.0552158170510644
1206.4914454521129 0.6571845735226364
1267.505364959668 0.2652380801818462
1234.3598653952324 0.38856463388061235
1186.0933609772537 0.9156940650355865
1197.5124332126309 0.7743693505787059
1207.2405697547867 0.5695052729802557
1185.7280572905365 0.9159761756053801
1202.3685531549231 0.7100412775602514
1204.7281783195995 0.6853064264189825
1191.6956266625175 0.8443443711709412
1202.2450815542102 0.7101141994082653