1259.0772510088084 0.3249762052710003
1427.770355126075 0.2667155204099656
1317.936155821434 0.3137957163255831
1280.5445058019102 0.319528251710121
1277.163511890693 0.32037412857979025
1276.4293102010174 0.32055840766571514
1276.2960696146558 0.3205918727771555
1266.364097708586 0.3231062440227542
1265.9874768349841 0.3232023654758623
1264.016979692275 0.3237062110316728
1263.521735449179 0.32383308944853745
1262.115661521332 0.3241938592875702
1260.9176093622536 0.3245018898442026
1260.4492328120284 0.3246224731027347
1260.33018661119 0.32465313575966404
1260.1199102993187 0.3247073106548204
1259.754780446694 0.3248014244731014
1259.1625810538187 0.3249541825118743
1258.8276588005588 0.32504063945159295
1258.5613652421443 0.32510941339531896
1257.5362567216469 0.3253744335313064
1256.920908187119 0.32553372651429535
1256.5417998499763 0.3256319425463903
1256.514223409574 0.3256390891187803
1256.179661449147 0.32572581751869845
1254.77745479166 0.32608981426417394
1254.6024623631106 0.32613529739547265
1251.928555238046 0.3375661152794593
1246.3219634014188 0.33982871849194235
1238.7073761386644 0.4211374508439238

1254.6692363307502 0.22412424054354813
1235.0561289846564 0.2943694845066987
1234.9619029543408 0.2943919445258335
1234.3213895420479 0.29454471024028794
1222.8744949548934 0.34720276449924803
1199.3731138854814 0.49489724127077317
1196.1751588269576 0.4962203410898025
1195.3568891730968 0.49656002378241093
1194.7867266509857 0.49679698650489856
1191.8250198325081 0.498031536038468
1289.0208410215855 0.13921642452528618
1265.0202827019816 0.1898282076098068
1236.6163530041142 0.28955667217076086
1235.3034797486973 0.2942517810952977
1234.9730348309283 0.2943892909174531
1234.4311359758851 0.29451852390180994
1226.9973872520832 0.2999905727746415
1222.968720985209 0.34717601357941497
1220.872321036575 0.35757300066473297
1200.66935341779 0.49436295148754555
1199.410589246502 0.49488177829841745
1198.166871333851 0.49539547413414786
1197.172065493743 0.495807129505198
1195.7181836785876 0.49640998474253695
1195.6862523824827 0.49642324157657736
1194.820857169749 0.496782795307308
1194.4279202617877 0.49694622442027914
1193.2152439090294 0.49745127574108927
1193.089715608669 0.49750361397880855
1191.4841023479494 0.49817403702372043
1187.9521512316046 0.49965517946230753
1186.1952626370403 0.5003952249789797
1184.3406595036258 0.5117762956801728
1277.9617149672026 0.17998920213818748
1259.911039160117 0.19059800683661626
1230.7830925070175 0.2965808802751887
1201.882991858135 0.4271910050295203
1254.6367490517177 0.22413004396573066
1209.1620429254936 0.3784516143912128
1253.193825667298 0.2857263645846241

1446.0108901618328 0.20933630056406083
1415.4306002856015 0.2109713028991069
1303.0317674450646 0.21468368029628673
1297.2030054971142 0.21564832504445197
1294.4068567269856 0.21611416373784242
1293.5072453800267 0.21626446730562798
1275.170510764094 0.2779987041952922
1270.8161626106316 0.29884325115888255
1265.1666402352714 0.3097302160168267
1264.2930597798625 0.30994422831490026
1260.673397251935 0.3108341443799369
1259.7088093562465 0.31346892290297845
1258.811545135163 0.31369235940547113
1258.602692716954 0.3137444134875215
1258.5180923497924 0.31376550408028875
1258.4652680609095 0.31377867443949503
1257.9669354217801 0.3139029751270036
1249.2930144690483 0.31608242347222315
1248.8792821970803 0.31618713615427063
1246.384810793274 0.32409861140281626
1245.7489698565107 0.32426403410808396
1245.660680774943 0.3242870170714211
1245.6382090546424 0.32429286731516915
1245.6293786085412 0.3242951662740208
1245.2849603367788 0.3243848591429355
1245.1921354301708 0.32440904094861694
1244.928449308523 0.32447775346127794
1244.4449480116125 0.32460382204700994
1243.4438703161422 0.32486515563340906
1242.493735904155 0.3370704726888175
1239.8898911443202 0.39189199106667233
1239.8605330075864 0.391901270512507
1239.635873746381 0.3919722947961401
1237.783878570814 0.3950700404348158
1235.1848175994312 0.4035044145224663
1233.2029366743393 0.47595272739138117
1231.593699973159 0.5642669771901828
1227.8466053744592 0.6052066283989745
1227.6160168899592 0.6053203070063989
1225.3415180850088 0.6415265855953585
1225.2059263692286 0.6509491696401992
1224.2791628817236 0.7823196152462546
1222.0763744498422 0.8096677254110072
1221.2058589476244 0.8300174575803825
1221.0847859124788 0.8989941204180264
1220.9902694465545 0.8990637112651241
1220.628990536442 0.9191117330588823
1220.2142704102607 0.9194241160092806
1219.729154818829 1.059509512832151
1219.4089511585726 1.0597877286216637

1253.091047295046 0.2732101674951246
1247.4347807777017 0.3788866157754651
1219.6019442202955 0.4877062556350059
1210.4114776267756 0.5409461311728981
1362.8941369522852 0.2046612168620839
1271.0856474078803 0.20799015539881954
1263.1926776094126 0.2576045097857358
1260.125347562422 0.2582315569716642
1254.2956235142672 0.2729477871882461
1251.9112897754997 0.27346763122450496
1251.8849721099311 0.2734733801789398
1249.6253059322157 0.2837584750417076
1248.884241449687 0.3039837369589582
1238.272654751212 0.3804909138089677
1238.2098417230604 0.3817094054362904
1230.480733655088 0.3988703671334269
1220.1696585560583 0.47968093085392355
1217.4516129980564 0.4885676697376911
1216.908586707939 0.49742372734598517
1216.9002557322196 0.4974271327401211
1212.9923327594315 0.5274219213345375
1212.2948410349693 0.5305660636658958
1212.2231047505559 0.5401377051662527
1209.1881780476951 0.565685778105574
1208.7053746069528 0.6076666484520904
1192.649433579286 0.983077831740005
1189.7400250707472 0.9830931740185742
1179.9571353293982 1.0279932395290579
1178.515915354471 1.052239616777689
1199.379469015165 0.9628878369819719
1262.4840597970713 0.25774910024036934
1199.6911316508308 0.7346977504323761
1228.2052625981391 0.39960934619786004
1189.3100908092174 0.9858381159377134
1209.1253650195436 0.5657151649977301
1201.2805347394426 0.7337256786806378
1222.650413856159 0.43265631716771685
1248.851754170654 0.303991644706576
1264.956469628363 0.20899794394288168
1209.0862255361671 0.6074752391027589
1185.9599455394878 1.0115445635113278
1216.7967988341654 0.4974694259711771
1251.8788024964667 0.2734747279332473
1211.9973097666025 0.5402383327695385
1263.3275904664563 0.21549138869880013
1220.9231041103185 0.4705632540213862
1251.8524848308987 0.2734804771860692
1257.248978860666 0.2588223462113199
1184.080027626588 1.0227813498260283
1227.7343037914825 0.3997626363195361
1185.2108643546787 1.0218054908038288
1212.3037814670993 0.5305621508760858
1195.9257277408606 0.9704861146430478
1192.994174039776 0.9799040572015033
1248.9105591152554 0.3039773312621938
1219.5074277543713 0.48774405472555893
1220.3070832121027 0.4778681115413185
1218.6768981854293 0.48807645280426903
1211.4687764536066 0.5404740251467387
1222.6653823693323 0.40910089456387533

1282.6257690489601 0.16926225949871523
1279.1746421986786 0.1697189176509526
1266.8655027429531 0.17136794339292535
1266.3333662281432 0.17143995534694886
1265.5279036237503 0.17154907065964592
1264.726041507863 0.17165783627074507
1261.6384287118326 0.17207793518319625
1261.4868217539838 0.17209861571018722
1289.4833486316481 0.1376002436444272
1279.8597770527713 0.1696280636777546
1279.4467991773624 0.1696828159639711
1279.2794626833022 0.16970501137033378
1278.9536349377458 0.16974824562039093
1278.5873684075368 0.16979687202048582
1278.116149252376 0.16985947316876898
1268.2353643209806 0.16987153456047976
1267.8360605370096 0.1712367572732933
1267.630786952237 0.17126448646965875
1267.579091716783 0.17127147108940424
1267.1018929889703 0.1713359730276988
1266.9128770233315 0.17136153534929
1266.8263303826352 0.17137324237248122
1266.7004825688123 0.1713902684557559
1266.6768879751967 0.17139346096978397
1266.0864427715403 0.17147339109425963
1265.7199939828708 0.17152303573664046
1265.0974658695177 0.17160743865002417
1265.04712740444 0.17161426721385425
1265.0144219136187 0.17161870410306593
1264.9347174386394 0.17162951792493245
1264.3687077193483 0.17170634992391315
1264.2975365159748 0.17171601580334264
1264.1514670065621 0.1717358571553019
1263.925585343305 0.1717665488206222
1263.6586549714882 0.1718028321227323
1263.1979978919826 0.17186548436808777
1262.9633063936244 0.17189742145433423
1262.6627135813262 0.17193834380737907
1262.630352481123 0.17194275057137123
1262.5171549781785 0.17195816698764516
1262.5088611434473 0.17195929663723541
1262.0986260313898 0.17201519063780737
1261.693514888096 0.17207042217361296
1261.5803866021224 0.17208585205198929
1260.608690552224 0.1722184984028637
1260.5926567003319 0.17222068890102488
1260.4628031054538 0.1722384311743479
1260.3575240176622 0.1722528184450795
1260.1004096656418 0.17228796538373495
1258.9132811018565 0.17245042928651025
1257.7905079294171 0.1726043680500467
1257.5360607565915 0.17263929245089552
1257.1223284846237 0.17269610987039255
1254.9976465707778 0.1729884803798001
1250.5807094457934 0.21877667709345322
1242.16527783139 0.24335375551121813
1234.7224933430489 0.2905781206299298
1189.029943747816 1.239656634997259
1188.7135761544387 1.2399865607204068
1186.3826076676992 1.2424228486247804
1185.5433746461963 1.2433023459958037
1194.2737850141875 0.6660233626386489
1191.0920294480632 1.2375104715127896
1217.1189875002597 0.5976486891358596
1231.3136302555274 0.29138257938448053
1278.0294873520293 0.16987099116963078
1285.248206548554 0.13805366313144402
1225.1358267892774 0.3644808290955708
1211.9617733204063 0.6110269573619478
1239.6188695439614 0.24385364949882632

1180.633469967678 1.0257670985654148
1180.6251389919585 1.0257743367992196
1301.5100812614548 0.1564927302598334
1256.0533851390398 0.2630155479395815
1224.2414276073207 0.26985001641332734
1220.0190772663327 0.2901534190910259
1216.779192540062 0.30242789485813876
1215.2191030145536 0.3651072880295349
1195.7862809048079 0.44888790799032946
1193.4236136462825 0.4575781693876136
1190.2971563340275 0.4688679327385038
1186.9698072650026 0.49210592853237095
1175.1883259258173 1.1919941997884538
1175.1793854936875 1.1920032681429311
1174.5502493108218 1.2395568128266479
1181.593864277737 0.6221156659475762
1262.5051079993164 0.23563654666407657
1181.3392923739063 1.0251542268812057
1184.2907566569875 0.5254775842526697
1175.1966569015367 1.191985749734858
1183.6616204741217 0.5689855299660744
1278.7979176753975 0.20841483099705105
1233.5447372899741 0.26781482612417923
1253.1545194160058 0.2636239699216547
1299.956069214365 0.15667980703409143
1175.500285455263 1.0625495479987361
1216.0791006614375 0.35291030537313656
1256.590989653989 0.2608029539864166
1185.7666183605645 0.5086431295799718
1200.0985043658075 0.4084743914112175
1175.1793854936873 1.1920032681429316
1176.3024938699132 1.0311871005748616
1198.2731696669707 0.42924444819535673
1223.6053027219618 0.2699903053695562
1194.2750185318584 0.45725195952564357
1182.2230004606029 0.5785033491339311
1191.373531040027 0.46844432287131677
1211.294075583196 0.36629036664751174
1186.4026773140176 0.4985554903213385
1188.5885708666208 0.482134158163032
1207.460070130283 0.38520584163299526
1202.7246696304978 0.39343090973890293
1174.5675207186712 1.2395385857848737
1206.0640124005668 0.3908533358480453
1202.2300069476535 0.39359278857090735
1216.1430676547031 0.3025860850539
1194.5909625996703 0.44933706920967104
1175.0871135995374 1.2389904941435996
1220.2659599518931 0.27072915264040853
1176.1215793886802 1.0619882492353296
1179.641836639982 1.0266293813446425
1178.524055749815 1.027603096474302
1196.5364498287684 0.43935622571434507
1189.8599882033252 0.48161897676910054
1215.7511045247352 0.3530055166514434
1200.6873963490389 0.4018980393145182
1198.1787433581671 0.42995788579906963
1212.089177724445 0.3657265708903413
1205.5693497177224 0.39101370867085683
1199.9291214362759 0.4156872616707016
1210.7994129003516 0.37391549833035653
1208.7498349543762 0.3769822440552285
1207.954732813127 0.3775550071328009
1177.0338672002426 1.0289040975844175
1219.4824104247718 0.2916023716022106
1196.848774775839 0.4333431086287958
1181.1320251895545 1.0253341227993593
1176.538574055813 1.0293372403279253
1180.0632805596158 1.02626273430324
1180.7570831975268 1.0256597112069725
1211.2293471618814 0.37378277442961394
1189.104291353545 0.48192505416381287
1180.2631305733992 1.0260889606621908
1178.0287626053853 1.0280351443028735
1177.5302073835087 1.028470404720187
1180.1866439764276 1.0261554603579732
1217.3158593816229 0.30097095219908787
1185.3591127790523 0.5250039748729535
1214.103205856606 0.365442862619152
1188.0239283265942 0.48236330628808893

1270.9296972341247 0.27487813067832456
1250.4778163711162 0.31758428956267615
1234.1238607376633 0.3698209110513005
1231.3029297891192 0.370668175545004
1228.7180019078892 0.3848067829989262
1227.4231392607164 0.3998639803052973
1223.3575265048742 0.40119285764794604
1222.8050271975203 0.4013741283910618
1217.1962640137046 0.4473193712425255
1179.8465285910888 0.9788289194016455
1176.770595984166 1.030776909443628
1351.8840995027285 0.21785275396508302
1305.218217102157 0.22564171282572962
1270.7418093227507 0.27491877329941145
1263.9926121614255 0.2936116840578909
1262.6787656204685 0.2939171938248936
1260.5126045790923 0.2944222835577065
1252.0546551770462 0.3165177874806466
1238.7226476514334 0.3454877247060573
1238.5462711015632 0.34698295423699577
1237.6123050005356 0.3472448054771478
1234.5940922108707 0.3696800538797623
1234.3210440943992 0.36976183198999707
1233.5943275029138 0.36997966053558473
1232.800422050947 0.3702179220289799
1231.624042538043 0.3705715338161347
1227.1968899144042 0.3999377003129843
1226.7715809505812 0.4000763545592638
1226.7398775128083 0.400086693993111
1226.0108758837323 0.40032459061982917
1224.6567015062276 0.4007672528799023
1224.592412863275 0.4007882923560226
1224.5393231829162 0.4008056684597784
1224.0861426357746 0.40095405452984606
1222.4352886833021 0.4014955282518567
1222.3766823172616 0.4015147777959889
1219.0303101158179 0.42936910370631626
1218.9269867385083 0.4298707816253171
1218.770090783346 0.44674173711254117
1218.0573692981902 0.44700313894991056
1217.6046675622085 0.44716933336619596
1217.3080048357708 0.44727831028336795
1217.1185429936893 0.44734793552494956
1216.1984322662674 0.4476863750619908
1215.7840006367205 0.44783898061844307
1215.7062796167052 0.44786761130248237
1215.2862892041144 0.4722647256616899
1214.6411704051131 0.4983522869043778
1213.4878033460618 0.49882594894690796
1213.0901671624238 0.49898945801821043
1213.0733717165147 0.49899636671033637
1212.5756602839087 0.5234977117757792
1210.709432986235 0.5589071765335145
1207.172053064626 0.683919049148379
1198.9448940095135 0.7734441589852026
1197.1471295259137 0.7746056456602964
1178.4309358117216 1.0293246054484897
1177.7837969076527 1.0298901727443297
1176.6331713281218 1.030897298844242
1176.004035145256 1.0783058693109453
1189.4801542876917 0.9709013626479369
1278.3452484875709 0.2437726278736302
1193.0242372287237 0.8259991288340961
1212.1506529611625 0.5358913202081494
1214.9939814169365 0.4783982657377129
1252.1920798330907 0.3164830505191396
1248.3301090492193 0.33209674514273535
1180.7560636253115 0.9780749286137661
1235.680216193804 0.3477877516156922
1212.9956506964993 0.49902833921294376
1210.1468365233206 0.6342105636397857
1204.4405956528974 0.6854700561158966
1230.4165716341595 0.3709351946731209
1203.6740348139872 0.7316865136202332
1251.5348297472988 0.3166492532545021
1241.4607892384909 0.34472572375118554
1219.0387275605744 0.41748372114939664
1220.891106401084 0.40793746699235706
1218.849265718493 0.4307909153181215
1204.303170996853 0.6855482760267623
1212.288077617207 0.5340601375196732
1214.2914166030307 0.4984958279067583
1218.2011339614717 0.4469503863674631
1271.3480498994707 0.27478767865881376
1261.7628597079417 0.2941305465112137
1221.94526312789 0.4016565363388503
1237.744857784768 0.34720761827698554
1227.6592194466157 0.39832823246907495
1219.3414183680552 0.41021611678624564
1238.8600723074778 0.3454494003361009