1318.6676382078201 0.21222316593409457
1262.8941288727553 0.31225790588583463
1260.4195345172184 0.31287096497466643
1256.0824797211142 0.318630427498836
1236.2547025180995 0.4049326169586115
1233.837738164397 0.4603751333519924
1228.9921972716852 0.47904069486467443
1208.0694839819423 0.998663753204565
1198.7114374857235 1.0064600764432743
1183.4284834923499 1.2117387763029839
1183.3653033787766 1.2118034712820316
1182.4577962411659 1.2127335005000432
1181.9565700700862 1.213247778083829
1180.9676076915932 1.2142637724265195
1179.0778720802334 1.2162099013011884
1178.5766459091537 1.2167271321780893
1214.89737469163 0.6744679118500507
1270.3990376831537 0.26463392969441224
1193.2024470361348 1.0652877152347946
1188.1806067134762 1.1715146981574602
1215.7157973194571 0.4954419767026922
1196.1911746695546 1.0626260547080444
1307.663598461884 0.21400903208169858
1235.6455872687811 0.4281061096263388
1243.5841289207167 0.3255956215351716
1212.652292564614 0.7198074868692315
1286.7496098784247 0.2174873952530204
1228.938493270269 0.4790616287049735
1293.3313391231688 0.21638060760595812
1276.4128282424988 0.2633871128395002

1325.1084201229075 0.1714040936196325
1309.1688078164266 0.1750490482089651
1308.6982850304466 0.1751119844615671
1308.034025973121 0.17520091159909953
1306.8338427273115 0.1753618143794507
1306.347602411769 0.1754270864278707
1305.8139163641818 0.1754987834646553
1305.3433935782018 0.17556204358221375
1301.4656495537706 0.18544190295223276
1294.5217361392988 0.18643662747602138
1283.0521739198243 0.2511320032789298
1275.9323006416516 0.27216431783770395
1264.4603643898608 0.274598759493583
1258.6948962092024 0.31516848963160426
1248.7240882542515 0.32208451459438825
1238.8790482824866 0.39352915804814453
1227.6921066458 0.39711506342261726
1222.7050639469337 0.418974135889293
1221.0502073608786 0.43299959485042033
1220.0761046127677 0.43334529959267376
1219.458490802044 0.43356477409210065
1215.5388121145174 0.4358717491968584
1215.048429187485 0.4360476632255073
1215.0087056698667 0.48893616202052753
1211.9990101332878 0.49015031233929995
1211.9054430856972 0.49018815515770037
1211.4854526731067 0.5516229009980707
1210.5396798626589 0.6234616485439287
1210.1120709929933 0.6236819568419816
1204.9935340996242 0.6502906119424707
1204.8466247330407 0.6560869901894144
1204.658527008091 0.6857985341703196
1204.5735436870336 0.6858469176312675
1204.4266343204501 0.6859305734832484
1196.4698567838886 0.8391135141710243
1191.3270928100637 0.9452443589506372
1187.686604733819 1.087658298576727
1186.6876919259025 1.088573851853699
1186.4602605570296 1.088782519475765
1185.956857259102 1.0954198537984943

1211.9916257548605 0.4278809409134514
1609.2527682342823 0.23310760701856068
1384.2712074173533 0.24097167754638352
1271.87290692473 0.3106621728565118
1268.5425341095495 0.3114777709364867
1259.317595054908 0.3137594538614675
1255.3618262084522 0.31474814082561936
1254.2218875622168 0.3376882510592096
1251.768064901374 0.33835021640725094
1251.1455750695632 0.3385185577845465
1250.574668174631 0.3386730968005845
1245.8551727094805 0.3449473530469897
1232.3318477883358 0.39033167451494444
1232.2909914101979 0.3903446158888605
1232.2721441523067 0.3903505861006169
1230.9195844113517 0.39077951134829697
1229.8034734444716 0.39216344680632215
1229.2327388414992 0.39927532555484496
1226.0051575005089 0.4003264578301006
1188.853423439787 0.5536145858480283
1188.1093356992628 0.623163031018733
1187.9362634674785 0.6232538205836793
1220.6778682505776 0.40976699478989664
1192.4901045010365 0.5446134886005536
1197.2870856407053 0.49936349032730654
1203.2265450888672 0.4569418711419097
1188.5343430220091 0.5731979507764001
1209.160453386909 0.4288827969477718
1249.4745446948348 0.3389712879300857
1284.9082414779139 0.26696338871579656
1262.2293258108552 0.31303566854520515
1224.7074739188297 0.4007506383652088
1264.4895871230524 0.31247612071012937
1206.9984131001238 0.4362217314533612
1272.2003920744235 0.2877750405302413
1242.4691689303434 0.34622503349136347
1238.968992167212 0.3719139421248768
1198.5113513238455 0.4891999666369722
1196.5462086357736 0.5113538980865571
1222.78956036085 0.40137920529741494
1188.7238048640907 0.5604985479754281
1240.3887458547101 0.36723472636744886
1200.4386006078073 0.48403115917711487
1249.3415833963625 0.3441943383245449
1235.9092692672878 0.38241993505694505
1189.163920327616 0.5517940913118448
1257.0573337427109 0.31432361138703374
1197.7642535222897 0.49916455283345545
1234.3763651633687 0.3859023713210385
1206.60519268603 0.4401355830359833

1264.898317909375 0.33342207405338914
1264.315752927163 0.3335757065808573
1253.8253414933747 0.34708735307043426
1223.3131699442888 0.5225726497378287
1216.1793474621554 0.5256379381963336
1216.0203823932063 0.5257066525635411
1211.2101475184113 0.5580771949993303
1210.8468418995294 0.5582446419246533
1210.80373895899 0.5582645146627637
1210.7632286098317 0.5582831933687874
1207.5188871154546 0.559783179289659
1354.9265730474642 0.23237143256052004
1306.8277370474473 0.23606397032799475
1282.0853804784888 0.26648743823532645
1272.613397102641 0.28618072691088825
1259.56457962046 0.33483397949398497
1234.0690325717328 0.39625929672464244
1225.329561450357 0.41188151043531745
1216.437781741787 0.5255262655206375
1216.3198524979418 0.5255772183312707
1216.2066483741285 0.5256261388897769
1215.929429601829 0.5257459759702555
1213.4419769221254 0.5305142936696281
1213.003708285233 0.5572520158552173
1212.5697978588287 0.5574514249615974
1212.3972124232967 0.5575307784902751
1212.3749185832428 0.5575410306835614
1212.3319293661905 0.5575608010548625
1212.230690482144 0.557607365486641
1212.104512869028 0.5576654112786383
1212.0753320177719 0.5576788371367408
1212.0417943846883 0.5576942683110658
1212.0366080176284 0.5576966547135587
1211.9812734963477 0.5577221170520313
1211.918376648455 0.5577510620402736
1211.8503420367065 0.557782374798658
1211.7443647248645 0.5578311575934412
1211.659346180492 0.557870298952086
1211.6312186481236 0.5578832496871361
1211.626133355691 0.5578855911680515
1211.5737777676309 0.5579096990092179
1211.545744158323 0.5579226083216451
1211.5215878550098 0.557933732636628
1211.5132568792903 0.557937569270155
1211.315084895423 0.5580288482415433
1210.9074567109305 0.5582166976804434
1210.8749694318979 0.5582316744056016
1210.7957158888644 0.5582682138791475
1210.7675883564957 0.5582811830958719
1210.742130901354 0.5582929216963654
1210.717994868849 0.5583040514360426
1210.6855075898163 0.5583190328489613
1210.438106132793 0.5584331476818559
1209.53919256864 0.5588481678268898
1209.1977585672835 0.559005966470445
1209.165271288251 0.5590209855776297
1209.1572482181255 0.5590246948260137
1209.1247609390928 0.559039714939598
1198.09641797114 1.3376499354945435
1197.4045460568727 1.3384228425496718

1243.3430325958186 0.31881956398243555
1330.0765741800528 0.22042974764522494
1261.564031910752 0.2839829177811489
1255.5531216707059 0.28903599100759675
1254.1173480982536 0.289366893245737
1252.086651506338 0.28983620290830736
1250.9027599127726 0.2901105125150413
1250.3535944125833 0.2902379314191237
1249.664386063068 0.29039800192118087
1247.1422496480282 0.2982604929078578
1244.197970892495 0.30123212399283533
1242.3426945462093 0.32157804468132756
1242.3379017768007 0.3215792852853636
1235.920085008639 0.35249380404966524
1229.924584374838 0.36987630605079413
1227.1383268565896 0.37192613134109126
1226.0492402498066 0.3842843162277465
1223.1991747339089 0.4012447948964493
1222.0397795938143 0.4016254709374092
1219.3414183680557 0.41021611678624553
1219.1332440264991 0.4174513546413898
1218.849265718493 0.4307909153181215
1218.2264363627291 0.4469411032673099
1216.960191222724 0.4474061447731558
1215.8007960826294 0.44783279403310844
1212.3048730631158 0.5349502803591855
1209.0420771805566 0.6201142425756387
1203.3655259224906 0.6795815091487206
1203.2537851004245 0.6912607136421955
1202.8884814137073 0.7398024433240251
1202.810760393692 0.7406902566824249
1311.926699092293 0.22347928721794297
1275.354501965626 0.2314816237411734
1285.5505102683155 0.22806450719244092
1302.4383650661039 0.225107345928384
1212.2451694270871 0.5358495377742135
1294.944207863276 0.2264100969099744
1213.2796290045053 0.4989115374303794
1230.155615106125 0.35414557875143066
1211.7534579002659 0.5797704378255782
1267.8882439121153 0.2735869732739503
1273.6367982082122 0.23179381388473067
1324.4993566992393 0.22135793582111202
1203.805641386016 0.6709393864460348
1319.1432925126269 0.22225670649993312
1215.0932230033368 0.48275390628350023
1215.458526690054 0.4721978030252858
1212.7478977698488 0.523423363323032
1301.632728459118 0.2252466745688032
1256.1903522825128 0.28519772827326556
1239.2243838395552 0.3289842452697746
1225.9679676936125 0.4003386017555983
1263.0408268964527 0.2836508742398215
1261.4695154448275 0.2840041953954257
1235.4105570248685 0.3526391852399487
1211.2810619339912 0.6189679963590111
1227.2011398847412 0.3706971475208616
1213.1678881824394 0.49895749049744764
1225.9789317164955 0.3855175078969208
1211.003862846573 0.6191096782883557
1238.694279526244 0.33782474996897477
1212.3825940831312 0.5340185025794854
1219.5733594900244 0.40837824272171497
1223.3303842216287 0.4012017589965259
1239.0670543454794 0.3302243778824577
1217.2907804796291 0.44728463915814
1253.4170938413931 0.2895285556323324
1218.9269867385083 0.4298707816253171
1242.432418242725 0.3215548215502635
1219.43593483398 0.4101843216123325

1236.0536697511343 0.3692435221037312
1235.9856173657195 0.369263852358489
1217.393793546762 0.41804782224533776
1217.2405651375357 0.41810044684939535
1217.1288243154695 0.4305058643469145
1217.0511032954541 0.4314273980705828
1451.8129358533433 0.16931171373174803
1431.2602790830783 0.23920014911412718
1253.4306192686295 0.33717753136303635
1253.2102814625919 0.3379608369927885
1252.5304063208036 0.3381442825768716
1250.4566502680668 0.33870506071543544
1246.417879334978 0.3398025675602807
1241.4703571554373 0.3411567527246542
1241.3163115805864 0.341199089788622
1240.817978941457 0.34133612088082776
1240.7234624755329 0.3413621233582642
1240.4574202363287 0.3464483642043592
1240.3629037704045 0.3464747637966965
1237.8935833586422 0.35881823412996317
1236.9347937808006 0.3689804934123563
1236.0801338316437 0.3692356167179644
1235.545421013242 0.3693954125570422
1234.9581529087345 0.3695710736863163
1234.544420636767 0.3696949278607095
1231.4767851894026 0.38379638834749175
1229.5273866166535 0.3912219922396006
1229.5072845994632 0.39122838858333253
1228.8525765407776 0.3914368272387757
1228.834300881429 0.3914426488260361
1227.9048050704082 0.3917389619448025
1224.519495466906 0.3928219644407588
1222.3375186415929 0.40006243733726043
1221.882766963824 0.4016770800386813
1220.8959211868523 0.4020017541761436
1219.7809201944374 0.4023692237335355
1219.0312595526516 0.40793833966778204
1217.2364640526862 0.4181018555037191
1214.7660164032293 0.45806017919150605
1214.5299362173298 0.46913010931950777
1214.5258351324808 0.4691316934293949
1214.3363732903993 0.48249639987997783
1213.3873059650343 0.4847013096452009
1212.899254400321 0.505405624760903
1211.724556978885 0.5578402763141979
1194.9826104447604 0.6841470411908787
1336.2106751895615 0.2436458360914168
1405.302201492662 0.2402403225272555
1261.591282268092 0.290100611212589
1275.1402595956479 0.2632708320745041
1256.3328343245057 0.3047288840801754
1212.6075706487702 0.5562623315728767
1213.0846151575536 0.4920231708306942
1220.6228916507725 0.4020916741286504
1248.9155596806177 0.33912300344738716
1215.2020307819055 0.4489412678235288
1215.1591225917853 0.45072337148208164
1217.6336713260916 0.4107914502190379
1253.7641473638414 0.334213457964585
1225.6350455819984 0.3924644252293742
1224.6816760818956 0.3927699443044093
1217.3309805186109 0.41806939308354646
1214.7619153183803 0.45806172562100567
1214.6203515984053 0.46909518764414454
1242.4463071157325 0.34088877179270627
1212.895153315472 0.5054073336566346
1212.6116717336192 0.5562604502789116
1206.0143862231428 0.5604815078522062
1254.1115845227264 0.3302423293503979
1200.7098793123375 0.6724684200488342
1197.9202129966725 0.6824693400616374
1216.3634628478144 0.4425563849685981
1232.3422388077715 0.38016035580901064
1242.647758804289 0.34083350865140094
1205.5373417143596 0.5656185466179554
1196.514465496189 0.6832711519883745
1198.360328460198 0.6737868872175471
1214.4140943104146 0.4815695377842226
1212.9728743354874 0.5044779022756339
1227.328173482023 0.39192301138222213

1371.3320244276379 0.21476321479562768
1325.0087017485012 0.23231686280366845
1313.3826722052434 0.2404280974196021
1306.1502987639371 0.24175938815081954
1305.019705439293 0.24196883445210843
1304.9168213964572 0.24198791209102036
1279.7954442985456 0.24673794430894774
1279.0636006539335 0.2468791207104456
1275.207495892915 0.24762565941558473
1274.4756522483028 0.24776785378765176
1274.467045024853 0.25422167341859003
1272.2145839771852 0.27241477405850917
1271.1277496207367 0.2726476930044918
1270.6497814627846 0.27275025227573746
1269.1049766254669 0.27308225468440783
1265.02421790853 0.2746042574075243
1262.1562919586927 0.2838496603251817
1260.0563471149385 0.2871482430068678
1259.5783789569864 0.2872572062274677
1254.2688692104623 0.3083488345318159
1252.3351668105183 0.31653034589962503
1252.1378633448355 0.31658022262332136
1250.9032896315123 0.3259127240423617
1248.8670159135143 0.32644412370771614
1246.9632542597876 0.32986860335164775
1246.70339354769 0.3382881788938148
1245.2898047799522 0.3386721861892309
1244.6694790441416 0.3388409756362556
1244.2488674250276 0.3389555190006225
1244.1114427689834 0.3389929600561514
1242.1077915039593 0.34098167530069434
1242.0101656459126 0.3410084775198309
1241.9504620098835 0.3410248706423003
1241.4934496082876 0.3411504070236524
1241.485951416536 0.341152467466757
1241.430636580136 0.3411676683103396
1240.936135548261 0.3413036203220419
1240.8300185645064 0.34133280893788065
1239.2995521543821 0.3494704195259369
1236.4769509723506 0.35340561235291384
1230.9757701625615 0.3934924999615025
1230.455944732814 0.3936587370452197
1225.578052920073 0.40637740226508035
1224.3997111872732 0.41565578589831353
1224.3368981591216 0.41567711058322687
1223.9593988266179 0.4158053156788638
1223.9546060572093 0.41580694389202383
1220.3393204282265 0.44616727362869923
1219.5693688568706 0.45826910484382866
1219.4974224907262 0.46005610907806543
1219.4319442008261 0.4600808121272382
1219.1947316832452 0.46733515733193093
1219.1292533933452 0.4673602574653476
1219.0580229204372 0.47926979536857545
1219.017512571279 0.4797509699775667
1218.9397915512636 0.48067421575455677
1218.7960246893851 0.49665341269378205
1218.303872039823 0.49685404350402645
1217.6153806043076 0.4971349858763904
1216.8117673473384 0.4974633063906013
1216.3973357177915 0.49763279420733153
1216.3196146977762 0.4976645922050712
1216.0320320310743 0.5324158577996745
1215.8946073750296 0.534241216110741
1215.879940356992 0.5431648952309243
1215.6904785149106 0.5432495459075751
1215.4028958482088 0.5780295860931003
1215.3251748281934 0.5789618627814402
1215.2654711921641 0.5798610474738726
1214.2479730132275 0.604771091846178
1213.316146022881 0.6119208466510734
1213.1266841807994 0.6243708398176613
1209.9891881605226 0.6268589724543493
1208.5576456622819 0.6276014900021822
1208.493082104323 0.627635019515735
1207.9007220399803 0.6279428146132626
1205.4869260585788 0.6573365475176388
1204.4595253110276 0.6682113557543358
1202.5635325464273 0.6826700852958221
1200.9365333027304 0.6835949499174488
1197.014146164037 0.6914551351741086
1196.8767215079924 0.6931996705637778
1196.5740307005115 0.7001538546535643
1196.4622898784455 0.7119012752813901
1196.3822507364814 0.7484053802938002
1195.957243413735 0.7981048516275433
1195.1558946830573 0.904539433741513
1195.096191047028 0.9045846219811968
1194.5267585001918 0.9050158387132275
1194.4670548641625 0.9050610745663348