1273.64804138915 0.3523616011214319
1213.3901230520967 0.43377308780014295
1212.8564096019843 0.4393363603374966
1398.065232595545 0.17440614007481164
1361.9491302887316 0.21040528171181
1326.9200440165569 0.24000162843730888
1306.6185406351133 0.26312433296981885
1294.9793418771887 0.30490653710533
1266.3266429507917 0.35794795447346756
1257.1607763528916 0.37532340781038837
1241.8560257904162 0.3961965266421244
1225.7586081320567 0.421443027836493
1221.720720331175 0.4228359318222798
1221.6882330521423 0.42284717592575116
1220.03673144447 0.4300674270894136
1213.357635773064 0.4337847019416992
1213.2045070215386 0.43383945355979386
1213.1720197425059 0.4338510712555153
1213.1576453271666 0.4392272699751558
1212.703280850459 0.4393918355963011
1195.9553357658901 0.562121267203733
1191.2148657137654 0.5834788213636062
1211.346380786837 0.47300990575309904
1201.5368412267696 0.5432876674444308
1365.9511262461108 0.20122456576041198
1375.0374295825818 0.19989486563450065
1329.71076980396 0.2327308826625274
1229.1112176779257 0.40505579922651297
1194.3868379778157 0.5815756580054943
1283.0053469028576 0.3080158382127164

1261.6048989165745 0.3142046165746624
1195.7420425563196 1.1791234819711773
1327.1004956156298 0.22057161462772765
1297.9331211583703 0.2260749426531788
1264.6965460822971 0.31343651942495543
1258.5490312829645 0.3149675329921043
1258.451340290505 0.31499198327469
1228.0893278616409 0.3996470703301382
1226.515157819913 0.40015999708963806
1211.726348198879 0.9403729379965355
1205.357513158347 1.0439157352708972
1194.709613909911 1.1801424415964004
1191.7049173044065 1.1831179852371008
1189.8672159229563 1.1849452627070511
1231.7776822770275 0.3837026350532437
1244.8553953798794 0.3402290717644515
1268.3659376800633 0.2885373362029614
1220.0993243297833 0.4807731536329563
1258.4545148170403 0.3149911886886343
1270.5719268133173 0.28196958172081876
1211.9415071908875 0.5814514189861193
1286.1754551827576 0.2716198462593462
1235.954365666657 0.34819610740336443
1211.0972120160134 0.9408614393610926
1208.8562983727013 0.9948821765032795
1203.8884280737523 1.0575793871613328
1199.4549649696214 1.1754734958257016
1198.5468264827794 1.1763641516584442
1213.135676899463 0.5336869978965766
1203.7925991608888 1.1712379040551788
1278.2918763429054 0.28026669134026544
1249.4189095561876 0.3389863819185448
1220.3392501154926 0.4293733045822181
1213.6641616958402 0.4990069599211174
1232.9370774171218 0.3701768880892712
1219.9739464287752 0.4808225631543973
1227.4231392607162 0.3998639803052974
1193.0711462391719 1.1817631540271034
1203.300243393635 1.1717171408375644
1212.3665145136338 0.5447389815796179

1183.9058399275164 1.0585491450847733
1182.6149288675679 1.0597046292288785
1179.512684758821 1.0624917653788466
1178.9784675523679 1.062973200280672
1425.2928548664484 0.2572160598108523
1419.4058716919342 0.2747800179302451
1278.0514375121927 0.3346007481914658
1244.6913655761261 0.3902093336069994
1230.6301885828755 0.4687734908702048
1229.3977152099687 0.47458683281749636
1217.7450632182288 0.4937583522582583
1213.8920772204208 0.5318049057386057
1209.5579995928288 0.7158338166878897
1194.8581875165366 0.8584044098355734
1193.409541336091 1.0185216251674032
1187.9007157995284 1.054989274817171
1187.7960642562825 1.0550822253320278
1187.5770089282723 1.0552768412442677
1187.0451969332944 1.0557496192679234
1186.6483901268568 1.0561026544536658
1184.6873296004285 1.057850863601985
1184.2433850457305 1.0582474266197808
1183.7940991054502 1.0586490637714423
1183.1060448106134 1.0592647381129334
1181.9997407461635 1.0602561671671926
1180.6134838626667 1.0615011024742134
1179.6511493496955 1.062367052672313
1179.568905870588 1.0624411244472354
1178.675776744887 1.0632461779923308
1178.604546271979 1.063310436634736
1178.564035922821 1.0633469854142155
1178.4863149028056 1.0634171130103458
1178.061307580059 1.0638007603275568
1178.0331800476902 1.0638261603679182
1406.5512050864945 0.2772912706365501
1212.009658924237 0.569001920207938
1260.4840213956027 0.36518633630569186
1194.8348858363538 1.0173066085872546
1208.4143445366908 0.8487747120260978
1335.6458326555191 0.2881084244780863
1336.0036886248968 0.28803125304479965
1294.659976905759 0.3216121253933273
1331.5762035243945 0.29316584578080906
1213.8278277385443 0.5392521608019576
1234.7330470220654 0.4238967109161004
1217.8899833794326 0.49193730780342754
1334.0003594131445 0.2884638027207054
1188.5223544768817 1.0227097714682185
1223.264620935282 0.4769662736493331
1209.669740414895 0.7157676929712529

1471.0824255876687 0.1557699616062885
1463.0054141818441 0.1567069691431392
1460.7294564940153 0.15687398644200323
1354.5990164338898 0.16459805258146565
1345.8015029775083 0.1718180350049122
1345.6707572488485 0.17183472889088885
1305.8645295987822 0.21341188036074724
1304.9119118211145 0.21356767628026904
1260.472057511898 0.2955094104789766
1257.7189327159028 0.31142996967066766
1224.290751227586 0.39383160386630683
1224.097356787163 0.3938938250958751
1218.34338595587 0.409766256600788
1198.8617559014335 0.8956537949611618
1198.71484653485 0.9081105624871292
1198.5100321182213 0.9082657502870689
1198.4417654888427 0.9380801823331075
1192.1020047079282 1.2914733763009307
1191.4516920434173 1.2921782823395858
1191.2468776267885 1.292400450175698
1198.0900417056305 0.9383555749156357
1437.8692794419517 0.15936807067914546
1212.4099608406048 0.5077177555289688
1298.0247000535358 0.23117457655594958
1218.2805729277184 0.4109191327274007
1266.339613378256 0.2867719914180006
1243.7416128982231 0.34889259776878206
1232.8724708164627 0.3777426873274041
1239.3253527247434 0.355859789957018
1440.7164709728054 0.15905312222796286
1361.2253043679343 0.16354140442578002
1454.6141133688366 0.1575335003609805
1302.928419203645 0.2138927976783355
1197.348622091534 1.2858143171584662
1433.7148603282374 0.15982986526415358
1364.6438596542305 0.16338648252906154
1199.1734782764388 0.5761649387519978
1340.9147479814687 0.1724441990785298
1293.9780891115938 0.2772423141748636
1248.065453772002 0.32294745081522697
1235.3134541556615 0.37043571902673966
1336.5759509808038 0.17300398797282715
1271.453029135804 0.2856186775431366
1221.581650471054 0.3980439683836682
1200.3991208394984 0.5755766575211825
1205.5713856228367 0.5545646979407194
1353.1562975702918 0.16477354503255734
1282.4255120251048 0.27973981845570406
1309.9020959518236 0.2122704408514133
1357.2186412581068 0.16428035495231985
1346.0300061598814 0.16564590619334482
1207.3963541257208 0.5169917505509307
1300.210593606139 0.23078592950223045
1197.6020822764283 1.285542187759737
1243.2192873455197 0.354745187915077
1194.5421333170107 1.2888352432075174
1341.7677329752607 0.17233457331360377
1311.8285757744502 0.19837698558517272
1196.9210132218686 1.2862736838173234
1308.9422097629902 0.21291009081947213

1222.0999194626065 0.586638708657107
1213.4830263651224 0.6591082420065355
1538.6242741895996 0.24952229624321937
1418.7299274108282 0.2800815182990227
1402.7058590233066 0.2998632739882587
1402.365766649871 0.2999359948254198
1401.075370608098 0.3002122370809238
1266.9656328359722 0.31125443801866437
1260.916487276531 0.3127476561822746
1256.6963221889075 0.31497945652167486
1226.0499087104017 0.511953385155336
1222.798668543632 0.5863034831869515
1215.7798762908526 0.6350123316209528
1214.112162547988 0.6463368930907011
1211.160223218091 0.6920573931288543
1201.2330090512885 1.096837521948436
1197.4500082186723 1.213503017839011
1195.2898382126966 1.215696103346386
1193.585418619188 1.229700065355966
1193.3709098688025 1.2299211042820761
1193.198149626043 1.2300991815516542
1193.190350787781 1.2301072216305542
1193.0154250478784 1.2302875859505669
1193.0076262096165 1.2302956284925317
1192.5984737919327 1.2307177139151828
1188.4018832677057 1.2455658526441202
1188.3940844294436 1.2455740266722113
1244.64895603611 0.3180282461622582
1207.960812468579 1.043879561933697
1213.0400016583897 0.6781199417037815
1238.9442100664194 0.3759243403740381
1227.597700736999 0.44615643731896915
1226.6790448932675 0.4667694521558493
1208.904989717927 0.9280253092309877
1207.968611306841 1.0438728224805418
1200.185336679403 1.0977949793786126
1240.5260637389201 0.3681319364960946
1220.8538409667826 0.587237468193381
1390.8793623054084 0.3024129789603435
1303.496651063788 0.30253140713134374
1224.9767332639726 0.5355917081895137
1230.8796582104726 0.42424140981059677
1216.7157524142694 0.6221206812453389
1220.349616752598 0.587480103047258
1287.755010382553 0.30622958005045764
1230.8019371904572 0.42515225234459303
1203.5596139416486 1.0580666937755745
1240.5888767670715 0.36691640728375147
1231.7205930341888 0.4046392740944161
1194.460875763609 1.2165398031607746
1208.4369461823842 1.0434682651306995
1224.5502300698033 0.5357782514351104
1236.6540264517837 0.38931247877671366
1220.7761199467673 0.5872748548151158
1244.5828444593744 0.32533434731948263
1189.393471805069 1.2340340703706965
1226.7567659132828 0.4658529118037679
1197.8960095610148 1.2006957657119843
1245.2490330602989 0.31668257960271495
1282.355887964786 0.3075189030895228
1226.127629730417 0.5110335104276477
1226.1681400795753 0.5105540924629023
1303.5097229984206 0.30252837326768434
1244.7117690642613 0.3168192716083837
1266.6884337485537 0.311322552200396
1227.1711975428298 0.4463114989322117
1243.9827674351855 0.32549128330936655
1189.2158741164642 1.244713291534194
1227.7351253930435 0.44435833843745687
1197.592140884371 1.2133589968381455

1212.5844173727035 0.37611559423379143
1360.800011908244 0.19054555191821712
1349.6907794026988 0.19160579429807553
1313.3118206550264 0.20356103527478833
1304.647073712496 0.22472624934576296
1299.6377078165722 0.22559244151810517
1298.7554045151894 0.22574569666932648
1298.7364443221286 0.2257489923202726
1256.720527713912 0.2423376155820118
1211.9966005457939 0.4033073266339597
1193.5225056260483 1.2174962699362721
1191.39855872024 1.2319572292084633
1188.2947229825377 1.3809191247404065
1188.0066991930946 1.3812539187777566
1187.377563010229 1.3819857810304212
1187.3775630102289 1.3819857810304215
1187.0692560319887 1.3946800230746703
1186.4401198491232 1.395419583083942
1185.5229598768144 1.3964991260615942
1194.6092208611772 0.7463961016585935
1194.133766364946 1.2168730502514025
1288.5785196252205 0.22855547382858257
1194.6417081402099 0.7463758040427826
1317.5978134872714 0.20254529866074578
1192.336001881346 1.2187078108787257
1194.0651060863433 1.2169430220161148
1353.221921299452 0.19110581182124947
1315.5477835683407 0.20321505398003392
1338.2580007347851 0.19324268840705672
1190.4113432282127 1.3660306463002427
1227.9698644163611 0.2552994723665385
1211.0760720960382 0.4869924724503141
1220.4423053045857 0.2743887658773417
1192.9651380642117 1.218065098735931
1306.0936386436626 0.20468602398889074
1258.3116026970242 0.24023110386806842
1317.8522640644999 0.19930347540885848
1236.3597020653299 0.2534080147911195
1214.2086482389382 0.34913651610168006
1190.4813987479313 1.2329063426170515
1303.304817813931 0.22495769185224632
1193.4678664069734 1.217552009221165
1247.6404727509178 0.25111677964190565
1292.4255571298825 0.22787515497008914
1240.1079526714595 0.25264208409694666
1213.152439392591 0.3494404853844472
1202.090900972151 0.6100493569628395
1245.4396559521458 0.25156052818038216
1199.5648905082521 0.6169869544336087
1195.0667154629562 0.696640019938354
1211.2330466590868 0.4745556183291661
1198.1302255933206 0.6235799420835803
1197.424642646907 0.6696690702171176
1188.9238591654034 1.3801883914976607
1220.085944532883 0.2744689089138161
1211.1537931160535 0.48612699787734404
1195.2561773050377 0.6839904555470808
1302.6064067895838 0.22507830613080537
1191.7250040956249 1.2316197631497963
1216.069896356002 0.348132118014966
1211.1943034652118 0.4856759325842596
1202.7200371550166 0.609730243526676
1195.5588681125187 0.6770326981637476
1189.8044636766947 1.379166879004567
1300.9820402445864 0.22535933204751582
1202.7783738243627 0.5017823794582394
1190.9064060706778 1.2324663464752876
1349.7478452729472 0.19159769341357735
1293.0813946323124 0.226736263326024
1299.7223081837335 0.22557775745577813
1190.9841270906932 1.2323859184163373
1217.4492931930133 0.3480845778707061
1191.095867912759 1.2322703040318563
1202.0584136931184 0.6100658443842972
1214.6863488293025 0.348999210928192
1212.6169046517361 0.37610551770243883
1250.101574627563 0.2506224006328896
1195.6962927685631 0.6752880981244964
1197.5106381755327 0.6543884253413527
1194.4396655983571 1.2165614057674226

1369.617037885947 0.21604722844784383
1263.0710961019954 0.2263012664958778
1251.0120926351417 0.23050434430363098
1250.3865658106445 0.25113791726325563
1243.6220482195483 0.2525039487368458
1242.7196259883435 0.2754702974447503
1242.191776181719 0.27558735420363817
1238.094496097835 0.283797084663699
1235.9576960698753 0.2910778404244149
1235.3878384501998 0.2912121083199874
1234.1649009885057 0.2981676925827017
1233.9617150179183 0.2982167893182632
1233.7556812026 0.2982665907042518
1233.4250481763574 0.2983465443144508
1233.4168287436305 0.2983485324820298
1233.3100961635994 0.29837435202953805
1232.7067407311097 0.2985203930790953
1232.643927702958 0.2985356050713283
1232.2139934414286 0.29863976772942974
1231.6731300549914 0.2987708026809411
1231.262296581134 0.2988705995595738
1230.0220404070794 0.29917195684763054
1226.0251062216578 0.300147279959348
1214.216967263152 0.36604240696870427
1211.3508466574872 0.3770972470508016
1209.7301828323348 0.39115256249147495
1208.8296913043953 0.3914439431311045
1207.9185479584578 0.3917392126628905
1206.1207834748577 0.39232311342391535
1205.485254093927 0.3925299453735824
1203.8928285016646 0.3930491566488254
1203.6678586812404 0.3931226189395657
1201.360258457109 0.47001119445323253
1196.556113424962 0.47189827849346433
1195.0357239747366 0.5091905256752433
1194.980947258922 0.5092138664530058
1193.8476909964272 0.5096972361554051
1192.7967979848706 0.561049490548759
1191.9132455898769 0.5620347532737697
1188.5268655421369 0.5648110155815315
1187.7330835126534 0.5741706019822996
1187.6028985085966 0.5762444416443201
1186.691169139279 0.5766871675994937
1186.6679083211386 0.5960902165430676
1186.3993863062983 0.5963832592779628
1185.9068520064277 0.596472757737319
1185.8287487101986 0.5966436730168064
1184.9228968455905 0.5969680662926999
1183.271764229808 0.5978010731087445
1182.291692110141 0.5982966260833368
1180.52418366786 0.5991924097972332
1179.6928336629612 0.5996146710830574
1179.2658750757394 0.9793108806497312
1179.265875075739 0.9793108806497315
1178.5132706793854 1.008830189853809
1178.4309358117214 1.02932460544849
1178.3791731801907 1.0293698205638704
1178.1797639582617 1.0295440434127727
1178.1797639582614 1.029544043412773
1178.1219187905265 1.0295945934848256
1178.1219187905263 1.0295945934848258
1178.097471032637 1.029615959526231
1178.0913728416801 1.0296212891592955
1178.0091033842139 1.0296931955517092
1177.8595802993245 1.0298239096925657
1177.8429387212848 1.0298384599304597
1177.5526341951067 1.0300923481707545
1177.5526341951065 1.0300923481707547
1177.5443032193873 1.030099635942703
1177.544303219387 1.0300996359427033
1177.5353627872573 1.030107456969717
1177.535362787257 1.0301074569697173
1177.3784902072582 1.0302447073236136
1177.2733087051922 1.0303367528027818
1176.9407472621492 1.030627889190174
1176.940747262149 1.0306278891901741
1176.6331713281218 1.030897298844242
1176.6331713281215 1.0308972988442422
1176.29360835808 1.0311948899780508
1176.060142750858 1.0313995976561718
1176.0601427508575 1.031399597656172
1175.95053494205 1.031495732184407
1175.1429827785494 1.0322045707022507
1175.1429827785491 1.032204570702251
1175.142982778549 1.0322045707022511
1173.5316681808017 1.0336218364972272
1172.3922857811262 1.1948369885676606
1172.179639004478 1.1950537456463408
1171.5505028216126 1.2427306889749632
1171.2435567173945 1.243056369608496