1920.7361549312668 0.20342928451746323
1850.5790822858762 0.23723563408901724
1840.9511878203962 0.2689984108678528
1774.5365344854122 0.27638064158090764
1769.1819294938934 0.28477005007265793
1680.1907373619538 0.3024701759568181
1673.96505809386 0.32152193903661846
1615.9810121298126 0.40437570947430546
1573.7874326976753 0.44625355838505004
1563.9508559584692 0.46593588379794554
1543.3654684814933 0.5755177917705167
1532.9889693595323 0.5933476473049164
1525.9147703396409 0.7008078501187298
1510.982657890073 0.7118070792722435

1247.5799889102539 1.0636045324993244
1237.854050757965 1.082223318142157
1234.6888478588255 1.143339623479715
1232.160156585039 1.1456860334925825
1228.1908946988538 1.149388656534249
1227.9666742581276 1.1495985290304138
1847.4794123094644 0.2255167028906029
1772.738596685324 0.26093724798743184
1608.3508082489157 0.32866919146409235
1452.2787836673283 0.4475724906779883
1323.2155505476067 0.4554684951233543
1275.3733224203481 0.9572614482522771
1254.4014061989808 1.0578206659391427
1250.9424891033832 1.0607455917589668
1247.7151146979654 1.0634893456280792
1234.971563044127 1.1430778850857413
1234.642837796428 1.1433822310467032
1232.6374555576513 1.145242403644847
1231.8886103521627 1.1459385780196116
1229.8035553897525 1.1478814451614778
1229.7438517537234 1.1479371744061564
1228.9228258997814 1.1487040948986607
1227.4607018707966 1.1500724058000074
1226.630096736159 1.1508511703582913
1225.4738645067225 1.1519369962196113
1221.2803827571124 1.1558923752124697
1216.0697332929292 1.255627377221155
1209.7243213387449 1.4533466839005045
1208.8275215424185 1.4544248865281635
1203.3244763187927 1.5725707793216337
1201.8909180054409 1.5744464669404168
1201.4669002641117 1.5750021154019842
1200.6890066937426 1.5760225161985757
1200.452874066212 1.5763325244844792
1200.2113312314539 1.5766497618047557
1200.1490188348805 1.5767316223268018
1198.6689142489408 1.5786785550262823
1198.6689142489406 1.5786785550262827
1195.4491596894763 1.5829304777737079
1195.3775473316537 1.5830253075486487
1195.3540650029354 1.5830564055485883
1191.6850982992844 1.5879303284081159
1190.9397794201477 1.5889240935614575
1190.6263075821173 1.5893424304929766
1610.31846022927 0.2944373566240157
1598.2977702036949 0.351704410111951
1464.0832442816295 0.37065326232657253
1300.57216529396 0.7707971975285114
1263.6318310022189 0.9682066101557875
1212.0492170042685 1.3307337505543009
1223.0575602527083 1.154212792841764
1214.7809915893454 1.2569594522012462
1310.1471571178438 0.7401894781519781
1207.4404255602738 1.4560957158906132
1207.039076797775 1.5677312738885547
1255.0908792630423 0.9944734616042257
1282.2901015980824 0.8585935885179491
1237.3908470234803 1.1408429970378837
1218.7776173031687 1.1582660055319698
1214.1419800290682 1.257620998901688

1643.1733193669666 0.2608154948298012
1356.9782363864917 0.66348782859984
1355.3521132363899 0.6642838674353281
1293.620107565875 0.9923760797305856
1268.2606297332118 1.1936763717231273
1236.102550650739 1.3691932806625071
1861.9671448824595 0.2556975128627166
1610.287284103601 0.338047414804975
1528.2678750658004 0.37214961143576897
1496.9595044688651 0.411191035982771
1383.6348077501032 0.6507053295235711
1383.6204523002236 0.6507120807736909
1378.1347656398534 0.6533022502333407
1310.331005414993 0.8286315761822948
1295.52801238157 0.871276877456603
1269.371916236347 1.1924147698240708
1261.9076375499344 1.1994679929656966
1255.1938890005606 1.231354174748943
1252.677124129037 1.3004627669433988
1196.2860395526614 1.6321638261116473
1195.0749158318474 1.633817908462361
1192.1955555017253 1.6377638638474152
1192.0644207156458 1.6379440284511078
1191.8402739026924 1.638252073028735
1191.1063945097337 1.6392614534186056
1188.552217351283 1.6427841965509027
1782.0382728921704 0.25693592403057447
1384.9169501369213 0.4373570265360827
1629.5705091066493 0.28494027083516077
1311.047592282233 0.812933228430207
1347.123331292232 0.6810143840255046
1334.850431993772 0.7232018197879064
1278.856981816822 1.0766299189712107
1206.1842138807613 1.4068668236097974
1378.3803688541968 0.6531858432268128
1357.675772983021 0.6631469467405554
1384.3293449795324 0.6503788616361561
1354.847844679469 0.6645311110417101
1259.9380190796373 1.2013430806904095
1271.4107840461559 1.0938022184826979
1269.8357061057304 1.0951589481267272
1278.506259279183 1.087731816797336
1269.6842100547908 1.1921214813365177
1348.2297867334648 0.669586617054891
1269.8252939221443 1.1919890307468601
1245.365438220521 1.3590093755766235
1371.1822893718856 0.6541366240090365
1244.9188823824713 1.36309327273049
1197.296375354984 1.4513024048051832
1200.8438249439066 1.4470150678406375
1259.713872266684 1.201556841313936
1196.4792662191585 1.631900238112924
1306.281667609198 0.864104296396715
1251.6855514242354 1.3014929804677497
1226.2163219374293 1.3818340875544275
1363.598212839942 0.6602667376940855
1218.473890264388 1.389002521993756
1209.9624676307976 1.3987733932563673
1259.929777714041 1.201350938832752
1295.0366224839104 0.8970390425598855

1223.5023631028064 0.38545686253172134
1223.4216699567578 0.38548228608573176
1207.3384273081701 0.44335146869272446
1204.064175705112 0.4811666314161223
1893.5302202222297 0.19707160587947742
1250.3641222940885 0.21071996817020772
1244.6782965375435 0.21872833539983036
1243.8193726048237 0.21887937903701496
1243.4817866235421 0.21893880138702387
1243.029859419733 0.21901840076234572
1240.9056742472258 0.21939331696190928
1240.8197340147274 0.21940851233006098
1240.6802055331998 0.21943318729176595
1239.188259215862 0.21969737841304793
1237.3373595144901 0.22002601781682088
1228.1316012357452 0.3520805613702109
1224.9442694669776 0.3850031335604924
1224.8575324126812 0.3850303971701909
1224.6330419017547 0.38510097804431853
1224.2346620426165 0.38522629427505756
1224.1164306734431 0.38526350138303556
1224.0438791450563 0.38528633672115803
1223.2639229781144 0.38553199626258594
1223.212821397239 0.3855481024496226
1215.979539668853 0.40079810155778295
1209.5045524213651 0.4232958338046034
1205.6708731352242 0.4796098075070627
1205.2491518647985 0.47977762480609804
1205.0046845343 0.47987496049007894
1204.8568822864656 0.47993382772890414
1204.1906936855412 0.4801993392022178
1204.087890608361 0.4811571546825717
1203.9705128888738 0.48120406374631297
1203.9696592391876 0.48120440493406197
1203.8205620242993 0.4812640037138395
1203.726045558375 0.48130179252216126
1203.6028613855733 0.48135105192913175
1203.5167320642483 0.48138549967573735
1203.307077563645 0.4814693723948579
1203.1543734233749 0.4815304804024436
1201.8440444751511 0.48403560131894147
1199.7058629773674 0.504595314684022
1197.9615668489605 0.5412045643398257
1195.9175675546842 0.5430526430528848
1195.5032548114568 0.5432408429840474
1194.1179427429781 0.5450178752904727
1194.0402217229628 0.5458995311896975
1255.2545483185154 0.2028714421733722
1232.5996694581243 0.220871722308378
1230.8732194446977 0.22118152187337045
1229.9110373522444 0.34713099022632915
1199.8155357454461 0.5045491906230541
1206.2438452498766 0.44700113647140827
1205.7653896011486 0.4795722122796502
1201.9217654951665 0.4831636701908567
1217.233129145755 0.3989557702221709
1208.38432114861 0.43706833711313464
1222.326876143532 0.3858275485766019
1213.3051925833352 0.41236885287615405
1225.0717827667818 0.3787609637022491

1307.3379863504456 0.21406233423732368
1298.3720768075912 0.21554054187871347
1297.8134642854077 0.21563331610940611
1296.2522267375396 0.2158930300931025
1292.9032317265292 0.2164522557667271
1292.6901770099942 0.21648793034275154
1292.347025920237 0.2165454134086204
1288.270511094864 0.21723063485902563
1287.212887392366 0.21740911991816847
1315.2899132477835 0.21276816477994104
1308.0964865393232 0.21393821012062325
1305.7767488025775 0.21431827550301252
1305.7653911827456 0.21432013965526578
1304.5134096601043 0.21452582926549996
1302.9404320157819 0.21478481603517316
1300.4768572649139 0.21519169636272234
1299.7018529810098 0.2153200138581227
1298.4385177654756 0.21552951269260304
1298.2317788707437 0.21556383501775436
1296.7231868874742 0.21581461936145938
1295.313372890786 0.21604951114705614
1295.2006636388521 0.21606831192400575
1295.0391069089483 0.21609526654624384
1294.4630667055687 0.2161914296307631
1294.3719114238431 0.21620665476853124
1294.2415895822821 0.21622842539438195
1293.4306986255253 0.21636398555615358
1293.356999793272 0.2163763145365354
1293.047898534251 0.216428038986435
1292.861724185053 0.21645920500253155
1292.399996752073 0.21653653799024575
1292.358286248246 0.21654352664671406
1291.9302083911928 0.216615277804976
1291.7996737260626 0.21663716649509218
1291.015777472672 0.21676870715177812
1290.2203839236026 0.2169023404701297
1288.7250191673024 0.217154021868934
1288.6251066838133 0.21717085872669195
1288.497725417405 0.2171923283020477
1288.4464458308398 0.21720097245861045
1287.997549605446 0.21727667190129837
1287.5726184851067 0.21734837862936104
1287.343209233927 0.2173871109024867
1286.384514947457 0.21754912138905017
1285.666421753358 0.2176706307796732
1285.2090201400563 0.2177480990327953
1279.7567388148661 0.21867579400633502
1277.703752036911 0.21902715754662214
1276.3452105085328 0.21926028999928454
1267.6324559953841 0.3021896915947672
1267.3689723573825 0.31232698070521286
1267.1979903891497 0.31236912272429607
1267.1928563863355 0.31237038828063746
1266.6781649594022 0.31249731425546157
1265.9444867207496 0.31267842210143076
1265.0394136035852 0.31290212804380557
1264.8695000814832 0.31294416107776335
1259.9864633065517 0.31297850216774736
1259.6647430353653 0.31423720221145907
1259.5199261736054 0.31427333252152945

1255.599007228538 0.2591624623841991
1249.2832991391867 0.27390713221796964
1247.4872702650066 0.2743014810261966
1224.4996183090652 0.3393419920413473
1350.6575321993348 0.17106160805182796
1335.668571258522 0.1860951921651641
1299.30995669873 0.20194868744757513
1295.725762991546 0.20250731122075113
1294.1767416065434 0.20274969554556208
1289.7914744357643 0.20343904076250915
1270.403747735804 0.21591683041769733
1269.4290261207495 0.23225949044765437
1268.994533214646 0.23233901411645938
1267.7025761073232 0.23257579839555886
1265.7570544233554 0.2329332771529266
1263.1255887178454 0.23341854634228898
1257.5727239472076 0.2587557158993885
1257.5402366681749 0.25876240059137573
1257.153420309776 0.2588420197753753
1256.96121528584 0.2588815999438018
1256.68237161953 0.2589390428554705
1256.1698693680873 0.2590446868815579
1255.8462739337813 0.25911143524056973
1254.8226148200347 0.2593228131509033
1254.7247540575856 0.25934303872478576
1253.9262653460344 0.25950818598628284
1253.08349726071 0.25968271962071965
1252.984357323723 0.2597032665080844
1248.5083759160786 0.2740771406871358
1248.2739246164683 0.2741286179635255
1248.081347264715 0.27417091565782475
1246.437928429265 0.27453240790436806
1236.4851887126101 0.30700745345194014
1224.0306356054066 0.3394720096407955
1187.4213236442793 0.7042423362517657
1187.006892014732 0.704488215446716
1184.7869851946007 0.7172844799205856
1184.649560538556 0.717367688133565
1199.550861708225 0.4548101186477354
1213.4584116425087 0.387576802422833
1281.2995927300944 0.20478734390587405
1304.7736253375958 0.2011030382952312
1204.776994026633 0.4254743662433304
1222.5559135876235 0.3398815016251492
1265.008217692406 0.2330711647898233
1225.0605720327387 0.33291064275265014
1274.4838183911734 0.20588252008888075
1292.7906189064338 0.20296708260834392
1254.047645879901 0.2594830679277615
1195.5765108920043 0.6415580444731812
1198.8149047906509 0.4596314496317448
1244.5200229193456 0.29453285277068214
1231.9536707619197 0.32151499767048264
1219.204177835697 0.35004945476417154
1319.4654553686587 0.19886381964396432
1260.9519791677526 0.23965249981478523
1217.1786821953708 0.3591061414675817
1252.199815332608 0.25986597865299177
1185.8724093858636 0.714467868276227
1197.1952755119332 0.46025326343979267

1319.5235234150286 0.29589196377318233
1313.6335874187446 0.30468730568233743
1267.4046374204638 0.3492683410666203
1267.308621243634 0.3492948029798707
1244.6879818535713 0.3959062056705324
1206.1998809733548 0.693452114265036
1396.145396049106 0.26463185535389766
1341.0052368528864 0.2808832571448697
1310.384314400178 0.30544281857315414
1308.7592896589692 0.30582207252850546
1306.486409351679 0.30635410788777845
1305.2113747872063 0.31670586304581455
1300.1687559366333 0.31782281880212016
1299.2268670873193 0.3181646757628315
1292.4176759585516 0.3249064609319249
1288.950567352259 0.32578041685814096
1285.9778469407868 0.3308588015748103
1283.7179664196085 0.3324513551261911
1281.97323490419 0.3329038125885153
1267.4555049643009 0.3492543236730467
1258.2477431066866 0.37180525947423787
1254.2867938563088 0.37184978825310094
1254.190777679479 0.37187825568856486
1253.6377824524113 0.373172486628062
1249.5186768475148 0.39349981065027445
1240.8544570573033 0.3984244621572625
1239.8339102220966 0.40015230029838766
1233.868393658748 0.42345896827837703
1225.0627960968359 0.500528865249717
1222.4224097027097 0.5016964543011536
1217.723860098226 0.5282006232172485
1201.2503881500606 0.7422696169358547
1195.566191355105 0.7522064308612487
1194.1709747440336 1.2184295761330755
1188.56744020232 1.2241738965524074
1186.9294624651047 1.2258632720818246
1185.293988198789 1.2275547240384468
1184.2050102321916 1.2332143797126858
1180.5459620742267 1.2370366712196892
1179.6348301829612 1.2379921394145699
1206.1081226720405 0.7004685561691086
1349.9122186864452 0.2735722539237069
1215.1122655842687 0.529335864699812
1226.6953450819622 0.463596763496428
1208.6645148167042 0.5659308658355908
1193.4845430029186 1.2191303549913142
1228.4362012458928 0.42709162981966475
1241.680521638666 0.3981593985351786
1262.73443731955 0.35469445999886595
1185.3023191745085 1.227546096088906
1230.009190626732 0.4265454464224421
1342.8618349511503 0.28049491687971634
1245.6058423904024 0.39561447078128836
1194.1646319550237 1.2184360478050027
1322.0229597559182 0.2918129559064067
1194.7894726407633 1.2177988406374858
1194.7811416650438 1.2178073321111278
1387.7761666558547 0.2714169098920497
1329.3691648268684 0.2833418502110523
1281.7557415222905 0.33638729789144156