1797.9974062006725 0.2062404856465501
1796.2891883701473 0.2730963727955212
1728.6154012793013 0.2959640399429332
1722.5839997369985 0.34802208979752014
1721.646631617889 0.3766023166927935
1630.4366178214066 0.3834123053242147
1543.3609975657687 0.4708760931875694
1503.389514795639 0.8998191229431862
1493.108195654365 1.0628743813814032

1218.8320924882864 1.1582142373225044
2304.6791076689888 0.2364224188458887
1721.7051557157763 0.2589025663775343
1387.7472456291896 0.48818981756680924
1370.281042443017 0.4944124991065321
1345.8529311097425 0.5406897355729874
1330.891478421827 0.6531171857442928
1329.4733993965417 0.6815921880172551
1248.3946434317374 0.9443541829374259
1212.1357467805478 1.2844293364102422
1205.4073464816474 1.4585516140939012
1203.5770804142123 1.5722407316448725
1201.8298222002804 1.574526504956451
1201.4506132082784 1.575023466381466
1201.4394528199246 1.5750380970592834
1199.7040163626918 1.5773164744739512
1199.074880179826 1.57814406821503
1197.1518202402294 1.5806791398619056
1196.5226840573637 1.5815102669718542
1196.285529531198 1.5818237893782787
1195.8690810498865 1.5823746424149763
1707.2523829302465 0.31309598285573936
1773.9326052968531 0.24700458786605206
1557.8961553655035 0.33188946269903313
1443.4545854444566 0.35733855253958774
1432.560286506675 0.44641996785952864
1547.1680288049756 0.33419079784405353
1342.8106410472337 0.5827002854870735
1204.8165565023219 1.4592668247816074
1210.471030801614 1.2861957645078377
1209.0145738953456 1.4541998655870971
1228.0261679079508 1.0918086724976317
1204.1734859455603 1.571462029007829
1218.4044836186208 1.1586207219403064
1239.6216455450203 1.0015012701646915
1215.220157541597 1.2565052021698078
1209.2511046394227 1.287493314583916
1209.8802408222887 1.2868238197016355
1204.7901808614683 1.5706576460876938
1303.4749126594988 0.6834499670680166
1227.843773891655 1.149713597480911
1214.8997958344623 1.256836534970234
1279.1369120639847 0.8082454777700487
1263.1444520768707 0.8890977801740186
1707.907645351801 0.3031009411853687
1226.1943989447889 1.1512600968005848
1278.4576320359176 0.8104164002938461
1219.5615967526605 1.1575214291630516
1238.2432781216794 1.0763806315719073
1208.4463773469324 1.454883612387798
1292.186584478205 0.689420472888485
1206.0364826645132 1.4577907518743964
1211.8464237999847 1.2847359882405684
1200.8214770254126 1.5758486550298385
1202.638950282763 1.5734671732164687
1221.6859048693204 1.1555086923725408
1208.2107509382297 1.455167345172332
1223.923202748861 1.153396454332254
1207.0915139557492 1.456516602531517
1217.8602076963416 1.1591385230459017

1246.5220580798057 0.8342597434186064
1208.0775863872855 1.414645949465605
1206.6479238652162 1.416322052540866
1193.3101681164246 1.5724790138572398
1477.1617164732893 0.23745925228214254
1374.254737240463 0.29057754114407425
1275.5902574439863 0.4619813489793632
1257.385006459914 0.6392998293266449
1250.6763146272478 0.7292788196972284
1250.5645738051817 0.72934398243775
1246.757103953904 0.7512914042129025
1231.7327296191359 0.9451344153897757
1214.6563929521333 1.322720692122155
1210.1108058256025 1.3511491210640956
1207.816768111137 1.4149514308330122
1205.6835642666072 1.4174548902161646
1197.8649234494012 1.5016218151323928
1197.7872024293858 1.501719251120115
1188.4930152379343 1.605395801930193
1187.674417212987 1.6065023121098114
1187.249409890241 1.607077402095932
1336.808672279182 0.36794188371190284
1308.628317285512 0.41180365668204366
1217.0556446456121 1.235484351404091
1227.4680318017827 1.0587892485873955
1279.7668066177066 0.4495442513023231
1211.5219864122976 1.3392318720495693
1262.3222449036882 0.6110696117637551
1208.811357492092 1.352601579682067
1205.5653328974336 1.4175939018713932
1286.2572302694718 0.4301239752234538
1206.2721901003147 1.416763213351404
1266.1083086899755 0.46544115051945695
1250.421721030577 0.7294273053757477
1224.625541631079 1.0612468145368594
1198.7762932957087 1.444615199875154
1235.8727997843398 0.8941963050949807
1264.8717642052543 0.47987029231903866
1196.3311224398446 1.5685082174896663
1193.2696577672664 1.57253239799676
1237.1532019108258 0.8405775216303808
1246.3644791512647 0.834365219592464
1255.678985873873 0.6638274496204397
1189.3861443636354 1.6041902844825777
1233.030309613636 0.8962576852476783
1251.272270381304 0.7175117113248346
1279.4530054117918 0.4576416193756866
1254.2236219631466 0.7163796856132244
1229.0913166914197 0.9923014496963283
1231.407024723999 0.962406196354584
1279.5453589946205 0.4533567445945125
1188.3035533958528 1.6056517645123416
1216.332054219069 1.2553565816474161
1218.6827813932507 1.1835619003330415
1208.7774604572846 1.4014823317693563
1202.2895138495367 1.440393877345006
1254.6952383533696 0.7161104119354177
1245.492564483487 0.8349493220544068
1230.7385809123646 0.9629289023753501
1250.9244493733386 0.7291341591505057

1950.8378692136343 0.23375204904127983
1398.5900861825316 0.2561827197594628
1177.4124902059407 1.0188878964948205
1176.92895515005 1.0193065012150309
1175.88179130721 1.020214229288324
1174.3162319684498 1.0560027200342004
1174.1267701263682 1.056173120902038
1173.8391874596664 1.056431876177763
1173.701762803622 1.0565555701107694
1414.2662917967314 0.2470203175493973
1202.3909021997272 0.4165409783404286
1203.2533226288076 0.41624242653715154
1221.9100005811545 0.3316835511386833
1213.994985575609 0.3681040409366763
1178.5433269340313 1.0179102524584651
1177.923836142374 1.0184455893018018
1179.265875075739 0.9793108806497315
1190.5240809269824 0.5111201682015467
1175.1429827785491 1.032204570702251
1252.9880584977263 0.2772379895977692
1175.5164876204929 1.020531271221062
1206.513794496917 0.3703865317624312
1177.3719798567824 1.0189229538132774
1194.6469732241721 0.46418084843268037
1247.2538660463863 0.2785125785410895
1174.6189227759305 1.0557305957649323
1189.661660497902 0.5114906941161059
1187.0819250973361 0.5958823190554904
1230.2398101449892 0.29243070664861304
1178.8044406536653 1.0176847779665932
1180.6491864778461 0.6204375431559804
1180.4081696795506 0.9783631902125127
1218.3224486523884 0.366796540900599
1233.5791529150579 0.28160000070286645
1260.2400847727451 0.2756426291507485
1174.852388383153 1.0555208019329234
1179.9269625843847 0.9787621939845328
1181.3204594958936 0.5987885207183407
1241.6889011539217 0.2797608080454771
1175.2804074345936 1.0320838757964232
1175.3790629644484 1.0206505911607726
1221.3177163289135 0.3318444027675758
1203.332155447924 0.3932322915130695
1188.517849396554 0.5951623955795067
1252.7811760095046 0.2772837722821006
1193.6701205284728 0.46611779797892555
1180.419115233947 0.9783541182419053
1191.558729443965 0.4899791825326292
1176.296222936757 1.0198547883266968
1219.3351275972911 0.36648830516990094
1176.8692515140208 1.0193582115509685
1179.5019552616384 0.9791148691944508
1183.5029945304893 0.5976842760051281
1207.3762149259974 0.37012196724004015
1245.846375415663 0.27882722716275793
1247.038053398359 0.278560777982093
1177.7864114863296 1.0185644219979892
1177.294258836767 1.0189902196906848
1235.6285528615988 0.28113294203458794
1179.7686034185006 0.9788935722600601

1273.4587155479737 0.30886892604620786
1273.453308599999 0.3088702374709793
1270.9828003620942 0.3094706126026477
1270.8020794008428 0.3095146224665716
1268.1466616233486 0.3101627262354527
1267.7731964775855 0.31025409507657165
1264.0504345401548 0.3111678261307469
1232.9822316595048 0.37016333148115454
2074.330297118458 0.23712163229139913
1277.538844604664 0.2844752797938196
1277.221707245271 0.307958926476304
1276.262438873409 0.30819039552922234
1274.7463320118568 0.3085569387085143
1273.8304439683286 0.30877879210529013
1273.4633005548972 0.30886781398733365
1273.2753735947963 0.3089134008183989
1267.7089616044505 0.31026981566626566
1267.0374998187676 0.31043424199500547
1266.859564813565 0.3104778436064221
1266.8563441108195 0.310478632927838
1266.0897795696944 0.31066661478711843
1264.2383615002557 0.31112157154345804
1263.670418880126 0.3112614016747021
1263.3327320621934 0.3113446013493477
1258.548257422944 0.31252820344043747
1256.1093715925513 0.3131350141403709
1247.1783932741082 0.32932779931449824
1243.58856427376 0.3302784597809608
1243.1995393862126 0.3303818112837607
1237.790254339225 0.3361717879049545
1237.6805815711464 0.33620157660090594
1237.1597971734118 0.3368415256969329
1232.5464305828277 0.3702942130239533
1229.6500648964013 0.3930772781821972
1227.007666693965 0.39853974855277075
1218.8492657184931 0.43079091531812147
1218.424258395747 0.4831956291968933
1233.2108163402447 0.35928016690852005
1252.1702194698705 0.3245317902270462
1248.6127956712123 0.32894946858906643
1228.8467360767552 0.3979433013084802
1252.773249525228 0.31539849770284206
1237.5881027449293 0.33647529463348835
1237.9534542194667 0.3317818729045194
1232.9747361543452 0.3701655817796235
1264.2283695453573 0.31112403052380183
1219.2146171930303 0.4306618239392049
1229.6507721530688 0.3711662049615962
1220.5362717998787 0.4021202100449221
1234.388617262882 0.3435442714547309
1252.7700288224826 0.3153993085498324
1229.330917950863 0.39778656813712443
1234.4783933533477 0.34351928757347455
1234.0280585577534 0.34825338137635437
1230.0113308581972 0.37105740335717924
1264.0472138374093 0.31116861896432224
1229.260468348723 0.39780936550691176
1268.5503559371923 0.31006402228699576
1256.1125922952967 0.3131342112547013
1230.016123627606 0.3710559575285128

1245.6138711158685 0.3356355457081087
1228.346137460445 0.4123544190166643
1215.980895203658 0.473408352274802
1366.697151960524 0.20650066661913138
1306.5526491267296 0.272789945364882
1250.6336648551949 0.32493051675576157
1237.1056326913406 0.3552324078555465
1233.5214684631992 0.3659164754616503
1232.4227142391705 0.3755662483524294
1229.5484690013968 0.4087977792702838
1221.360210726135 0.44276933368611365
1220.7745929187847 0.46091026263955276
1218.4974509577776 0.4724306247366533
1218.1886977908514 0.47255036353558066
1217.095158113388 0.4729749421469416
1217.0568993385034 0.4729898103440222
1215.5769363372895 0.47356567469150607
1213.6497108569638 0.4743176773712815
1213.609899865385 0.4743332367837925
1213.1177472158224 0.474525670172715
1210.9461113505965 0.5410869477879908
1208.8530036869024 0.5420238302986731
1208.7263548729725 0.542080622867936
1206.93032624169 0.5600561581600695
1206.8195654398219 0.5601075596047803
1206.455875273804 0.56027640590535
1204.2544418812581 0.6647115380687294
1203.407095144093 0.6651795768190503
1202.7591979073236 0.6655378929396224
1202.74428991546 0.6655461422687408
1201.3245846632274 0.762298291719523
1200.6172910105092 0.8936346428533433
1200.4582844027889 0.8937530091597347
1200.1402465017259 0.8939898542550728
1200.0028218456816 0.894092234221179
1202.2564695645622 0.6725300603081861
1200.994410383045 0.8032018725717246
1200.651085191415 0.88605051903639
1201.879350192026 0.7561108915230853
1259.5720216863467 0.31049736310049036
1241.8591204316424 0.34567075194360075
1201.1318350390895 0.8031099761305077
1205.968054922906 0.567196247514781
1253.4567874207653 0.3238199574837251
1204.5254532923075 0.6473588364632036
1221.3219519512504 0.4427832037489879
1215.1632040653217 0.47372691180094173
1212.8301645491206 0.49660923135732876
1201.2648810271985 0.7632170682340063
1225.3638115537153 0.4133580191352516
1212.6927398930761 0.49843535147892276
1228.7726406546146 0.41221129206948
1232.285289583126 0.3756081315615678
1223.7327124874669 0.4192102071558701
1201.4023056832427 0.7613432903219264
1204.4449668069826 0.6474020959220638
1259.051534938631 0.3223810244034714
1245.7638219804428 0.33487330913321445
1210.6477991868678 0.5412202754314792
1221.8523633756975 0.42223199219789637

1384.6724896219253 0.1829118607498935
1383.0400731185882 0.18312775351102722
1380.5879925611084 0.18345300913134183
1380.2781954570858 0.18349418431699657
1379.4314132283891 0.1836068246504403
1378.1828618919624 0.18377316146439523
1376.7402135009447 0.18396573233077868
1376.738750174105 0.18396592786678265
1375.9473239515305 0.18407174257119727
1374.5742020017633 0.18425561984001865
1369.4071936711148 0.18495084791175814
1369.3940977908314 0.18495261664594978
1365.3522329904088 0.19109640085639984
1359.950784250064 0.20290193207358623
1345.3264394694645 0.20561395019106188
1274.698685343895 0.32298967265205447
1398.9767684742017 0.17689166095821351
1398.087943080913 0.1811567168284177
1395.9233949085713 0.1814376222432482
1394.1062541845833 0.18167411619143334
1393.0096121350464 0.18181713851762005
1388.1230087022825 0.18245718860514518
1385.8523751935784 0.18275613343777417
1385.4452037877343 0.1828098440223394
1385.3413807644151 0.1828235445231419
1384.8580222393748 0.18288735562681044
1384.1054091626468 0.18298680138758974
1382.7525407334501 0.18316583346980575
1380.9693064146986 0.18340235400559815
1379.1977735225332 0.1836379281261912
1376.4358958610308 0.18400640550535682
1375.42098423046 0.18414218229165574
1365.6865650196926 0.18737748744183316
1365.1289603337111 0.19688038792638599
1360.3796327452724 0.20283796890760658
1347.8674335572389 0.20522632762611825
1346.1329179858865 0.20549076530248947
1294.0241369135024 0.23289658517654954
1263.0919319870186 0.44897597922849586
1262.2767457179448 0.5510916290593367
1256.5580782598959 0.5535996784842142
1256.2393064900818 0.6945842623258264
1255.5664897225327 0.6949564671767793
1295.5838791675308 0.2162894237019534
1257.2308950274453 0.5533034153652697
1266.0559048378987 0.4164506521838392
1284.8823898815929 0.30716510663481694
1290.6814486711 0.24313991458058143
1388.6246635906468 0.1823912740762009
1289.41439826501 0.24337883740315927
1273.5488613924372 0.3623519138285202
1352.9604982572891 0.20403713885321015
1273.9063893771445 0.324777814569885
1292.1726728180527 0.23323028644920288
1345.4623028880928 0.2055931875029281
1372.1690713326172 0.18457858211303457
1386.4601154183053 0.18267602420681214
1384.054984749159 0.1829934680317893
1393.8526282046817 0.18170717368604178
1269.6078931360084 0.3725976755266745