2010.3346306762717 0.21398740385953605
1918.9655961119065 0.22781101860242386
1717.3999493966494 0.2679476045370166
1694.6947606436831 0.335188383849077
1685.3127813271308 0.35313113130259205
1670.4419530722987 0.3590286405395071
1640.9481821054642 0.3607948454758513
1639.3504936651254 0.437162577880018
1596.7044222562956 0.4452800925234656
1550.2570713627842 0.5634597923845364
1524.682005207648 0.9379277537797305

1223.3698422221057 1.3876320093267707
1213.290751029279 1.3991593942938325
2226.6942110197406 0.21029451989010062
1315.0471674758141 0.5667718126097451
1223.1900207955011 1.3878360054052843
1221.008296750624 1.3903158208098125
1219.0947550894132 1.3924981181531924
1217.394262451884 1.394443201082139
1217.0843111729728 1.394798319827469
1216.4133418836589 1.3955676856385524
1215.3588347482053 1.3967785511380566
1212.548219279801 1.4000162016820454
1211.7692385061835 1.4009161962265577
1210.9918165542672 1.4018155441733016
1209.221104523017 1.4038682801372842
1209.0560679722043 1.404059908619111
1207.5296038993952 1.4058348108655303
1206.9936382615306 1.4064590719446715
1205.3351585641606 1.4083942878880784
1203.7319614070218 1.4102700657114349
1202.7805032214576 1.4113856582857103
1202.1332378538052 1.4121455915678485
1200.1975179044696 1.414423148680062
1199.7909262542555 1.4149024760608067
1193.9027834565477 1.4218805549624711
1192.9674632784595 1.422995349468461
1192.959221912863 1.4230051800013925
1191.1104153874207 1.4252139267544541
1190.8144047526855 1.4255682040267212
1985.126383507967 0.23996081942139444
1571.602893972954 0.24414957485245495
1542.567402581919 0.2957048838582169
1371.8262544318106 0.314748120023159
1353.7215890399318 0.318957559720271
1238.6038759929231 1.0492700533611798
1560.2560211462371 0.24592513869518412
1254.962560206017 0.7945659181162715
1320.5913036777533 0.49557368203004565
1277.095078584244 0.6615221961283126
1287.2728401191082 0.6027600607890997
1236.1267306966677 1.269975313940038
1383.8736180357728 0.31200806847787077
1268.4651817841143 0.6778545788093442
1261.4888506672837 0.7141879576988029
1244.4653414634024 0.9919442471652861
1351.889012134022 0.3193899282450998
1229.2960580118388 1.3251362737694485
1275.8298762517497 0.6654103401691306
1354.055438509336 0.3188789190612206
1223.3929664473737 1.356993176121383
1230.0755904725681 1.2762227338265215
1244.3544238197157 0.9920326657994452
1214.4898023180995 1.3977780209205928
1220.4955856719669 1.3908998707093203
1209.512945233394 1.4035295438568949
1234.7318195849118 1.2714100406142614
1219.3231424613314 1.3922372939511978
1217.5049327253223 1.3943164472545284
1211.489779802826 1.4012393506024647
1237.372817623944 1.0705954516625058

1638.03093365647 0.23480287432304614
1610.852802459349 0.2607562221410099
1531.3697398978052 0.3132134968341394
1519.4368827770095 0.3540653233112324
1508.121247862972 0.363391810544167
1482.07784427623 0.3697774127705739
1478.7787578191949 0.37060236893669307
1475.2125246712483 0.37149827676739977
1470.3252352712946 0.3727331189278904
1463.4245580792417 0.3744907161462154
1460.0159300194832 0.3753650213759932
1455.2522632498901 0.37659375258909794
1452.9219236187078 0.3771977708314053
1449.086623846719 0.378196100745337
1445.1578268864896 0.379224262281285
1442.8480548266057 0.37983134048506206
1440.784720741073 0.3803752933326278
1439.3866385232086 0.38074475343423675
1437.7513788626768 0.3811778022529711
1436.132153107831 0.3816075767087883
1435.4899022842492 0.3817783112991441
1433.9746558635507 0.38218172722935656
1431.9393982887927 0.3827249333567996
1428.473000485364 0.38365367115433213
1415.1379068730457 0.38726890723464974
1412.4635457943405 0.3880021628967763
1412.388980783996 0.38802264690343713
1400.5957422081449 0.39128985921164466
1383.2360743026363 0.3962005625520935
1336.1639011463922 0.4294065848963239
1329.5683332100507 0.44973859623925144
1325.479490341198 0.47420650465590986
1311.0677115014064 0.519023889965164
1303.5266873124128 0.5682211203327769
1298.8247197643882 0.5702781779382031
1286.1310714390645 0.5987925803942027
1273.5712210948332 0.6018834634975949
1271.8272300457143 0.6128991906160149
1268.2941844099319 0.6146065238492646
1263.0969739123375 0.6171354187350988
1256.1916767501953 0.6205278177889386
1251.1293613915682 0.7227748629423857
1249.2065294711222 0.7238873888097856
1240.4619505550438 0.7696888065005528
1239.9553278942346 1.0828925675126992
1236.371367573681 1.0860316275841115
1236.0477546522484 1.1018158803488465
1233.3990415420753 1.104182019829244
1233.2341893791406 1.1043296209870856
1230.142988752651 1.107104667829167
1221.3792170181885 1.1150484845077409
1219.1364240722623 1.149419694212664
1217.2563247209985 1.1723798305732618
1216.627188538133 1.2215137717880655
1215.4763643485178 1.2860333682902925
1214.38163291695 1.2871926917781904
1208.099155343683 1.347847049236935
1206.688116820869 1.3494231516969022
1206.1624134902586 1.3500112949165182
1205.5332773073928 1.3996900920685669

1265.8069631713663 0.2969360496320795
1258.4709254500244 0.3031548635199089
1511.3329171602895 0.2269234491600934
1450.4062823082004 0.2617917411485382
1263.8213760686533 0.3018714423357333
1261.3059060105918 0.3024734759668776
1261.1957371542646 0.30249989784251113
1258.6030558311413 0.3031230377846473
1257.9773198946473 0.30327381552516885
1250.7776406308947 0.30501950886821133
1211.0384626228124 0.3592476125904715
1208.1453484079043 0.40324574830708787
1205.292017877565 0.4107356332798489
1200.238687055858 0.4976172426435049
1195.6283554480397 0.7609000499049026
1193.1644101393179 1.0802750673955959
1191.3851454946716 1.0818883955801701
1188.3051110648016 1.1906161502301427
1187.9910243024945 1.1909309310358276
1187.675974881936 1.1912468438838457
1185.759342594802 1.1931723460333274
1185.3264240297965 1.1936081301763088
1184.4977233685054 1.1944432046785938
1184.3667919088641 1.1945752500832063
1184.319788363303 1.1946226606497994
1183.6906521804374 1.195257607237661
1183.5471593851505 1.1954025198030713
1182.6354300158328 1.19632409170748
1182.006293832967 1.1969608486997685
1181.938093718047 1.1970299156567183
1180.528301515721 1.1984594141608007
1179.5529289109124 1.1994504205428769
1196.6088620809867 0.524136866738952
1193.715859245041 0.7753317694571109
1193.6126018179475 1.0798694330255327
1196.0841508240767 0.740422227709752
1196.4021887251395 0.7402254023165687
1189.843881814584 1.1890763807408895
1258.2961908026396 0.303196961444521
1189.8442799424881 1.0832894567006532
1224.1600786654371 0.34302681676953695
1268.2886815291097 0.26754539504773245
1201.2157128914475 0.46222107367210075
1251.5116426062395 0.30484061726672224
1220.44806868159 0.34407013766229017
1265.9829706104092 0.29689476712286056
1198.064062845215 0.4985204752310146
1234.3710408077693 0.34018923088648967
1195.9463933491024 0.760697703833092
1190.4734161253539 1.0827169646277555
1247.1501702870928 0.3059066909005449
1212.8026494870144 0.354321904139415
1253.846561028602 0.30427294176697334
1208.6130804927857 0.37214654390383034
1257.2587275709825 0.3034471531453626
1206.5515663557187 0.40670986550357957
1252.4713133751127 0.3046070417537089
1199.9263561978878 0.49774676827608466
1260.364502280532 0.3026994024016544
1252.5176259888854 0.30459577871997234

1303.141711710354 0.1777569148105913
1286.8880704657963 0.18000201847452144
1282.415334866579 0.18696476276992796
1281.3803411353108 0.18711577753987793
1275.4334605423574 0.18798823009856655
1275.2456904850096 0.19916227082869023
1275.214563589131 0.19916713220923277
1275.1900864296003 0.19917095520450245
1275.0737863067473 0.19918912168773492
1274.958764516622 0.19920709175075782
1274.155092698332 0.1993327413883577
1269.2125456177112 0.2001089797437245
1268.2082121053786 0.20026745226626216
1267.9768901924003 0.2003039878297443
1257.567286445276 0.20819504057290275
1252.4700836642855 0.2090423361320046
1248.6674474955034 0.22431236780950417
1246.2334671733993 0.24228245108488955
1241.9789023084393 0.24311242203034297
1240.1615068957526 0.24346869127278306
1240.0447476720044 0.2434916156192257
1237.9729201368816 0.24389911454396443
1237.2380901512086 0.2440439729865493
1235.495573507255 0.2443881674085321
1234.6533772890737 0.2549945973467729
1233.9313731695004 0.2551438010656802
1233.7157321197426 0.2551883976252186
1233.5168105844757 0.25522955026083927
1233.482916309572 0.25523656358905467
1232.5911954906885 0.2554212150439127
1230.9688842288742 0.25575783826727844
1228.2753016315758 0.2618068279400388
1227.9967121996995 0.26299782412702355
1226.1938950711974 0.2824978067551656
1223.6121024830861 0.28498014387833115
1222.9277746263303 0.28513961351760553
1218.423016750562 0.2861938327025915
1217.8421959326984 0.28633032603196784
1216.2335547692453 0.2991577184306364
1215.9500591873655 0.32975991928120263
1215.1914218678603 0.33693659818885224
1214.877771264302 0.3370235866661151
1214.527067341208 0.3371209047886974
1213.6488249322008 0.33736485828617213
1211.2779583554013 0.3380251914996844
1208.239232757121 0.34754684636644523
1208.1704801309138 0.3475666240044613
1207.793387869093 0.3476751398199109
1207.7190801583538 0.34769653133731376
1206.5990005329043 0.34801929623304
1204.544278883286 0.34861295044317653
1203.8821693066404 0.3591400880088981
1203.787652840716 0.35916828621462843
1201.9075534894523 0.3723292098376738
1201.1717332530284 0.4077187529526265
1199.3739687694283 0.40832989035634054
1199.2916339017647 0.4209844947994981
1197.4938694181646 0.421616507198246
1196.864733235299 0.4645899037207007
1195.9612689390883 0.5202340773460447

1209.536885157142 0.544173862055975
1209.4647229201705 0.5442063299754133
1209.0447325075797 0.5443953729735056
1206.9564671950545 0.5912455721676867
1401.6560379036098 0.16945288404355827
1391.2761286593798 0.1909530683726716
1312.2142000975011 0.33706201948027065
1228.4172234346934 0.4052730646483061
1220.570089283536 0.44461559170996395
1217.971971611872 0.4719885543081897
1212.9392032654996 0.5094810675946002
1212.3065177042906 0.5097469585309838
1210.5914882070706 0.5296539235469894
1210.3695159262252 0.5437995169528335
1210.266124568627 0.543845972991863
1209.9460081414088 0.5439898587757407
1209.122453527595 0.5443603798563439
1208.060461434755 0.5907052583946936
1208.004120222924 0.5907328088388815
1207.4850005080507 0.5909867755938819
1207.280684707122 0.5910867920506374
1207.0963537704122 0.5911770545899245
1206.6309932483884 0.5914050534265795
1206.540577867313 0.591449371963607
1206.536476782464 0.5914513823330446
1206.4792830586655 0.5914794203669143
1206.0592926460747 0.5916853933960294
1202.9301888949708 0.7132956127407388
1201.0100335134207 0.8932360075206962
1180.6669910255616 1.160672148546917
1324.8773372497817 0.2846033611295024
1251.8951889839161 0.37548145657754967
1244.1320565160509 0.3788890216885109
1226.4469839728924 0.43677403236562157
1202.530725778597 0.7135325591091376
1208.4690260842558 0.5572164901255942
1193.686626498277 0.9906599913505745
1211.4544659457608 0.510105478644311
1330.7983927687433 0.28333708946033925
1334.467446118346 0.2743966505693576
1341.4099149413933 0.2598906335379252
1218.846496144605 0.4452443307560678
1249.475639667594 0.37620855830943745
1213.0436534870173 0.5070696558931643
1209.4688240050195 0.5442044846725083
1214.8475751651674 0.482188246973048
1220.4923682635206 0.44464390485488886
1256.0228555503154 0.3508532106111421
1217.6577037885295 0.47211037082127344
1214.9740478999372 0.478653956054896
1208.3674075389729 0.5905552090995255
1204.267113407503 0.693212673953519
1214.8516762500165 0.48218661920650446
1193.6866264982768 0.9906599913505746
1198.5117648973269 0.9866716520579039
1186.6031926063213 0.9965737412897805
1190.1932899542878 0.9935676776731767
1222.9386463965675 0.44375447130509943
1214.7672466259482 0.5063501915000593
1195.6932484097538 0.9889974578804631

1316.5512588085421 0.2306254713257655
1302.2111758026788 0.23316514266596824
1301.8010074921024 0.2332386077747692
1289.5047025345327 0.23546269663884278
1260.5446001589698 0.31681575320099065
1259.6848054637094 0.31703199499639506
1257.3082721284622 0.3254334328710114
1244.0872553166578 0.39464965522274814
1223.373680756428 0.4718692724733954
1213.178862136206 0.580177170059878
1423.5193083178046 0.15017740674139682
1319.1824529282926 0.18796955060693685
1290.7730954989465 0.23523131652343748
1287.7032851318204 0.25756231643214683
1281.3477602747116 0.2727567404333486
1278.2324162267605 0.28480036647054774
1274.9099939617956 0.29509841803981857
1273.5789984085434 0.29540682033184257
1263.7457478505435 0.31322243833390356
1262.6953385756885 0.3162761235764767
1259.3767040994128 0.31710955557844017
1256.2326509883678 0.3294388941858556
1254.990896956082 0.32976485836315705
1252.3507829901948 0.3320249026680227
1251.1712477034064 0.33795184745424767
1251.0743458575294 0.33797802348283007
1247.0237607006989 0.35050852905390395
1246.6432049007503 0.35363286280778655
1246.507897521799 0.3566922165112699
1246.4861035001713 0.3566984530492138
1246.4354229635683 0.35671295654347673
1244.8403757176047 0.3944108947259225
1244.8190735976327 0.39441764413101754
1244.5356188237372 0.39450747648490647
1244.1251649310593 0.394637629892279
1244.07519579901 0.3946534807828894
1236.7741449962537 0.42971106616667537
1234.4444923836368 0.43188466031378214
1231.4070602718577 0.44563113526438675
1228.9610508815038 0.46206267060238515
1227.5307636627335 0.4661179599875069
1226.3926722004494 0.4665505170980507
1226.2224443705293 0.4707730243821898
1224.3467208912884 0.471494258000216
1222.594784213779 0.4814746895387588
1221.7609719310701 0.4818032804163315
1217.9844993741292 0.5375827083890907
1200.3330508458344 1.222787347436337
1197.8046487393535 1.2253684846094894
1196.0727678136968 1.2738750019682439
1206.92135723876 0.6960750953008871
1303.1417912545812 0.23299863194083753
1217.154121120609 0.5379494630857793
1205.762576817906 1.2051370863736433
1218.4066888961413 0.5279046049830278
1238.1407697229583 0.4292367632580542
1303.0694004565162 0.2330115759612468
1300.2976175639844 0.23350827571004834
1270.440943390615 0.3069536093658912
1206.3917130007715 1.2045086044815845