2225.0044616932746 0.2288698349430954
2164.0752957396076 0.2308420156979611
2147.513231997174 0.23711000619571457
1991.2728861109983 0.2426765579645975
1967.2889643831245 0.2466712820731365
1961.3528754927781 0.2676997015241811
1946.3065850717564 0.27399666707805337
1788.239035836468 0.277477010932335
1781.4250220908662 0.2939477675324378
1780.597179419763 0.29888309487911496
1731.8036573736076 0.3123529556672309
1684.0674365056836 0.33118431476409244
1677.1745295072428 0.37608936825171446
1624.6720912685707 0.39236710183839557
1578.9254540669308 0.3969202067777018
1576.1721566552437 0.48780320305935887
1572.4003951824386 0.5016457330735793
1558.9129720658798 0.5102527709261108
1552.47473079547 0.6096694028442485
1514.1544327046722 0.6142432952727688
1501.6722626913704 1.4211836495601506
1487.044179165629 1.5807416648129125

1647.94943257762 0.24079468253625153
1970.3983547346202 0.1841222885921503
1478.846163910582 0.3167459739607796
1262.0737617883606 0.7214675401106224
1255.4435067504076 0.7243491447633426
1245.8610776128403 0.828513296530742
1195.8780272453987 1.5231796396091044
1195.8498997130303 1.5232154662497444
1195.84989971303 1.5232154662497446
1640.9487550032568 0.24182196990821705
1544.3078704452457 0.25587717756263145
1359.063341321711 0.36855527222704293
1637.8160452190382 0.24228451150645203
1218.6527596655144 1.2654457483675825
1254.9501118343367 0.7255629078551031
1236.5817948787615 0.9676787501811717
1330.2161483644345 0.5145492932252131
1200.691683573051 1.4384946349843124
1212.6074348913858 1.274630925267528
1221.2246391792023 1.1467119654678357
1319.2010642567952 0.5246869786622537
1240.5770897654706 0.8717062041679712
1240.0580424420998 0.964966061917978
1381.867794417548 0.32937897960901946
1226.618501343662 1.0932173357170998
1228.0410871164781 1.0295909251874982
1212.6355624237542 1.274601359729687
1263.8201664073345 0.7183771573017806
1236.1981201287897 1.022797186361026
1199.8335069379877 1.518158187801166
1200.9910259443993 1.395822924894026
1268.294172365642 0.6434470693931509
1222.6109842033911 1.1454116839817015
1200.1672171637847 1.517736059197417
1247.5204464169638 0.8226216145914224
1239.0197538415503 0.9657746957261963
1224.3758778406882 1.140967184005573
1219.7183989841 1.2643401581378042
1240.5185076494022 0.9646078783882677
1288.3504707972697 0.5594564593529868
1209.084691976676 1.3175458071806097
1203.6160373081832 1.3905212935261722
1196.978209093281 1.5217796353501871
1227.5872363566418 1.0299715748145697
1224.5643957349114 1.140791535643057
1225.6690034536616 1.0968547095167984
1294.9082315614849 0.5266248106099016
1268.9465138159871 0.6431162854003678
1250.3077178346662 0.7687900565355661
1222.6538452710547 1.145371530697205
1223.1725190368913 1.1420896690878881
1258.8868246049774 0.7232939725469965
1279.5608327100517 0.579148472201383
1260.6181153929945 0.7223006247786214
1261.8628739266835 0.721588114818023
1198.9000239496995 1.519340250369798
1274.2463244861967 0.5886648772998069
1258.892670336418 0.7232906138950512
1196.5502082050689 1.5223239694124995
1220.317132041592 1.14756473501939

1214.6539767601691 1.0043444565016895
1214.6457353945727 1.0174066933526713
1192.3385327186813 1.2897139023558974
1502.6837417709776 0.2625308090384488
1392.135980234532 0.37226161441557837
1339.5845424942638 0.4274682577370288
1313.4779355890482 0.4588698574176361
1221.7792312700512 0.8539483359073553
1197.139954551193 1.2845411901221078
1196.2977402151328 1.2854455293758007
1183.9455243150562 1.4121761738819565
1183.0229669080388 1.4132774319518933
1182.8760575414553 1.4268590212535095
1182.3938307251733 1.4327546455760183
1394.6401643400286 0.3197354159022956
1332.3335834253633 0.4383102891459222
1270.755690003131 0.5677063949138458
1358.3534305950955 0.39830167823793006
1290.2913238082529 0.4872160636732578
1231.7365228742915 0.7822244537520128
1268.3402708825058 0.6213902867755076
1201.2808949562714 1.177644754620414
1220.3660476334533 0.8688604726173172
1379.2314083933513 0.37766942339584564
1224.2009363751329 0.8027202818978867
1212.3521533221835 1.0777043594658209
1191.7235492525979 1.386545067750013
1194.6323848804805 1.287237481106596
1280.2506884004301 0.5469049180432032
1188.4194609378064 1.3903999923005328
1262.2418716576137 0.6243924737004672
1210.2391564962745 1.0926889176082208
1254.504538657651 0.6928748128419898
1201.9100311391371 1.158607146485951
1284.3980613454075 0.5136254458140638
1188.272551571223 1.4039170729373247
1209.600377330704 1.1350693385749588
1220.3742889990497 0.8558604660982289
1217.708986594044 0.9217729039927394
1236.6113586695083 0.716921164335743
1198.727881141431 1.2665212468755591
1243.178462221137 0.7131340206008562
1209.4112806292173 1.135246811591228
1204.2038833009365 1.1564001501919696
1239.0426820970217 0.7155143788813634
1211.6160568327632 1.0823272960455197
1358.2373533846692 0.4164949120886927
1206.7114529716487 1.1539971283786874
1370.1164886425433 0.38018192982513305
1233.2776075509455 0.7560512163374996
1204.0147865994497 1.1565817687704407
1206.522356270162 1.1541779928685725
1319.2119184681844 0.4474089806679108
1252.7918031573274 0.6938220662373615
1254.937003470486 0.6926360407160385
1248.3677692562085 0.6962808707803587
1257.4561977885842 0.6912484100523616
1257.677532401363 0.6911267594740287
1233.485206246993 0.7387537425779118
1207.511656505095 1.137032750649053

1245.6180923115824 0.3313360328083126
2187.846940933342 0.21521764674111526
1264.2706709496547 0.3105178732117604
1254.9538412812826 0.3245712509887012
1254.942534904501 0.3245741752061487
1254.158294332111 0.32477713542105696
1240.4281574143658 0.3931314599743877
1237.6234732841674 0.3951212444758262
1234.2146131125721 0.4038216055436048
1233.9116416424727 0.40392075885520384
1233.8008808406043 0.4039570196391251
1230.4073839008115 0.4810444117401461
1223.2594622478396 0.5226673640748927
1222.1571786835395 0.5310262281521559
1216.8234917226644 0.5832018356261268
1209.2296324360439 0.5894875941360527
1208.7518176823914 0.5978797523468791
1196.7053606845732 1.2732016162952895
1195.1434566986245 1.2748655325961
1194.0119618051756 1.2760736476620376
1194.008837713906 1.2760769864736243
1193.3512486246898 1.276780161087362
1192.8590959751273 1.277306938090034
1192.6903071983274 1.2774877017588397
1192.6903071983272 1.27748770175884
1190.1827375276152 1.280179212326614
1190.182737527615 1.2801792123266142
1336.3999810898167 0.2568832429776004
1200.489990221853 0.7046313760594749
1325.6020798058707 0.2589757260397711
1197.9575001984665 1.225212135689939
1200.1246865351359 0.7048458574732306
1230.815078101752 0.46852234436636275
1206.5037807811982 0.6313364765683694
1288.1493443923928 0.26439124746774406
1278.3353375480092 0.29303604832795094
1220.6949419339508 0.5411363627819644
1244.184980856787 0.33467206839481795
1233.4269595602154 0.42290544452196027
1233.308728191042 0.42428809901810277
1226.9812744902122 0.48829230900313836
1226.1274267547192 0.49750711476004505
1197.407985964594 1.272454516181829
1249.564633354521 0.3259710841081225
1244.4446044894398 0.33460224706421743
1235.292985533089 0.4011182924220389
1238.928770274327 0.3936072389453609
1204.7853057756347 0.6929531469728536
1223.337183267855 0.5226341579881161
1223.0339199361792 0.525345520351162
1259.5482078203095 0.31168210749683223
1223.1116409561946 0.5253121379612518
1225.936848644772 0.4975844547679917
1222.234899703555 0.5309924605841403
1221.8225673941597 0.5406369456354803
1230.5108505329342 0.48003782359126457
1268.1177084543162 0.30957586767382855
1207.1829557996734 0.6223925766217143
1208.0548704674513 0.6005701991104976
1258.641064099202 0.3236204107874539

1257.3474263877774 0.33542441156110253
1229.6292669437212 0.39544185937813564
1220.871389395898 0.45717582206988433
1218.2924522632986 0.47251011932854947
1217.9627842600337 0.47263801442483205
1469.735683468974 0.23694786468403745
1270.8492557628551 0.3144482957743205
1264.8010123054028 0.3255624727163532
1263.6918492623913 0.33374039792229154
1262.5040987884404 0.33405437735110227
1260.4039343567763 0.33461099979762965
1257.7552962106586 0.33531563881671766
1256.8442623192777 0.33555869511289577
1253.521217610832 0.3364482504953672
1253.4267011449078 0.3364736208657081
1253.2703740033057 0.3365155910267089
1253.122165504229 0.3365553911930733
1253.0444444842137 0.3365762662932426
1252.86948229095 0.3366232688921434
1252.8227036316634 0.33663583793735447
1252.0184008175836 0.3444897927226706
1251.6425496001507 0.34459323831744476
1250.4611987777778 0.3449187866078422
1250.363193587464 0.34804840803331516
1249.8178789102722 0.34820026688289357
1249.2763592310152 0.3483512000975072
1248.725431952195 0.34850488975083915
1247.7985923515707 0.34876375214643096
1247.7331140616707 0.3487820545011672
1232.6393287209362 0.3672107140858608
1229.4891480051192 0.3954869259764905
1229.033396581643 0.39630116980162144
1228.973692945614 0.39718145113523895
1226.3929025262796 0.41301116210024036
1225.549995882438 0.41329522219871423
1225.0942444589623 0.41344897354207794
1225.0727995978177 0.4134562109534636
1225.0345408229332 0.41346912351027104
1223.3062092932978 0.41935636393249887
1223.0885422557708 0.4218052411874718
1223.0502834808863 0.4218184358631002
1221.8141046008132 0.4222452135862218
1221.6149144511944 0.4223140626861101
1221.3219519512509 0.4427832037489877
1220.791338168713 0.4572058005637119
1220.753079393829 0.4572201295333412
1220.693360167497 0.4572424978309743
1219.1825543237499 0.4578091107924892
1218.4495683626346 0.47244919030138793
1218.2930782185767 0.47250987655428733
1217.9897614558179 0.472627545988517
1217.8787199913309 0.472670638337535
1217.7986626891764 0.47270171140180445
1217.7674431612745 0.47271382990961247
1217.6325241573877 0.47276620866739827
1217.5697111292363 0.47279059813512453
1217.5632582616483 0.4727931038407672
1217.464288361784 0.47283153805735245
1217.3865673417686 0.472861724811847
1216.9425809593222 0.47303424253772947

1259.1366650721257 0.3249608708300518
1246.7157320895562 0.33547516825367807
1216.3280986403688 0.46843656936508477
1202.5981478442932 0.7095066278130617
1351.953321046594 0.2628263669968294
1299.171188579318 0.3053301547489353
1226.1216067243922 0.4002884373718862
1220.3392501154926 0.4293733045822181
1216.6382849530094 0.4611372551402838
1216.422615106293 0.46840017167854375
1216.2238533234624 0.48085295521676785
1216.2014498264389 0.48175647910923036
1216.146132303447 0.4817783922448329
1214.12648742459 0.4985635444982372
1213.0733717165149 0.4989963667103363
1212.9956506964995 0.4990283392129437
1211.3484445465124 0.565997633235399
1205.8528856776716 0.7008910614821223
1204.587349154639 0.7025438526142651
1204.0263681028919 0.7028711824799383
1203.9677617368516 0.7029053966234633
1203.9080581008222 0.7029402547737021
1203.373438383881 0.7032525482879569
1201.9690116614277 0.7098779986946813
1201.2946645759098 0.7117286557707491
1200.9919737684288 0.7186619282837332
1200.9207432955209 0.7299046902916144
1200.8802329463629 0.730367853242966
1200.8025119263475 0.7312565407533111
1200.3775046036012 0.7807669273817807
1198.110547556 0.9616343190206383
1181.8290970550172 1.0263649465691123
1181.122239852136 1.0736332029352325
1338.720649503088 0.27538650610704546
1318.9701810710962 0.29878738913173364
1247.6106379912171 0.33523453331615116
1208.9135833886373 0.6586869736854258
1330.3554643937173 0.277118117816746
1242.1755067064375 0.34282808372037515
1247.1984912827256 0.33534531424672853
1229.451495358782 0.393980352231748
1196.7637289962756 0.9627165267423005
1207.4342319012194 0.6859320962757925
1200.5149292596457 0.7790174552270595
1185.9519893522072 0.9714931387229128
1237.7526307833562 0.37853204632905424
1217.1185429936893 0.44734793552494956
1206.181678247621 0.7007000058745674
1321.199559435446 0.2865795672406709
1236.5401484697206 0.37890321374475544
1206.8050957183536 0.686289688982591
1220.2615290954773 0.43029234167768865
1228.691848280534 0.39945109318537103
1216.1386367982875 0.481781361620458
1220.4509909375588 0.41700062352872647
1221.373188592089 0.4018446667798356
1224.689657088206 0.40075646850038205
1214.078241664282 0.49858335671168513
1202.7867692683942 0.7086038584137044
1205.2237494948058 0.7012569320743758

1292.4136883558097 0.23682697555120868
1289.2873177163829 0.23740125321051195
1285.6005509973668 0.2394751618319725
1276.5051571594058 0.24732660795737746
1231.6719754236306 0.3705571123116377
1223.9805474239038 0.4086613163357272
1219.2343686980123 0.48287457381388277
1337.2916452346856 0.21025709127861622
1335.3940305581189 0.21055586971638995
1331.5042815376569 0.21117097062093684
1327.379913162156 0.21182711048294364
1320.3678961811593 0.21295205096357622
1307.1016725805794 0.23416573583752326
1306.2379938422591 0.23432056517814828
1292.4590423099985 0.2368186650056144
1292.402888243436 0.23682895462288386
1291.859916947758 0.2369284943041285
1283.1665486791655 0.23992941549035432
1280.5236500658975 0.24655045656055458
1271.260604557425 0.28400304763062456
1266.1037493431875 0.28679832723890064
1261.9407439578217 0.2967062968519087
1246.3930601026539 0.3248618436256917
1245.1212589875104 0.3287165939746502
1238.9909716722987 0.33485331216506786
1233.0058586335874 0.3514260023924335
1231.42858499174 0.37063035249519755
1231.3956541791222 0.3706402641419108
1231.3881586739628 0.3706425202428751
1231.3189122236613 0.37066336429765473
1229.183245008173 0.3713073802312659
1225.1399425639981 0.408274585050881
1225.0322520957593 0.40831047576409196
1224.7793838588696 0.40839477564002946
1224.0798566592366 0.4086281617644673
1223.696730674236 0.4087560987467691
1220.2510537649673 0.44619954706651127
1220.1743118095064 0.44622761045502574
1219.984849967425 0.4462969089426804
1219.6425805748495 0.4705779013560536
1219.2772768881323 0.4810972951128723
1216.768761726326 0.9468883955204604
1204.546012701275 0.9564966455093714
1199.0023770751286 0.960919046149869
1197.1719310777723 0.9623882673838025
1191.0896926127411 1.0288107696748763
1190.9800198446624 1.028905508900606
1189.7352796622738 1.0301430478026927
1189.625606894195 1.0302380177150035
1311.1650045656243 0.22244431439601084
1272.3918264785955 0.2829695066041964
1251.222638527983 0.3157893636958263
1223.6199887187752 0.408781734763354
1208.2857088068158 0.9535362473567635
1226.5891849531467 0.38532570504241515
1299.8854448572115 0.23546569136937334
1277.6645522995002 0.24710217560010048
1239.609306015491 0.3301782403162178
1256.3944137643432 0.29919671501372963
1327.084677086811 0.21187423558794294