2224.1727909187507 0.17463059362271258
1842.5606228417544 0.21697673297442596
1545.9001826953138 0.29535077057889203
1478.0035464811663 0.7032444512753346

1200.3687030624028 1.2995308618445665
1196.9426170951808 1.311550286926862
1957.8463951130434 0.22023120688881448
1852.210038902697 0.279736159640675
1389.3556493490964 0.333683386865835
1287.2571971304362 0.5937360605940873
1286.916044553526 0.5964307899517949
1277.4891537643107 0.6914595728216739
1203.7422796188976 1.2958888307186445
1203.0974275861647 1.296583418311905
1202.9278819779822 1.2967661641169614
1200.7515190264799 1.2991165536785205
1196.3194798476402 1.3122334454389268
1186.7002566173169 1.412655758889779
1185.6411861729214 1.4288304704901176
1185.425280725564 1.4914113469037824
1691.02235792 0.2878253079917658
1335.3097736122988 0.45729986942455697
1422.0280797527153 0.3128999147956971
1859.491849144479 0.2473869635884263
1257.001302216036 0.7359719484292343
1206.451022423012 1.1261709194942884
1280.6575593734983 0.6400458570434671
1311.2585900446823 0.5072864607162183
1347.1056962957848 0.4214205289485488
1222.6549923162827 0.9964513455856956
1293.7507947020176 0.5747202389576658
1203.0346145580133 1.2966511157245724
1204.1679268914786 1.1283061331439974
1203.8343020920981 1.2957897714918154
1275.9794099559633 0.696642500409088
1271.32047964921 0.7322511806775238
1210.2041265203536 1.0738931776684875
1208.0228663551436 1.0758322472634254
1204.7045937330395 1.1278034999740585
1225.0951222747412 0.9423263186480269
1231.9508232138621 0.9089273778631006
1212.1457586523334 1.0183925715614093
1314.875397821693 0.473862165719421
1235.49324264892 0.858534626167105
1246.5518017324234 0.7986222546313513
1236.5080494742203 0.8114265720016737
1220.834805321507 0.9990123889373183
1340.864322276498 0.42338213169751904
1215.0242305139386 1.0159799329590768
1229.145562852444 0.9353082253240571
1192.9346987436184 1.3706032303389513
1186.0793618000475 1.4283026148443418
1187.3022823417775 1.4119394669064251
1203.7933331474749 1.2958338713700337
1193.9996523137252 1.3147829899649695
1192.7332543920113 1.3708347156924698
1186.1860943800784 1.4281740967105774
1197.409285001366 1.3110391346968575
1193.454744106568 1.3153832942876935
1199.8975560576882 1.3083203853202106
1193.892919733694 1.3149005299707612
1232.3851571770304 0.8670383608645685
1228.3886509464712 0.9397997740188481
1201.2881858680407 1.2985361827185096

1604.9234761031687 0.3121222048181389
1603.9560333353838 0.3268611490384947
1195.3270169277168 1.4928125458443584
1657.426310083129 0.2773199786567755
1421.8867116200433 0.4003330675949488
1412.8346744432072 0.42748339844476485
1378.3169875636574 0.5089214183815868
1348.9271872228537 0.590093414432924
1342.05364533296 0.5907729582534024
1285.787828092309 0.7559917930636967
1282.6320310671522 0.7810069006605896
1274.4730477952573 0.8014528052923409
1272.5729468543775 0.8251922746929593
1233.0598163144923 0.9884734472345702
1232.2927491004393 1.024470327218316
1226.620108629541 1.0630941672461547
1221.981721788708 1.0840781732961318
1217.1297720073367 1.1658713311624123
1195.3283949143654 1.4928108249149754
1188.1942866291927 1.5017738995518974
1186.9122142227634 1.503613231544256
1186.551655517635 1.5059465040024655
1185.3144474354376 1.541200943437531
1183.9175272141674 1.5430194271692435
1180.595894291646 1.5855089799442654
1178.7105385869138 1.5880450125853458
1177.6168970723172 1.5895198147532912
1177.4934254716045 1.5896864913152546
1175.6036250812685 1.5922419360992837
1174.9009199455488 1.5931942517940036
1466.8289570314498 0.338389539140329
1305.7536818937717 0.6917800229534338
1352.3542020058137 0.5557690215503558
1246.8685871603109 0.8748011296217248
1263.978544957203 0.8396474566318607
1218.4184329936916 1.1418090266334724
1199.7462829714448 1.2806334283065546
1242.9952065873165 0.9102212594663025
1284.2490719989287 0.7629674414842242
1415.1637831720113 0.4250009823527443
1207.5417427970096 1.2350691451693945
1232.1785562202176 1.04556882535228
1461.9561138754675 0.3891475348788152
1195.380205585972 1.453664119009685
1237.5822019680138 0.9777716121484996
1210.2953633097054 1.1972193024593567
1214.6620431061206 1.1682399359898519
1320.1874158992814 0.6394735917431594
1185.6998938768627 1.5156139981322585
1235.6868937965426 0.9792713274369284
1350.075638986968 0.5868631480513905
1181.3264355535791 1.546403847131022
1301.9969100287312 0.720845684395931
1327.1659901315477 0.5969936281480899
1207.182569193892 1.2354366158787058
1200.1696371578923 1.2451926943119984
1384.944911356179 0.4615817186656915
1238.4727067156314 0.9477877336228047
1210.025400729957 1.2281782390969707
1180.6237304178594 1.5473242639389164

1284.1531522418043 0.16333053259970506
1282.5333328407792 0.17765192801857022
1279.6217273883317 0.17789481388910616
1264.837702320655 0.18981850189596486
1257.5368831902888 0.229308361435266
1249.520586141607 0.23450973526309687
1248.0212364009267 0.26811191050677996
1245.397693844417 0.26867671242555524
1244.8942905464896 0.27466818354296985
1240.3014211025109 0.30595370115894854
1236.450045826806 0.31244294425845415
1236.4041960784261 0.31837775174016875
1235.9282586207453 0.31850035424293416
1235.5678289380319 0.3185932645461447
1230.9350190725386 0.3469909060906693
1229.3299278227134 0.3589695699012538
1228.6938029373543 0.3591554172425156
1227.271443431264 0.3595716642957759
1227.167127313355 0.35960222991254853
1226.5618565907732 0.3597796826030685
1225.3210433014865 0.3737531765019523
1223.5797419839325 0.47515240400315
1223.0218457850901 0.4828480977321719
1222.1679475518865 0.4919953700031584
1216.4943949745061 0.5087806530812571
1215.0403878181273 0.5210506555524689
1214.253178839322 0.5213884564012633
1213.9004500612607 0.521539958703707
1212.1946944478725 0.5222738504755814
1212.1212324927408 0.5223055034630398
1211.5869750320358 0.5225358176028769
1211.0178021867064 0.5388767782423537
1210.9134860687973 0.5389232006616135
1210.3775954918372 0.5395107350765043
1208.6137089660901 0.6469536018268319
1207.4043294258915 0.6640949418184814
1206.473972687807 0.7031708766200075
1206.4414854087743 0.7035398781350292
1205.7284614760406 1.032629894110995
1205.1916818458922 1.0330898165457334
1204.163497194257 1.0339719285642492
1202.6753589443704 1.0352513205171665
1201.7252116815241 1.0360698447513141
1200.6970270298891 1.036957055336844
1199.2088887800023 1.0382438498827937
1196.0089634440276 1.1307521492383594
1194.2514444588244 1.132416219547059
1194.1559368057349 1.1488956492551603
1193.0936400351156 1.149918593387145
1192.5731559932415 1.15042046136422
1192.558229563752 1.1504348603843049
1192.1776048912534 1.1508021579162901
1190.6894666413668 1.1522404445201668
1189.1992780917944 1.1536843198641995
1189.01935318287 1.1711975143609923
1186.898206584586 1.1727804769677905
1186.8353935564344 1.173352697885037
1185.1406875993828 1.1745196662263433
1185.0778745712314 1.1750928279533823
1182.7791522030832 1.1773766120082803

1397.6104267854203 0.21908300793708854
1395.813945324115 0.21936497858479878
1393.7123285560267 0.2196957650088543
1393.670138835878 0.21970241572381563
1393.210301945844 0.21977492974085835
1392.610492593232 0.2198695886990016
1389.6950154587676 0.2203308587987612
1389.2711498231633 0.22039808158642207
1387.8740469960185 0.22061994522278602
1387.2395560589223 0.22072085162728924
1386.8099353974478 0.2207892288690849
1386.4268123871257 0.2208502414182186
1386.0215125122775 0.22091482236043264
1385.7489296300348 0.22095827727331155
1385.6338426633642 0.22097662946500116
1384.6045959583787 0.22114089258273134
1384.310132119275 0.2211879326171151
1384.1439608237763 0.2212144869975495
1383.769513082748 0.22127434759149658
1383.606482666565 0.2213004203581614
1383.470592627379 0.22132215737444103
1383.1393897571738 0.2213751545881024
1383.0485325546547 0.22138969748141354
1382.8180597813946 0.22142659626009875
1382.6701406538803 0.22145028464966054
1382.635027751893 0.22145590852145886
1382.4704469254443 0.2214822724820972
1381.532259186262 0.22163267935903203
1381.2873608440304 0.22167197420621446
1380.5838847827742 0.22178492708725583
1380.1975635033705 0.22184700532811816
1379.4537539580745 0.2219666265330226
1379.3129702120386 0.2219892822274539
1379.0105220723126 0.22203796948862717
1378.885280237675 0.22205813682455897
1378.0618004574271 0.22219083071800688
1374.4637820819962 0.22277247332088773
1429.33848288709 0.21421986456694003
1423.8261445024061 0.21504921609049055
1423.1268709806416 0.21515488356522855
1418.2276238308773 0.21589813304955147
1411.5761957016773 0.21691545745582888
1409.7057580369853 0.21720326704968643
1407.0181191629001 0.2176181614537815
1403.3036051053475 0.21819419198413714
1401.0856919479213 0.2185395925346222
1400.3516930274334 0.21865414077689804
1399.397523342976 0.21880322861579318
1398.369023538407 0.2189641582946422
1398.003925290875 0.21902134227604556
1397.5926017820304 0.21908580213859916
1397.209526553915 0.21914586925239712
1397.15605410879 0.21915425647974623
1396.9355288452239 0.2191888529583767
1395.9247948868294 0.21934755894153427
1394.9703286448307 0.21949764087229326
1394.9428848823934 0.21950195921476945
1394.20813831618 0.21961763657052275
1393.7823515598736 0.21968472759158383
1393.6811885496115 0.21970067382701727

1365.7854617461069 0.26743213410243416
1360.1279075279099 0.268544538156493
1357.8706276523922 0.2689909578442867
1351.856837093047 0.2701875751475743
1334.7914901503486 0.2789286731367494
1321.6037017006217 0.28171199791796564
1260.5620006541478 0.3219947320319403
1249.387770983785 0.33756134838097474
1201.551792382337 0.6369286372832976
1526.0963507652978 0.25556790634677756
1501.1556138113178 0.2567020779264614
1375.7299552813388 0.2654989951760879
1369.395350879774 0.26672715116652046
1363.148940692683 0.2679493853219266
1357.9920689360156 0.26896690276476826
1354.2955699235724 0.2697010378476335
1326.9077162492977 0.2791954861669913
1324.3108515676145 0.2808332124020999
1324.1430898255353 0.28117174202896444
1322.3540887314027 0.2815521367798224
1322.091886984196 0.28160797515453767
1321.2297679181622 0.2817917279055148
1320.1293120711657 0.28202662864726286
1319.6188149959703 0.2821357311906758
1312.5356352193585 0.2836582941229161
1311.570999947437 0.28386691934846237
1275.0399963490863 0.30616724915031374
1261.0992646501857 0.32185755315848924
1256.8374214979017 0.3229489484220903
1254.953940757089 0.3234336420071408
1253.9999806061742 0.32367968890563503
1250.709531874309 0.3372046105637024
1249.4985317856533 0.33753142552418436
1245.0155351631952 0.33874679368455035
1237.4247901814656 0.38066403253824355
1234.3788067272897 0.38602207707395014
1233.4004105232427 0.42636067566740815
1225.071830579222 0.47241247587785884
1219.9045586389639 0.505715250838496
1214.2709662931732 0.5580676956410457
1205.3346632636478 0.5831087390106138
1202.0340135818399 0.6366731199784642
1201.5018783149496 0.6369550972493585
1198.7770856572624 0.6384028814896703
1191.288972314107 0.8249960717945319
1219.6290371251346 0.5058294949465291
1233.2908876195918 0.42860101249462845
1368.6623817366913 0.2668699933853439
1195.5811093440627 0.6491098871173243
1282.6047077727626 0.3043614964712792
1355.0946214909986 0.26954200464536787
1205.2401467977234 0.5831544671399059
1201.693951916888 0.6368532890813082
1241.7519477906214 0.37598741465903995
1205.0182625467048 0.5832618454230334
1230.7442814620106 0.42948785632888764
1222.8096905815364 0.47328641657796955
1245.8374964384032 0.3385233000529126
1268.3615471632097 0.30777934660029016
1345.6280386030642 0.2714382506030579

1318.6343319233056 0.2606043083699637
1301.008131771238 0.3103062938900244
1287.2401024802496 0.31291311920442433
1240.013609982113 0.4044307503392193
1237.561561642867 0.41337743801323135
1235.1493059255267 0.42498085545524716
1217.4764582190376 0.519445265538039
1216.921118968684 0.5196823132314903
1205.1689412022172 0.9468267449994089
1194.9115081851949 1.0378016502848848
1194.8860895516493 1.0378237272845856
1406.6005790909226 0.23916561168499664
1406.2848977509807 0.23921929932744057
1397.544092551442 0.24071547344211475
1361.5918014912402 0.24635012723995858
1355.0542599922137 0.24826348126951317
1341.141816921124 0.25479671236010154
1340.1352341794932 0.25498809153344515
1336.557282688434 0.2556706922974538
1328.5891969999475 0.2580937996144987
1324.0281450542566 0.2589828888920187
1310.0533161997498 0.2984427826627725
1308.3042210273275 0.3085757923900215
1302.1011324066744 0.3100458187487619
1285.5900326048297 0.31402780159451643
1284.9394673860236 0.3141867939600254
1243.490613345629 0.3234556238064496
1238.8319373139548 0.411245586933276
1234.783697102767 0.42510668862799067
1222.3827963886974 0.46504964172999375
1220.2015297265166 0.48023553959863396
1220.194426912033 0.48199729759175025
1220.1487054376335 0.48201535901902076
1220.064105070472 0.48204878240733373
1220.0157242730413 0.48206789847611
1218.9574414313097 0.5188141608810521
1218.561840204735 0.5189825918228699
1218.0865316802328 0.5191851035850035
1217.0057193358455 0.5196461874238558
1216.7030285283645 0.5197754647580842
1216.2046958892354 0.5199884396627058
1208.4421125358947 0.8378805630916089
1201.220949580317 0.9499386321655083
1199.4698748340147 1.0338576742584729
1199.0302369428452 1.0342367497760672
1199.0084496038353 1.0342555430270166
1198.417015443033 1.034765961396635
1198.0061563495299 1.035120836872553
1197.309131116296 1.035723442602348
1197.088021105632 1.0359147475167747
1195.0136624155273 1.037712935124417
1194.3801646556362 1.0382633367798235
1194.0970912698633 1.0385094681205789
1193.565747740305 1.0389717847439535
1193.3162377645176 1.0391890229048462
1193.0291009647697 1.0394391336608442
1189.638828273691 1.0424013622172226
1187.9299074395024 1.2071471333860204
1187.695751322533 1.207385124374074
1215.5902267244076 0.5566630727331777