2242.2413806022137 0.2240190998674737
1906.1168968062166 0.24672450092431375
1760.5252626546253 0.25878290278262106
1696.6979658494704 0.3029016409218583
1614.688014908976 0.3647773291165549
1613.427487425066 0.40959846259949256
1558.609043596792 0.4359087140325643
1505.2761997791354 0.5871266718092788
1504.8507319492755 0.6110685580867417
1495.3791682732167 0.8021036472920997
1492.5345543925619 1.523520006180808

1810.4361842302046 0.23190918668298707
1731.748761367681 0.23223201592368126
1702.6987788955719 0.23619415889087209
1681.1835686100892 0.23921689066842636
1675.1698666444047 0.2400756567639026
1663.9470792782533 0.242755171094908
1652.650624929097 0.2518538104228569
1645.1548647557076 0.2550545963845116
1633.6781933149673 0.2602758670763833
1628.810717752735 0.27244594819410023
1432.4782632322392 0.2726619201955457
1412.6191574681786 0.3419426696736765
1406.6658244676742 0.3832993023844258
1369.235419266433 0.4379803247151383
1355.814760522492 0.49911379873344175
1335.1102894573628 0.510494742820025
1324.6952919698483 0.5651845664264536
1320.3863585405127 0.5670289831430209
1315.2017301648061 0.5722693783148216
1314.5768144446495 0.5725414203337769
1313.2821713221067 0.5731058358328921
1311.3489136892015 0.5739507377655665
1299.5868400466557 0.576104121069943
1292.7188647791932 0.5822222425821488
1290.2442707689743 0.5833389021998283
1286.5393637673028 0.5850187702582598
1271.7801897295342 0.628830823558754
1263.284515609587 0.6909759029419777
1262.5034959654524 0.6996899051841701
1254.5384482067257 0.7091360366404209
1249.2176207911034 0.8087527169420696
1248.1080854250076 0.9101730053928835
1243.803069192921 0.9133232706231872
1233.5889703383489 0.9208855741105211
1233.2564835502 1.0483149778339051
1230.6891465600495 1.0567567704482481
1228.5257121145548 1.0586177196942856
1228.5104360660969 1.128621620059053
1225.535428610864 1.1313613676464553
1225.079532692492 1.2503330830258992
1224.8118361501247 1.3601448798451419
1224.0621027615525 1.360977963417793
1223.5417000656469 1.3615568211724511
1223.1175377203183 1.3620289925842382
1222.8945095900992 1.3622773956779946
1221.1560221236414 1.36421678928153
1220.636451554004 1.3647974756057941
1219.7723173078252 1.3657643513259876
1219.5284995737125 1.366037405682314
1219.2689618569445 1.3663281850266435
1218.1983487507734 1.3675289819770913
1217.1342663164346 1.368724547337826
1216.8070557051262 1.369092609960201
1215.805690820812 1.3702202253952485
1215.0769262909598 1.3710420399460377
1214.3123380067052 1.3719053126380405
1213.1331215089774 1.3732388623938752
1211.552764896114 1.3750301233113567
1210.4879058502036 1.3762397291720438
1207.5318051094885 1.379608835696272

1274.1968886042407 0.6980166606873667
1272.6665840903365 0.698855983460498
1204.2864553169504 1.5125446728342482
1455.8010651711286 0.2369355974257088
1423.3459885682937 0.2502339944948722
1401.086518831702 0.2856248027367556
1350.9523315748577 0.5015596543472761
1296.9992930001056 0.5938894112387649
1292.9329388539336 0.6186521981645976
1207.0520783531604 1.5090790987587748
1206.0406386351847 1.5103446801074918
1205.2136373545388 1.511381058178526
1204.7752242116107 1.5119310440236546
1204.712411183459 1.5120098752586866
1204.2947862926699 1.5125342094717165
1203.8044610086563 1.513150284415664
1203.741647980505 1.5132292428462968
1203.7416479805047 1.5132292428462972
1397.31193318774 0.3200209803008643
1367.8088573962918 0.42451079949494797
1377.960912098516 0.3600466414505226
1250.6683351984648 0.7743239931645665
1222.2713648183435 1.1010427468901856
1215.8290689431956 1.3593351902925668
1207.059920602609 1.480360077363054
1238.8239927999145 0.8779159223876376
1218.5030619839372 1.1887181930432573
1332.9027499669278 0.5243635582819817
1231.567706443574 0.9929790633417871
1216.209209822138 1.2219335735407402
1234.2467717308325 0.896851691787583
1291.7940971706514 0.6191976000303184
1322.9088441139434 0.581505737024952
1218.8793338914363 1.1536219928739657
1261.4676023883073 0.7539805974646734
1207.352529244211 1.397581023797898
1264.0417369495049 0.7524451675356824
1209.2863778618325 1.3953460609467787
1207.011401838139 1.5091299550129376
1216.8305037555551 1.2213096740625988
1210.4084059207125 1.394052598818978
1212.6046504839367 1.3629497776835602
1239.8363592155547 0.8693712682555885
1226.005877365451 1.0535102855989045
1224.48953077897 1.054814900040462
1218.5658750120888 1.1886569185640887
1278.8122652176312 0.6954974404240662
1208.3861054753168 1.3963856223275426
1275.1361951710553 0.6975024790371144
1211.2920957997324 1.3644266684527127
1283.747548513449 0.6536911980027582
1227.7533213486422 1.0237855072690973
1215.1668047951541 1.3600760260018283
1281.9819533212817 0.6659688067374617
1263.0590633978463 0.7530305779781848
1224.4267177508186 1.0548690119910185
1280.9905493748147 0.6943147688918081
1210.670801866315 1.3651268670619428
1271.210954774247 0.6996562245640137
1278.9287733351464 0.6954340818546058

1306.9902858900193 0.22715635749100746
1226.9261879005749 0.4361787687499711
1346.3842314588935 0.22007195314292405
1321.1296999549702 0.2247252125427402
1317.9193897233079 0.22527261904936266
1310.3248492506664 0.2265782815526165
1306.8797691461834 0.22717556704766614
1230.8927054032047 0.4347731948011389
1226.552369638022 0.43631170362787175
1205.956897944935 0.7015917030582051
1198.328876506193 0.8006250225977855
1196.1003082496748 0.8021167432322752
1195.7822703486117 0.80233007933179
1215.090498127041 0.5842987199889378
1212.0561506661932 0.6845700518475885
1252.3865709698857 0.3383830984907404
1200.1222418042134 0.7727009859939269
1265.262877263963 0.2857164360383916
1235.4753185413156 0.43316053825940687
1208.6772928758346 0.6942149073515598
1215.7196343099067 0.5669985493063842
1215.5181069967066 0.5840931686986992
1200.1147367187527 0.7994336328670448
1210.8129271905736 0.6852729461924133
1209.6154336670447 0.6861019069725947
1297.3370922177453 0.2288465768841804
1217.5054945224665 0.5661668650517003
1216.5456988912692 0.5666135432850791
1274.4477035583448 0.24955576527422832
1263.9558164358516 0.286011896335846
1237.6645654005733 0.35017816862445506
1251.2866765820568 0.33868054085781074
1287.808922004995 0.2305397544199928
1271.027305535453 0.25174155024211964
1224.0154827257502 0.43721600056383836
1236.8219423614178 0.35885311105049034
1280.5954356378836 0.2318383654639698
1224.4202136377326 0.437071479239647
1232.1123887173212 0.43434280743065223
1200.34724326061 0.7090964810655678
1239.6944161503106 0.3418475092506992
1275.4092348211373 0.23278109058112872
1236.4071652141022 0.43283407686568826
1301.543232473968 0.22810702342524405
1265.6097827998617 0.2528191458726722
1260.8475161488138 0.3038829703884409
1259.2349400038763 0.304272122891547
1219.3794482583362 0.5203727182048371
1288.4141216448113 0.2304314642561438
1228.2288290059173 0.43571616407889263
1233.7982055637121 0.43374933726788706
1297.677711389846 0.22878650840117246
1218.6009244131892 0.5207051671316107
1217.887730094572 0.5245673977942118
1315.8906620166802 0.2256199251113341
1312.0173819968352 0.22628599033272823
1303.6700218983626 0.22773489275037853
1304.834021250704 0.22753173797103515
1196.6083349299747 0.8017762001369431
1220.9201319562553 0.5197160579182257

1309.08244067293 0.14923366339063524
1220.1927752195124 0.24648388806289884
1207.048480081571 0.3027271847952932
1206.6520863543235 0.30282663281222966
1205.4623381121244 0.30312551187521525
1317.5145737146286 0.14760882337578882
1284.1113809111014 0.16253080986362348
1243.2043025452924 0.19422974690270736
1216.8955365030051 0.24715174836342368
1211.421680517206 0.3016343476125708
1211.266789693279 0.30167291912548927
1210.5044680790465 0.3018628992476138
1210.425197426897 0.30188266822543575
1210.3900869388178 0.3018914251112847
1210.214153941207 0.30193531210698693
1209.9230313789374 0.30200796150651127
1209.6980615585132 0.3020641264943093
1209.104894171865 0.30221231428957546
1208.920223438043 0.30225847926288624
1207.0392028504255 0.3027295115383358
1206.9608485865472 0.3027491643282822
1206.9245738364598 0.3027582636129544
1206.7608244864562 0.3027993458786933
1205.6873079325485 0.30306895152866115
1205.092214714848 0.3032186116752857
1205.0074900970194 0.3032399311120559
1204.2787328093443 0.30342343373789443
1204.1617465061727 0.3034529118257938
1204.0537629889202 0.3034801264849284
1201.6158040261314 0.3040958574797382
1189.186607517662 0.8380085860496005
1185.2287365775665 1.2132364528992052
1184.6325724456065 1.2138470118806386
1182.0644203310508 1.2164842148254962
1188.0289873368047 0.8811506602653687
1190.463976486883 0.48045430194338345
1296.6796941497073 0.15374760928761566
1248.3077401591124 0.16458263417401361
1189.5796635146282 0.8352604111987868
1188.6350803291432 0.8807013556392311
1192.7054713384875 0.36156427300019955
1192.3571191413494 0.47043545168382633
1225.1551117631618 0.2029672497346443
1219.8351431318295 0.24655615237497777
1200.9866678432656 0.3042551579217187
1220.4642793146952 0.22857165192820098
1245.5823898946808 0.1763529582513994
1192.596710364631 0.47034094177585456
1291.8274472056164 0.1615600157327806
1211.6764353757708 0.2819174657491752
1301.3427296444027 0.15319669326603186
1188.9505273317625 0.8485908967795928
1197.3667721443715 0.36015671779128366
1240.9913559093234 0.1945760990855544
1288.546673673694 0.16197136429644723
1229.502046288287 0.2000615974720466
1198.5654144244054 0.3597965379761584
1203.4246268060544 0.30363878231105945
1208.6209325437987 0.3023333275532937
1206.1667456412424 0.3029484850307891

1295.474024878334 0.26004298955063365
1220.5067812221023 0.33666569619249825
1466.4308894023454 0.24249020634202637
1307.1596396710427 0.2577182832843066
1306.5960783579928 0.2578294423919531
1304.0370990756694 0.2583353944096692
1302.2627074539823 0.25868738802570534
1299.0439325844598 0.2593283643951365
1296.2197198013084 0.2598933908876132
1293.4504571166608 0.2604498196749793
1285.3225213031606 0.26209681440343835
1272.013145288448 0.27056889349420715
1254.2500289963332 0.32756238692365125
1242.375811519203 0.3307395084465978
1241.7682606241096 0.33090132695232966
1216.4831512283808 0.3451915750554573
1202.8926617297498 0.41233594423289627
1200.9478341529004 0.41392289939670335
1199.0677348016368 0.42720084622494675
1308.3329176722382 0.2531930396289125
1257.20762019745 0.32257774260184946
1318.796217440788 0.25118421170090355
1206.7992461566807 0.3786352015444602
1207.6489264528598 0.36922223187130315
1264.31626449508 0.29221730941551527
1263.1237874609735 0.29343323365384416
1266.016829067455 0.272750290734087
1254.2767659752494 0.3275554043908718
1209.477166673655 0.3569734988703176
1203.0068869243175 0.39275935830861275
1207.6794021900548 0.3575048934413368
1235.9033024447176 0.33247161359226485
1222.3045457057024 0.33617052857360347
1259.4055527109213 0.29507597005999925
1215.05014760694 0.3455986864640848
1282.9134859223077 0.26258897580483853
1204.8869862755814 0.37957856355592057
1216.0631266739476 0.345310803189529
1294.6060658378758 0.26021733344538606
1300.2745128363879 0.2590829359407301
1288.623527178615 0.26142541340381675
1255.243387042373 0.3273031648986723
1284.526451394104 0.2622592457702504
1218.85279847216 0.3445204667268459
1263.3811188579857 0.29243360657074774
1210.340316201637 0.34694352437896825
1273.0848889772312 0.2646162414080613
1296.078844521925 0.2599216395965602
1261.486191844404 0.29381415338193473
1278.2605881020543 0.26354480569157474
1298.2351537028553 0.25948992164763085
1256.373793720811 0.32700867795113764
1256.2744304808475 0.3270345422375937
1254.5103621787794 0.3274944119102848
1287.5956146443048 0.26163411437807355
1286.0811665347621 0.26194220635564236
1304.2103490912873 0.25830107739083297
1298.0206660852855 0.25953280029858905
1305.9662710629334 0.2579537816396791
1304.0055287012033 0.2583416487889336

1327.73671782587 0.2204659215650213
1305.137570806868 0.22326954267978555
1288.9747728468956 0.25058016896804314
1272.9879476650522 0.2537270812091816
1245.722386619399 0.32840427395231375
1241.0436441610086 0.34817631087583834
1212.351244578245 0.4865635965070616
1211.0303281428846 0.5006729742617989
1203.914694681132 0.6164577318281851
1188.922829069174 0.7551424061701428
1358.0159523194743 0.18091414651499071
1348.4232552554165 0.2170836923423946
1338.7963757115597 0.21864467547248798
1333.2972464558559 0.2195464663782224
1332.6712677812457 0.21964959113926538
1328.4676958609855 0.22034461206938388
1328.1747644248103 0.22039320948697966
1314.313970320054 0.22171069862195583
1306.4623566545072 0.2230431417208567
1296.3007176707022 0.2390500401758838
1273.6885406204392 0.2535875185138939
1270.9310530910918 0.25413771706180055
1268.3999992594215 0.2546448411889819
1249.5673127117643 0.3273937720378364
1247.6248682841053 0.3279034959334652
1237.2894259716427 0.349232757178505
1228.2158615281082 0.42106193420971005
1226.786097690518 0.42654298269222124
1217.1521880113576 0.4300127863919277
1216.398676317035 0.4385018797915973
1215.8315463660501 0.4447703278633534
1207.653622930055 0.516498822014936
1207.3291416640604 0.5351532019720633
1204.9383977419984 0.599161934538639
1195.8236643840096 0.6724672373862692
1191.3439511108675 0.7220829611915163
1189.6957328810033 0.7230833432784789
1189.695732881003 0.723083343278479
1188.9311600448934 0.7551371148015068
1188.3226458813747 0.7584362321022293
1186.4680427479602 0.8144470527766654
1261.0449364305202 0.2561300609078779
1197.8863695099544 0.6558819056274258
1195.4895544854048 0.694970402405082
1199.487641711844 0.6550063272332168
1306.0767622974377 0.2231089909720748
1271.0050346026685 0.25412292444340406
1258.475368257452 0.26870350966427964
1215.6459303354918 0.44483823949840107
1253.571946539235 0.3154106205974638
1234.2128666089661 0.37392174333317935
1197.2436683040373 0.6634866130525052
1230.894676006575 0.40913118197537574
1236.3391800438976 0.34950117624238386
1241.5437918427715 0.34803605035834917
1209.451387413655 0.5157310828170627
1210.9216120256074 0.5007179245056849
1206.6016711267266 0.5659952670157138
1279.8325585587293 0.25237013562090793
1231.924253204977 0.37901332206038624