1952.2060547885335 0.23745061988232766
1949.7881584221604 0.2721091167387719
1807.8231652154577 0.27441312460754874
1779.8192258277493 0.30218841422233356
1746.6556317738225 0.30485311084683697
1730.628705900993 0.30993776867957173
1705.9685329215506 0.32384983219122226
1623.8116133061537 0.33180103145621714
1599.448928865965 0.4280173769580132
1541.6995670422868 0.44778827227623424
1510.8736502357137 0.7842997469038252

1967.1197772636478 0.24026386402849723
1939.9832301032914 0.25323876909609894
1597.1605389487795 0.30637228531020455
1462.092023692424 0.369859150284246
1456.685517064717 0.3885310594254414
1396.3808092663724 0.3983067081687837
1381.4226940093604 0.43840448015952377
1336.8223939130796 0.4870957878892801
1306.5108797796731 0.5333865638827212
1291.6000008554865 0.5395442461903825
1243.09826272602 0.7713084431648624
1222.2330509219005 1.0362012622366903
1221.3654823197562 1.0726574933699806
1208.6609906525139 1.2504357850688814
1208.6458320828913 1.2504514677588834
1207.6897580382665 1.2514413943393068
1207.6745994686441 1.2514571022638692
1766.6801193152426 0.27207615383221995
1491.6591363705072 0.3312392664011799
1429.6720763660521 0.3918078869605337
1225.5800352232616 1.004665992110983
1583.8889369926078 0.31536559395124364
1282.8189585655086 0.5432374881802031
1390.8151547025677 0.4190997134043854
1356.684698387493 0.46156464404882913
1387.970091928952 0.4199587845039527
1310.653742092689 0.5317005754154313
1322.5528009995496 0.4923512745494891
1305.4101287905105 0.5338363273515737
1211.8795107835404 1.081053706326529
1227.472885411754 0.890315912516193
1250.6360493045602 0.6714967848128391
1312.5298545333028 0.4961110446227973
1305.891546725478 0.5336395281740549
1258.7266614223863 0.6217105174005405
1256.328634741918 0.6409481040255812
1239.0539390523281 0.7738260260545918
1246.3097013687154 0.7245225396614816
1264.5250447489095 0.5680674635773144
1296.9605127362656 0.5367421364999942
1233.1657134847949 0.8048541390013356
1228.7028183216507 0.8718060990289243
1241.9674259979297 0.7720107352684705
1212.8507433977877 1.0801880147951903
1274.7056610636773 0.5635305127625215
1227.440016766517 0.9451434048971551
1246.3327448155778 0.684002444818599
1251.1353445217883 0.6712288081031178
1244.8449255458004 0.7253750660103261
1221.9361116057341 1.0721565753811209
1247.2489589883924 0.6733203343462235
1231.6300027626705 0.8697340991239696
1221.9744180227506 1.0412957179093207
1217.7855684438082 1.0758107754782271
1229.707688269418 0.8710936925297608
1212.913556425939 1.080132075210854
1214.8358709191916 1.0784229113702823
1239.7196118681952 0.7734105168178067
1215.9667076472822 1.077419988980284
1219.466255275174 1.0743280768011902

1354.5892627705393 0.6018501328307622
1253.3442483444198 1.3462910180673304
1252.734517425764 1.346946284804062
1248.5567278543845 1.351453295191594
1793.83321669085 0.2744670151697577
1705.8943538528943 0.30367999603047485
1521.904751367266 0.33006594776951476
1427.7917845854497 0.4635630770626516
1377.625861500162 0.5617090092365227
1301.3044295061682 0.8877871897867587
1243.9911890700942 1.3564132277767809
1243.4601812850576 1.356992471080681
1217.7606026806618 1.4575988544124618
1214.675029904755 1.4613015133398628
1176.8455669877321 1.5366729399014702
1176.8242648677606 1.5367007557719448
1384.0931467155356 0.47169807533859315
1265.9575018957516 1.0942430270538184
1290.090051816785 0.9919910458049995
1438.5637607945298 0.4622243922025602
1328.7742576617293 0.6135426864486389
1247.6719526154266 1.3524116660275234
1302.8506207463074 0.8435758057325619
1258.5027084025398 1.1145813635891575
1252.401106670896 1.3473048651144681
1257.2452574970655 1.3421137157054501
1489.0771356147973 0.4318519257170604
1324.3609931674994 0.7898002110403801
1252.9565948135353 1.3467075484315205
1287.3524123824475 1.0138875973866868
1293.9241557737303 0.9387510275556125
1236.2059716183041 1.3649554708779872
1185.3467331354984 1.512169313100995
1226.7504400504622 1.4469173203173638
1256.7413718409202 1.3426518310770077
1234.3508399471414 1.4380080621907891
1261.31183867595 1.112099024048189
1256.4249296827095 1.342989990272288
1267.578672190402 1.092843544457979
1185.8854452829698 1.496777337538213
1185.4059448698717 1.5120937793413725
1220.1171256671917 1.45478366140082
1177.7902486854389 1.5218711117982235
1201.576940516343 1.4772307952690935
1191.943496540068 1.4891699686842441
1205.6820748875753 1.4722010854988232
1263.1696737423133 1.0966580324018225
1180.599378958849 1.5182499560627776
1243.0832401360406 1.3574039530190916
1197.125264889898 1.48272408199422
1256.7832652371992 1.342607075352787
1256.7272432267325 1.342666925688676
1210.6981762070575 1.4661015390118126
1239.962882822371 1.3608198499068807
1212.3575565010037 1.4640948537812757
1285.5705526660508 1.0711618524269455
1255.389333353181 1.3440978501748448
1194.3641255634534 1.4861518538817333
1238.3551163454952 1.36258661333917
1274.8550320673414 1.0801652736831016

2571.1824821893083 0.21716067295506522
1914.2947324274246 0.23941563943479052
1420.7412410179797 0.23970120788076202
1338.0430120940186 0.28138716042601836
1311.181546855659 0.2995316774771572
1296.7200046063674 0.3107798271874703
1281.783976582198 0.3144011988795987
1269.446084285003 0.32983225015322454
1266.2977400643729 0.3379643314037669
1266.0167805296066 0.33803933380719403
1265.6616151790138 0.3381341931732884
1264.9240821162373 0.338331347414121
1260.4087206325478 0.33954340530441535
1260.1726404466483 0.3410282292382699
1259.1564782200783 0.3413034452346454
1238.5956139201398 0.3458989148349728
1238.319461968361 0.3790302368161104
1238.2566489402095 0.3802486082876097
1238.0833817824616 0.3805490816560601
1236.8443855632254 0.3806827867419908
1230.761125098739 0.3987794966665349
1230.3782470702458 0.3989035917631857
1227.060683504881 0.4011839652983075
1226.9736625441162 0.40121241856928586
1226.9661670389567 0.40121486956576335
1225.87107468119 0.44415393979253665
1225.5282892829503 0.4442781715107785
1223.823180937169 0.44489716813536556
1223.2645025188942 0.4521677912449952
1222.9377912076914 0.4522885891572222
1222.8507702469262 0.45232077508581564
1222.8432747417667 0.45232354761830074
1222.7655537217513 0.4532421614313034
1221.908443762538 0.495388347735515
1221.7481823840005 0.49545332971843437
1221.4053969857607 0.49559237787341703
1220.838380102263 0.49582255514353485
1220.5788102645606 0.4959279973969031
1220.3159843848812 0.4960348080212343
1220.1041636993295 0.4961209239744608
1219.700288639979 0.49628520274809185
1219.6225676199635 0.4963168287553503
1219.4917640762271 0.5415561792806882
1219.0711524571132 0.5417430304098855
1218.9934314370978 0.5417775710561463
1218.272913118558 0.6450797984840733
1218.2101000904065 0.6451130599186478
1218.1323790703912 0.6451542203425095
1216.702220990563 0.6867175007399092
1216.164867069981 0.6877701209231499
1216.1320072027406 0.687788704460736
1214.5976275809267 0.6886575757216986
1213.9224951833992 0.6890405779660901
1213.8718907061857 0.6890693030222461
1211.373249696811 0.6904906129440754
1210.8278898331303 0.6908016116167273
1210.5470164893889 0.6909618926763422
1208.2598410357434 0.6922698489839683
1205.3434977412246 0.6939448043272918
1201.7241729350815 0.6973660627148055

1204.0872910646133 0.5845578507753526
1203.9305570164956 0.5846339516083924
1967.332502845507 0.23130666067380848
1760.3264380466906 0.23482022067376296
1590.9767899884366 0.2833626238894648
1564.849482071893 0.2948150140951088
1306.8358474595025 0.33909755354148563
1306.4667533994618 0.33919335306524756
1300.752892630694 0.34068333906034814
1220.2657725145018 0.5027795722479186
1217.435233976412 0.5364649683312926
1213.864848258808 0.5380428926477208
1205.8028038389373 0.5441043200873186
1203.9572132694123 0.5846210075018196
1203.512701402568 0.5848369345752423
1202.2532568556692 0.5854495922527123
1201.5856885394794 0.5857748521174407
1200.7412137234544 0.5861868244099051
1199.9083883786527 0.5865936815074015
1198.212762940629 0.5874237871438219
1197.4008187079405 0.5878221127075459
1422.2108206923253 0.3355570751747214
1271.92965019433 0.3780781006122447
1554.015521420573 0.311363940163745
1220.9236143191392 0.4781054578641197
1205.5667236530378 0.5690774878606208
1219.766650365351 0.51267637626696
1222.205536889581 0.47352036882846876
1310.669668500454 0.3381056641532236
1283.4009723183285 0.3452894678374265
1222.6009144799657 0.444380858479829
1205.1008762829192 0.5779701335682916
1206.778176443746 0.5436645504110594
1204.1255036781106 0.5784383042307002
1230.299990984766 0.4351282291692966
1233.6912879606296 0.4063399329095197
1217.9450634322477 0.524875894546069
1232.7407579052692 0.40665324965227095
1222.0544510472298 0.4776630395977404
1252.4207777983956 0.3978909353095914
1225.2047592398003 0.43936281904407376
1300.957988327162 0.3406296304184654
1205.4074262485524 0.5778231486396075
1218.7912777605427 0.5130866602111166
1237.8141802578195 0.4025861737789876
1217.8272203751624 0.5362922944351327
1251.3470770492054 0.39823234002709423
1204.0423059929708 0.5845796908524541
1252.732567150357 0.3880360675989279
1198.6827412783823 0.5871934706092364
1241.1750387797906 0.4014960493962873
1247.0391193124613 0.3996080531572383
1210.9010687409357 0.5393597966840054
1234.4258671352602 0.40609812912001486
1209.9256961361273 0.5397945975742587
1202.5417276982319 0.5853091521055929
1199.078118868767 0.5869998525823159
1216.851847770354 0.5367221617300875
1202.0343865629925 0.5855561928001144
1243.9214411865314 0.4006096029698095

1282.1599633647638 0.20989874643002057
1255.873691622463 0.24970761696783556
1254.3399010658684 0.2500129562020332
1252.3983258856072 0.25040054770584835
1251.253167732231 0.25062971653931065
1250.5944801041292 0.25076172311390016
1250.4268819733024 0.2507953333926639
1250.2405320704097 0.25083271474835095
1249.573452026206 0.2509666208410026
1249.539533176624 0.25097343334979993
1248.3346268735588 0.2512156756662712
1246.6912705079158 0.2515468217082157
1246.5271797977748 0.25157993490243785
1246.4015828210402 0.2516052860249543
1246.072959057031 0.251671641269675
1245.6284713020289 0.2517614473116875
1294.9455756554873 0.19613243394644847
1291.0442053392987 0.20837566328089024
1265.0528374161681 0.21388700814289663
1264.512904727843 0.24703195545533357
1263.6386683295834 0.24720286216498485
1263.5357842867477 0.2472229907835617
1262.3297910466933 0.24745918045268436
1261.3833842093943 0.24764484728741884
1261.3242776792054 0.24765645209666687
1253.5717062948127 0.2501661653441079
1253.5072662420712 0.25017902583668183
1252.7677096226523 0.25032671606941703
1252.4830107624837 0.2503836172250593
1252.2271330146862 0.2504347801446063
1252.200425103579 0.2504401216136812
1252.1078287878074 0.25045864224908465
1251.977057911568 0.2504848030288702
1251.8080280196423 0.2505186256424318
1251.7950830394066 0.25052121628901736
1251.7572144859748 0.2505287951357418
1251.6586132835685 0.25054853090089024
1251.5310950297394 0.25057405924076676
1251.3049870524906 0.25061933740578024
1251.2300961448868 0.25063433793182194
1250.896946092789 0.250701089108248
1250.5154308874614 0.250777574591853
1249.901716379081 0.25090070894224764
1249.7272113415079 0.25093574333794916
1249.5643534675069 0.25096844822550257
1249.5432199728955 0.2509726928488685
1249.5143628127282 0.25097848898808117
1249.2960109344456 0.2510223549926145
1249.2333097129192 0.25103495424702604
1249.2037161020746 0.2510409012600301
1249.1403738077454 0.25105363121976054
1249.13143257697 0.251055428251198
1248.9187930839614 0.251098172662825
1248.6965854721348 0.2511428559957744
1248.6603925585682 0.2511501354704291
1248.5336118389062 0.2511756381838653
1248.3314061708136 0.2512163238042674
1248.0225404363898 0.25127849584991324
1247.9703879428828 0.25128899674019867
1247.841296815544 0.25131499297863047

1263.7023103207696 0.32236957139486455
1237.4754577440613 0.3747937039649841
1235.1548399875132 0.38906086398531003
1235.1353996678745 0.38906698757917424
1234.8039207436968 0.38917143129230897
1367.663930958479 0.16556503970049427
1345.9149052673492 0.22099586528664367
1328.1566747324205 0.24016690344960503
1280.2203522687585 0.30548943443656607
1276.3996285780056 0.31799940592467285
1269.7074319999447 0.3208449142548804
1254.389862147955 0.35486160491386465
1249.1354320238393 0.35635431375787724
1248.766941379938 0.35645946807145035
1248.338208497718 0.3565818915413887
1239.1609256085344 0.3655874160922779
1237.3421776109594 0.3748340748144177
1237.0617254720933 0.37491905280366195
1235.9299034220903 0.37809647824456316
1235.7243231447937 0.3781593799592794
1235.1971998472468 0.38900103892132665
1234.7793664904302 0.38917917017598924
1234.4648936910185 0.3892783113210663
1233.3098397707026 0.38959633542097255
1232.092678077167 0.4216349426066915
1230.9639829040316 0.42202154800795005
1230.8629672406348 0.42205618288427205
1230.7783668734735 0.4220851938816992
1230.5502506320636 0.42216343894965447
1228.1191914560084 0.43491003596257527
1228.024674990084 0.4349435093613036
1227.7015420423247 0.5199782668111916
1227.6886813449466 0.5199837138624142
1227.5387304803728 0.5200472328419151
1227.4900552731428 0.52006785492901
1227.4900552731426 0.5200678549290101
1227.4016701215799 0.5201053049971498
1227.2750388481554 0.5201589699011051
1227.2690567030909 0.5201615053405816
1227.1375233148467 0.5202172599760089
1226.899565351072 0.5203181564498527
1226.8613065761876 0.5203343821920039
1226.8050488851475 0.520358243204752
1223.3519667206292 0.6699957990851027
1218.240439237461 0.7017247572255944
1216.1994702095922 1.092574410511978
1210.3475203918997 1.2005718805572498
1208.0257412427338 1.2028793336720198
1207.4552220136397 1.2034476908066183
1202.5000658876627 1.2084067518217139
1218.4342790907256 0.6771591731495384
1259.724779202911 0.32338744055394003
1224.3243084949186 0.6211863552576822
1226.7667901102632 0.520374471447191
1266.45826485273 0.321668059228291
1249.141609196361 0.35635255153807865
1242.0806498789227 0.3583783385667398
1217.6988375558844 1.0912291103901481
1312.7080081816598 0.29351027286837755
1272.7193568008017 0.31891895211727106