1925.6063424335762 0.20497728400175166
1851.2141587806952 0.2532358541780652
1729.167489849364 0.2636408747194496
1685.2217462125718 0.2934250567590634
1670.9755372372788 0.33655672769351147
1637.5658878606705 0.35432684004793413
1608.1489179548253 0.38115486495326756
1550.8345630920005 0.5304332781465709
1513.0994873321497 0.6016217357222574
1498.0122001308 1.16826022959489

1974.1739888571524 0.18712485903257878
1767.1163849694824 0.2362319077141751
1669.543544809056 0.2749279025545603
1612.0160219634467 0.30813919751811497
1585.3141392515652 0.32265818774717003
1570.0643287370108 0.33937413966418084
1502.1479828738954 0.3474561668246544
1480.3637397826558 0.3882401868706039
1414.4622627269703 0.4368878123512721
1402.0223318800333 0.5016517296198537
1375.7319024155775 0.5283161147294226
1358.479799588813 0.5842208057062246
1353.0673588386808 0.5913003866391914
1326.3302355256342 0.5983820181380973
1309.219931736023 0.6044680404737436
1288.1638331133772 0.6295872022164909
1279.5569339210142 0.6912235332713156
1267.460658552293 0.7041592503178674
1260.9891147002875 0.7820603619508834
1248.0406453592539 0.8019874798388393
1243.0672574643354 0.9096739318086516
1242.7544483692807 0.963552888395989
1240.4069369433676 0.965376444317528
1237.911015069243 0.9673228719321187
1235.641803710154 0.9690993253042076
1233.744734764091 0.9863783135757793
1228.5477465801168 1.1313820625887145
1227.7561477050876 1.1665896668603468
1225.4019530249413 1.1688308736585382
1222.7811468656041 1.1988708597790254
1219.9695213693715 1.2049134978052154
1219.4074131239918 1.205468924814102
1215.0103005577776 1.2274772875160023
1214.381164374912 1.2281132084260729
1209.4300145081436 1.233140843324607
1207.6724955229406 1.234935426253014
1207.6625840792085 1.4949274438359856
1207.4409422293154 1.4952018576582438
1207.0786294672475 1.495650652543409
1205.7446705748262 1.4973053448979394
1205.7093428987807 1.4973492164317193
1204.1107792559574 1.499337080056258
1203.7611475097885 1.4997725616652797
1202.7963022813694 1.5009756318751666
1202.111172088149 1.5018310966179984
1201.5553434016401 1.5025258301651259
1200.0420382953293 1.5044205804643596
1198.2220482490948 1.5067056581641034
1198.1296415852007 1.5068218639890065
1198.0668285570491 1.50690086462729
1196.8699898016685 1.5084077261666968
1195.2324269492437 1.5104743639209834
1195.077909257674 1.51066966082178
1194.5062348550514 1.5113926467306944
1194.0991559519048 1.5119078937751196
1191.6669348850978 1.5149937343927131
1190.8234911148693 1.5160667834522445
1188.728692057804 1.5187384235747068
1187.2696273789609 1.520604838363007
1186.6404911960954 1.5350370024202045

1286.6233881712608 0.6932695579062945
1260.9634918046245 0.7568803888658803
1601.286698479811 0.2484848684180317
1458.9791032224418 0.30565946693825424
1324.4127297210148 0.5442230934686232
1267.905339860059 0.7252858984946571
1267.8907445480563 0.7252942476162397
1254.3393038184013 0.91354218404987
1247.9716340666482 0.9451184618854961
1235.5217467479763 1.0465914032198251
1221.4785492322198 1.236497058647824
1221.3796299955677 1.2365972022413145
1205.9935404457826 1.5304931312233663
1204.0487128689333 1.5329652448645905
1203.6272689492994 1.5335020047886345
1363.6261901658468 0.4379297759254966
1382.014673741812 0.3259962761003406
1316.1084635112766 0.5758544930911661
1219.6899799400858 1.2383102740593501
1228.7671263260609 1.115960079052214
1343.8620209657179 0.5057995568091999
1264.4598660946126 0.7272621996827919
1238.3894186940938 1.0148171780483473
1234.82250139535 1.0481033016194972
1243.4238592995346 0.9494215516057788
1280.8419571412526 0.6963988199607523
1254.2382446182364 0.9137060835919892
1222.2310348811434 1.2357357898982875
1254.4600002817433 0.8737454886140298
1207.2381502130058 1.4177821923537093
1219.6835719471337 1.3548612731274814
1222.360104009384 1.1701574429180455
1209.5320023748052 1.4150933980593
1224.5299152096818 1.1680839772605562
1218.7336372169464 1.3559173117388952
1218.386413538346 1.356303729866698
1212.4398409456298 1.362955902052935
1223.5654355934369 1.1690047234285645
1207.6595941326395 1.417287420741547
1206.4475344217433 1.517265626766419
1272.0840307011226 0.7011933221249277
1299.7337512106321 0.6477825828297737
1214.7336931074292 1.360382153287999
1249.1937829162255 0.9440199316543665
1250.233953691467 0.9397293788064452
1219.448885227932 1.3551220203806182
1269.68847621936 0.7025162819192861
1264.685408406273 0.7271325007105341
1212.232148682398 1.3919553162652458
1219.3361347882492 1.355247326766005
1238.3510460880213 1.014848624042544
1247.9791295718078 0.9449387426665141
1227.5617947420083 1.1170558299427882
1210.0584156854497 1.4018639710582177
1205.1195933470333 1.5316030376916312
1268.4223831791278 0.7249902523177965
1267.9378271390917 0.7252673151186756
1220.1196652253159 1.2378741826508781
1250.9065394123031 0.9392241063966196
1257.5836635909682 0.8480771217241072

1251.581339672494 0.3384006953650282
1238.6956459567539 0.3469411114092504
1236.8677996075128 0.3683234147290599
1236.4370449160847 0.3691290328163263
1235.9937169588895 0.36926143253471855
1234.318359552069 0.3697626361919943
1231.888492439043 0.3836681204430197
1231.6400097253745 0.383745525281254
1329.6549972471244 0.2362971967005006
1303.8610764817383 0.24209970820706292
1286.4397303802457 0.27352630150751733
1277.142624972606 0.2755174674173794
1260.2882894687748 0.314532862714995
1260.208477660983 0.3145527827812604
1251.077485453957 0.3385369815822274
1236.1599441818244 0.36921177771233404
1235.7377431762386 0.36933792226418977
1235.6362481729902 0.3693682596338448
1235.1936890627098 0.36950060105511084
1235.0856971312535 0.36953290900238517
1234.3780631880982 0.36974475174110627
1232.2686289518094 0.37037769184822744
1232.2611193711225 0.3835521019527744
1231.8751721762624 0.38367226904532953
1231.7884844605096 0.38369927016851
1231.5096878838135 0.3837861343191182
1231.0959556118457 0.3839151126563289
1227.5890281883183 0.39835100813683544
1224.9856849517125 0.4503285600007605
1224.8920221354742 0.45036299490636844
1224.7420712709 0.450418134941191
1224.7269194493747 0.45042370733049997
1224.6428995534727 0.45045460985156593
1224.6423190822131 0.45045482336366716
1224.6324029834502 0.4504584707884011
1224.547802616289 0.4504895916249566
1224.489614941943 0.4505109988638044
1224.4628629142705 0.45052084161451034
1224.19377398035 0.45061987019605987
1224.0758826699753 0.45066326960269015
1223.4361238468205 0.4521043619941611
1223.351523479659 0.4521356270837826
1222.3086550248254 0.4976033680934812
1222.1364175388856 0.4985638175298005
1303.7158104604773 0.24212668407180088
1290.703340044282 0.24849107907751564
1277.6469788218376 0.27540870631394015
1266.2302114294207 0.3107747819693841
1259.1116577401335 0.3148267916479024
1288.2537743755859 0.2731411376875566
1225.022703271303 0.4394281146694766
1242.3564006178526 0.34091344113527433
1247.3377316468209 0.3395519793118775
1273.3796446172998 0.3037211609636016
1222.7655537217515 0.4532421614313033
1303.2000899735528 0.24222250181488392
1277.0385713265664 0.2755399166978288
1307.1613211299284 0.24148846898706516
1226.8884460189413 0.40212715879039074
1258.9475234442543 0.3148678369439205

1331.5536221441353 0.22131611613203325
1326.9232547928864 0.28225481398038055
1326.34777543737 0.28237727946149255
1317.2563991509687 0.2843261772645091
1351.8753394751536 0.20700318874399345
1330.6242373012003 0.22147069609387698
1325.3984915176707 0.2825795252105234
1325.121912551702 0.2826385051067475
1324.9974106890209 0.28266506290985516
1324.9698138632339 0.2826709503334142
1324.58089651461 0.28275394687732175
1322.9235185916255 0.2831081851553517
1322.5363052692085 0.2831910738144688
1321.987333600705 0.283308672427062
1321.325856085549 0.28345050142086853
1320.302014246047 0.28367030604106236
1318.313859660295 0.2840981104031758
1318.0438072070126 0.2841563189325644
1317.6655515686527 0.28423789026125534
1316.9251333816214 0.28439769805750603
1316.8941523424803 0.2844043887518185
1316.6537552535847 0.2844563158335226
1315.7332760659501 0.28465531978309117
1315.1261634437392 0.2847867275844289
1311.0143258378766 0.30359149025675025
1264.37475664293 0.36163789151333453
1258.2390452058548 0.372368857861139
1258.07370243968 0.37241779656550644
1258.00822414978 0.37243718060448106
1240.7520573872978 0.5411209881666054
1240.5159772013983 0.5412239678507273
1240.0878126987095 0.5444778677474744
1237.9700844106317 0.6605641940381156
1237.7340042247322 0.6606901872783391
1237.5609319929476 0.6607825844462477
1237.1809067828212 0.6609855572201769
1236.9448265969218 0.6611117112651028
1236.7717543651372 0.6612042263786828
1241.866035846155 0.42957941084862544
1328.435774553753 0.2556855551478684
1330.437952672336 0.22150170587253165
1265.6954467666467 0.3612605403954937
1256.9427113704062 0.3774288623801939
1264.3119436147783 0.3616558582589427
1240.0006301980127 0.6594824963285874
1272.654028765276 0.32076140818232735
1349.1438775649167 0.20742228513152802
1242.873338298938 0.4292312527693756
1241.1361129599659 0.4742301583714247
1239.4180771228969 0.659792467244223
1266.1591731158915 0.36112822999165123
1240.4531641732467 0.5424483949381207
1241.2368996632893 0.4741916515446524
1309.5475204423944 0.30626766725419763
1338.2765827361384 0.20910662987435735
1241.3721931458654 0.46339651877627486
1272.493004065635 0.35933071507200987
1311.4916528211181 0.28557595135444724
1247.814619953493 0.390785002058261
1337.977439878905 0.21641403971682266

1522.2890410134457 0.19507023246002425
1364.8563695471046 0.20359851874803908
1218.2806532824818 0.3007326040498047
1218.016281141658 0.3021207313929813
1209.1067614396595 0.31136789520442965
1196.4224388060068 0.3955033319254498
1174.043212044908 1.181797255269655
1174.0432120449077 1.1817972552696552
1172.7022326368774 1.2252530668949229
1192.3425085255742 0.4996141330494903
1174.072311200014 0.6364117005220786
1373.1028944897782 0.20237575513004308
1274.820874217256 0.20680892510933482
1353.8135716366053 0.20525923285559058
1174.874519614664 0.6074931779996467
1257.6409713079677 0.2096340217268993
1391.5288160011785 0.19969599763098356
1194.0878451557314 0.4573236338110425
1178.997411911854 0.5595937922535364
1388.7314647167532 0.20009824952032315
1234.6047558250882 0.2738949187551964
1362.9792078273035 0.20387892459972573
1188.5993692402585 0.5503980311896366
1176.141570020754 0.592833905513643
1243.7317400831773 0.22991934381971046
1188.9924252372248 0.5175967968973711
1268.3111928069382 0.20787038401855773
1235.3149554797524 0.2737374527779156
1173.5044410515275 1.193704615985487
1353.991945363471 0.20523219218192673
1172.8884986177995 1.2250584849166257
1194.7676311135344 0.42443561752089404
1184.2274750944832 0.5571223828734597
1189.228505423124 0.5070805664243926
1224.5610681200922 0.2893419278234834
1195.8007985421398 0.4072074194007322
1194.9412686950093 0.42170810234038375
1268.5388457889132 0.20783307943545945
1353.5886018161812 0.20529334745488165
1231.8161277981542 0.27451497156148724
1393.3109806242453 0.19944056926840328
1196.1974689855826 0.39557771455529755
1197.1687015998298 0.39525679238507044
1173.7405212374267 1.1821020237930246
1173.6907070324496 1.1935151737756309
1198.9860970125164 0.3946576712750728
1225.5323007343395 0.2891126247550918
1232.212798241597 0.2744266004817059
1234.0938666074996 0.27400830556030953
1252.9530091435938 0.21041837385746562
1207.4421572625574 0.3789072197672031
1226.6008267503641 0.28886077072534166
1243.1672852859006 0.2654094442611753
1205.7381075525277 0.37944272306922866
1228.8716435044082 0.27824944557457504
1216.673879760968 0.30943133870916606
1199.5368117556511 0.3841524909633056
1205.5285116002656 0.3795086938514253
1227.900410890161 0.27846953258980967
1227.5037404467182 0.2785595206113024

1188.9510862209447 0.6161053125538729
1263.7607000970559 0.1995250613791734
1217.3118354605251 0.37854314795500743
1216.290216994259 0.3899172476507427
1208.092231269873 0.3989389279758547
1182.413733654309 0.9767037287967055
1177.1762086952415 1.053437137090527
1175.1919513531946 1.0552158170510644
1175.1919513531943 1.0552158170510646
1179.7129904537865 1.0271007335052158
1184.3979909963557 0.9750674278576614
1238.6405815505436 0.29611271359949004
1196.6884947735266 0.590087050715567
1223.4013802408726 0.3690579760607701
1204.044034119 0.4138943402135243
1194.1517130149819 0.613422124344624
1209.90962668256 0.39833968505584133
1188.9216498323526 0.6161205666418076
1188.9216498323524 0.6161205666418077
1177.7287331117395 1.0288312102391024
1234.960525320541 0.33842807423661775
1254.5569545392916 0.20098882744470492
1185.25249219166 0.9743644584160482
1196.503961769764 0.6122161764545634
1244.2727894691013 0.24046289549575806
1186.1330218054186 0.6175690813096588
1201.255406092066 0.41485516615566387
1181.8516254089293 0.9771682652981124
1189.5571792132832 0.6157913998483665
1235.5896615034067 0.2968438756043854
1246.1940829788361 0.2266943978404736
1249.2450030259733 0.22614076225956678
1224.0369096218035 0.36211665830117884
1207.120998655626 0.39925990863841826
1242.0711906816464 0.2699226072558876
1206.4854692746953 0.3994702231503037
1191.3630849880478 0.6148579638043516
1194.7872423959127 0.6130958337975704
1209.2740973016291 0.39854903095517763
1204.6795634999305 0.41367599002167543
1239.71217816056 0.2868439701340001
1186.7685511863492 0.6172383653536838
1183.835882750976 0.9755304087902263
1209.2740973016294 0.3985490309551776
1175.329376009239 1.055092436598171
1223.9380470824335 0.3688961531818773
1194.7872423959125 0.6130958337975705
1181.5641377762736 0.9774060211526745
1209.9096266825597 0.3983396850558414
1235.4971921621018 0.33697693414580343
1193.3885393869632 0.6138144086449102
1231.646789195216 0.35822113568304825
1188.158476204334 0.616516310961743
1179.7129904537862 1.027100733505216
1182.1262460216533 0.9769412586237799
1194.6883798565427 0.6131465685431562
1187.5229468234033 0.6168462534108445
1191.9986143689785 0.6145301443787362
1193.2896768475932 0.6138652623917563
1227.523896898026 0.3587162560696696