2226.2674174328167 0.18645387705639394
2095.916242199325 0.1909510994962601
1757.5295478186765 0.22105366089004733
1747.4611896514602 0.22751207340389498
1735.9458779254282 0.25804723001532515
1718.4665930249175 0.28872633792403823
1706.4440967508194 0.31788407370492566
1698.8370230240662 0.33269862687026147
1624.9544939356226 0.34783300101994785
1606.0290760982489 0.4192864879806213
1591.1638026779158 0.5427115780492525
1589.9038609096556 0.5559948263205942
1562.2296148199082 0.6325539755268964
1558.0877246259226 0.739349023684746
1555.7992279737314 0.8178089163146651
1541.673431334204 0.8330396438442981
1533.4118384109538 0.8429206128054924
1492.7636089557702 0.8942913703708912

1350.9685410152897 0.5753928166209676
1218.0939119140744 1.1004898953062014
1803.5234432535794 0.22022893938461838
1743.9237868059379 0.2935361578916831
1587.5129030676276 0.33518093028214935
1492.9197502287102 0.3648457318720827
1404.7268654761997 0.45316029681609976
1401.4020758546417 0.46510198389284607
1396.8171437945457 0.4985512125040673
1365.7218084439767 0.5113497790014553
1233.5390884842384 1.0867106313125718
1226.6554934370142 1.0928089009241229
1225.4080973137607 1.0939213185664234
1223.372300155 1.0957416981123418
1220.8536148839028 1.0980022709134674
1220.674104852032 1.098163741056778
1215.948859560428 1.1024312667886698
1210.7594612249325 1.2858893634424666
1208.6865251504055 1.2880947048555338
1204.0435491469602 1.3919016794764252
1202.9827460095207 1.3931290733634063
1199.9523583692392 1.3966473139800377
1193.2058100227762 1.5859065499063565
1192.9515121093784 1.5862446128723624
1191.1788348055584 1.5886052154463703
1190.6345343216044 1.5893314488644796
1190.408992009944 1.5896325735127117
1188.3022288562101 1.592450862709287
1188.237598597924 1.59253747881257
1187.6925195685621 1.593268357191335
1187.6278893102758 1.5933550622496884
1187.608462415058 1.5933811263464162
1186.99875312741 1.594199576466045
1708.3705791760501 0.31275454425481236
1800.368817584135 0.2699916149967679
1278.175150955014 0.7238226359422663
1234.017490540129 1.0214597374542294
1194.0405871213168 1.4035622040795284
1641.3568371243969 0.32095526102302474
1641.3409093425837 0.3332693797076045
1211.4471074976018 1.1065279146725724
1239.2815660077952 0.874024191215817
1193.45744592112 1.5855721676284302
1266.6715150362022 0.8237332336397464
1206.0059756738106 1.29095771022744
1233.9456751508317 1.0863525587798544
1262.9471211385228 0.8576464131310456
1212.1874388659776 1.1058521138030453
1210.2345147462943 1.2864471256654346
1205.0783613050999 1.390706440372391
1205.3563906916377 1.390385657854078
1266.2181771404632 0.8554308317266225
1222.024885209364 1.0969498721507454
1199.3516072815187 1.397346889807461
1209.8578702471223 1.2868476133964923
1211.6915046445588 1.106304728932359
1207.8229381336482 1.2890156857612167
1228.1058676068292 1.0915183103942259
1230.9944959078264 1.088956974260764
1200.3638626545733 1.3961685205302483

1294.0398762577959 0.8279759309220568
1279.4752201362994 0.8374010331209654
1249.1498598251142 1.021938875927968
1237.9314474911798 1.037832781932788
1222.041228753781 1.3100494813360846
1221.587230603941 1.3707634514025318
1221.4085808465866 1.3709639466027648
1219.874190318221 1.3726883818855944
1218.5944906298369 1.3741299023487632
1218.1304553847056 1.374653364103832
1218.034517073719 1.3747616384754493
1217.7450880467024 1.3750883865997565
1217.7280748720586 1.3751075982935284
1217.2225529652237 1.3756786910764374
1217.0216007987385 1.3759058403835474
1216.129258544795 1.376915419678014
1215.2509631952698 1.3779105543838637
1215.0666868946662 1.3781195274898366
1214.606578746336 1.378641576386217
1214.506581611775 1.378755087674927
1212.8791551837073 1.380605084402074
1472.723961986359 0.2603152934670527
1470.2971200935535 0.3844735033293365
1425.1293955778458 0.39888368520771883
1424.2365663481924 0.42211702284369074
1383.7662321482921 0.5057933787258959
1362.4131460631631 0.5534622519092361
1355.3218495611482 0.5816804822797197
1354.3705158481202 0.633575224755831
1337.5378614341473 0.6507727385280814
1310.19297108272 0.7614866066198941
1303.0789952986618 0.8092197417163952
1265.8320949755373 0.9178310120875193
1263.3351795075714 0.9455187726803579
1256.7570285957806 1.0157530648876465
1243.7680663122774 1.0263608129128046
1242.6836909523408 1.0338639247830341
1226.639057443348 1.1040750168699667
1226.6308160777517 1.1040824348198017
1222.0009365213775 1.3702993822399783
1221.9208682841445 1.3703891732066973
1221.6777646917515 1.3706618691176908
1221.6622541543052 1.3706792713924807
1221.1502897458433 1.3712539254774545
1221.0740630348853 1.3713395273093103
1220.5889683749629 1.3718845342681425
1220.3037428004484 1.3722051893155132
1220.1972906247343 1.3723249029299025
1220.1955245486502 1.3723268891936955
1220.0890505589855 1.3724466485825282
1219.9366756126105 1.3726180726315473
1219.6334080081638 1.3729593805950502
1219.6110824010334 1.3729845133215228
1219.1663155526737 1.3734853949379575
1219.1128814874148 1.3735455951945044
1219.0659032876877 1.3735985264586235
1218.756520715712 1.3739472158299249
1218.6375773960829 1.37408131791727
1218.4644513352487 1.374276554869465
1218.354727583938 1.3744003207773117

1387.489527068306 0.1975861166510123
1383.310143468513 0.20380914173010053
1349.3270155926878 0.2182656025670044
1284.994085066809 0.24573972809046976
1274.7275224161467 0.2477188979678217
1269.7110367845632 0.2724983717571585
1264.2848705927502 0.2747297661198188
1260.7113163297038 0.27550850246824904
1260.1063685377383 0.3130677556701992
1259.3286383903921 0.3195238333215208
1254.3827570870794 0.32078367761088067
1251.9864682575721 0.32139765416960264
1251.2076026980221 0.32159772133928183
1250.9395230250905 0.3306016897501745
1250.8450065591658 0.3306266707055927
1250.810784823244 0.33063571653310786
1249.549323643199 0.33096950417418053
1249.530766920193 0.33097441938681477
1248.5331358770184 0.33123888201563
1248.5283431076095 0.331240153553909
1247.563677184844 0.33717047569143416
1246.36640631919 0.3393232006971824
1245.368775276015 0.3395950232813082
1242.0448112747383 0.34050384848805837
1239.1010460003931 0.3615692347038009
1235.380613480009 0.3694446922252407
1233.0379036425013 0.3701466185101783
1232.6782153498193 0.3834223210924062
1232.6698843740996 0.38342491244479326
1232.4436801635907 0.38349528671909483
1232.1427204821796 0.3835889581886373
1231.6513305845199 0.38374199804190345
1231.2907718793913 0.3838543691577092
1229.7490841182196 0.3870398462033018
1229.3605636296434 0.39103439693118663
1229.3295425437684 0.3919498082109489
1228.2826306413212 0.39228388190794783
1227.9172791667843 0.39240060108530916
1227.1678795822015 0.43472461177303345
1225.9915432955668 0.4378542713965428
1225.6261918210298 0.4379847930064387
1225.2301758272938 0.4420116438827214
1225.2066502465786 0.4429287221556489
1224.774293064996 0.4445516782809119
1223.7964513575262 0.46466810768052147
1223.7654302716514 0.4655895476064749
1223.7514889509107 0.4854155399766407
1223.742914845096 0.4854189410212174
1223.1606989715851 0.4856499970165605
1221.846584986379 0.48617232073611477
1220.8619304790602 0.48656443040469827
1220.014331196804 0.4869024687796884
1219.9371617714146 0.5368077536040069
1219.6685202660385 0.5369259896990027
1219.0895624891584 0.537180981199964
1217.7236926891892 0.5377835146677317
1216.9360757217391 0.5603950100915557
1216.8732626935875 0.5604239367749039
1216.282472714262 0.5606961538407981
1216.073151984712 1.1808222711739016

1312.1164710039798 0.21429122927105407
1303.2936589743802 0.2157419009768753
1296.578158379597 0.21685931519133383
1292.5459324023352 0.2175358294584133
1270.4658534996693 0.3150231046232844
1266.7141938791567 0.31595611655830064
1221.8146768091788 0.48087053439523997
1388.6440701591882 0.1823887251229898
1381.7506849654208 0.1832986401684123
1381.2315346830862 0.18336753487462593
1380.930116247373 0.18340755888081725
1368.8548489140048 0.18502547717668583
1320.4940501183185 0.21293170650261273
1301.8949140576233 0.2159736922559289
1294.2469714363465 0.2172499203967184
1293.0123600761983 0.21745735787217865
1286.5289211402446 0.21855323024455292
1281.470519585189 0.30889007474317914
1278.248111650083 0.30966877319683306
1272.483955705462 0.3145234921767263
1272.0131102278986 0.3146399154766814
1271.9829683840194 0.3146473714155157
1271.5496224275328 0.3147546036962832
1270.6468981715002 0.31497821941191867
1270.5037631140708 0.3150137048837712
1270.1915152853965 0.3150911438716474
1270.007991531566 0.3151366764272751
1269.4290583495547 0.31528039700594984
1268.3775282248223 0.315541775678949
1268.2064859751254 0.31558433260937185
1267.437502801829 0.3157758048050392
1266.7738208850935 0.3159412445133253
1264.4899725547257 0.31651187923517937
1264.4520629403241 0.3165213685971307
1259.0264116006338 0.3178853865174429
1255.9051233132204 0.3278685128491179
1255.3348044521395 0.32801746880586286
1247.5559845146765 0.3380569897134147
1245.4642223548328 0.33862475778435625
1241.4396518264052 0.34517749604171793
1241.34867597201 0.34622882416927403
1238.5145266327706 0.3857969448066848
1237.4275203310838 0.386135844421641
1237.4112759951397 0.38614091348840845
1237.2257836748201 0.38722825595515775
1236.7992804806506 0.3873617894157961
1233.025942901176 0.41146142711978334
1227.4168617419907 0.4133417341373304
1225.4750136710447 0.4337636402986276
1223.5949143197809 0.4541001993145967
1221.676902875178 0.48092476430260145
1218.54255523629 0.6573196859467831
1214.2392982111023 0.7024895472219136
1220.8699325653486 0.5251221598074247
1365.1899702013661 0.20220935918911914
1220.8690661922546 0.6012168158337448
1220.6329860063554 0.6035141357432138
1312.9460047321968 0.21415583771519361
1224.6159063174682 0.4495864050781905
1234.3706811494471 0.4097475057099535

1323.0813722427 0.22124164486952036
1249.4421512795084 0.3375466564755264
1239.5611158473416 0.3416822214220103
1226.1492192648282 0.400279422987267
1225.2550346938394 0.4005715447692509
1222.4572080277756 0.41631626928543636
1222.2509507397851 0.4287017295558886
1337.789478634114 0.16479687359230705
1333.7730612447879 0.19909544325047626
1332.2675451543264 0.20185532255696603
1280.6247553250046 0.24866363925423604
1267.6879968475926 0.2732663626046057
1252.1764271753677 0.3368095832752179
1250.156836762244 0.3373536889309472
1249.5516452691727 0.33751707840225886
1232.898188247837 0.354777108852357
1231.0155568128184 0.3707547057405298
1226.2216557609631 0.40025577731216416
1226.0250327097494 0.40031996809954734
1225.4132283999536 0.40051983331734037
1225.363743595091 0.4005360078172788
1225.037038647369 0.4006428267063135
1222.7598988352563 0.40906927202637033
1222.665382369332 0.40910089456387544
1222.2360427479211 0.4295972074536361
1189.2449216660716 0.9835024528548361
1187.8978274322333 0.9870101553460043
1187.360961633738 1.0199551847246375
1183.5849242219126 1.0232091877598972
1182.667764249604 1.0240026874549761
1258.7425739972623 0.2909930327530001
1222.1732297197698 0.4296192864035176
1298.8944532667383 0.22536142051804156
1253.8205757400099 0.33110911372613816
1312.6038890823513 0.22300764269092616
1305.6922441412187 0.22418812733602905
1267.4125484917313 0.27386289093223154
1276.9008046088459 0.25043976152630254
1263.4002360299971 0.28128980851037777
1232.4810937005432 0.3599698940760141
1228.6129022806429 0.371479747348362
1238.0988969133778 0.3420857547865967
1245.9161603736438 0.3385019265642303
1228.116109875747 0.3848466270321061
1227.3263797462491 0.39843625544628003
1222.362691561851 0.4163484600114389
1214.5789579951518 0.5351031165226131
1214.3670054390404 0.9487611367486996
1211.4049974730265 0.9510809538625106
1217.7219440969398 0.49462575644008633
1201.6171477284872 0.9610947254071208
1219.1962932655165 0.48112925141228374
1255.7776094222982 0.30126686679053954
1284.7443521981088 0.23276519973202955
1215.003965317898 0.5349159379211943
1198.0531400791276 0.9639538214175731
1195.851264268148 0.9804456910505596
1196.4005553164466 0.9776201559805981
1223.9870369761804 0.4009865195926619
1198.8843656104893 0.9632854808749822

1301.6101729756208 0.1735235339293149
1294.880307005479 0.1744253857218642
1275.6050012743722 0.22697458656590921
1254.912065977312 0.27803839222888693
1254.7979185999802 0.27806368502926543
1250.4195739440142 0.29829448449968804
1249.417246798897 0.2985337869903643
1248.4961166418711 0.29875404276082485
1247.7006793033886 0.2989445052047238
1240.462657406271 0.35204761515143085
1239.8265325209122 0.3522282422334902
1231.3581944054204 0.3749131811823858
1231.0324672164477 0.38606652181325873
1334.6573907237582 0.1628150411697587
1316.923165803567 0.16394670781877127
1316.4400615223037 0.16400687262137886
1309.5400272235765 0.1659378816231568
1277.2479511960953 0.22668262455580582
1276.7475454448536 0.22677147006754309
1272.947200535561 0.22744848935120338
1262.2930023544302 0.26181985942206054
1259.886990548761 0.2769405000848438
1253.2097578660448 0.29763035268180416
1251.6911829812302 0.29799144332835215
1249.7834490586554 0.29844631283834827
1249.7121345884816 0.2984633435929407
1249.1701577432707 0.2985928377378087
1247.8599917565123 0.29890633939863454
1247.0017413898781 0.29976688818997166
1246.7666935513203 0.30034970347285506
1241.0160071461144 0.3518906425941594
1240.3798822607555 0.3520711085932298
1238.4722815501657 0.3526133985636521
1230.3638550520561 0.3862763205420566
1230.351177255297 0.3862803008143359
1230.3186899762643 0.3862905007698594
1229.8696973345145 0.38643152513430984
1218.0834223376557 1.1830488769484804
1217.6646175735918 1.1956672983088263
1292.9451482989002 0.19975872921817076
1282.3775009994463 0.2245409573878794
1283.6123766014987 0.20121111675224249
1302.24629786098 0.17343877067192714
1324.553069337862 0.16300231563518905
1307.7915537746264 0.16615973500594988
1245.8455633942947 0.3005717704590462
1288.3967210789351 0.2004639375026506
1263.6840271738765 0.2505607160100842
1310.7970188548302 0.1657787551333129
1235.8161999376914 0.35337125395046787
1268.4805830978332 0.24628682372900934
1242.387475569891 0.32771158179598886
1254.1617937146211 0.2782047220395206
1252.5056887954604 0.29779765916804607
1262.464795991655 0.2617842315090363
1218.6028241755741 0.4176270474694088
1228.7734247342514 0.4141703338094192
1321.970316317659 0.1633207756776048
1277.5931565220098 0.22538182075972268
1232.6443605808013 0.35964226185909876