2283.061913923208 0.18697563519745727
1872.486137727747 0.2189732086931154
1780.6269675740482 0.25387253907020696
1779.9082973652755 0.2975628360014454
1773.3868949283228 0.326102322262633
1694.8884712415638 0.32680696777668256
1622.8002363393985 0.3361662313957398
1616.6965202853123 0.43445186409058567
1519.987834588792 0.45476060765882087
1494.0816532580484 0.816793581155319

1399.5863029191776 0.6688343636386834
1304.1801192589867 0.8637513627273443
1264.2751788652797 1.0373030824199472
2281.1477551684598 0.19098446126720708
2075.468333414854 0.23610113935388607
1820.3774416455508 0.23955868156711557
1819.3368293881792 0.2573500366460442
1781.224599929932 0.27614145850812094
1740.8445150240905 0.2813289559614406
1537.3677888517211 0.3033293726919997
1403.2056523560652 0.49789703209503194
1400.202043638655 0.6677305265409637
1381.8500643541154 0.6731657916478684
1375.2226597137094 0.6748353324709695
1353.3029703622356 0.6819939561958183
1296.5744853714762 0.8781146321459276
1250.9000222426464 1.0483943694499316
1206.0269635797015 1.58205558822918
1205.4709264962532 1.5827853292422533
1205.4112228602241 1.5828637240982306
1502.3988966656982 0.39777389956127424
1764.3348338000158 0.2811659162438868
1467.80432329948 0.4917192054605368
1534.9625923284923 0.3125702365311901
1401.4618627066993 0.6521326281316887
1313.0774327775146 0.8443181522266149
1334.1914969922373 0.7245625231953672
1269.707749722213 0.965967493029688
1370.7601123406132 0.6768054538187765
1238.0900743587624 1.1973919935015296
1349.78012322443 0.7058659031869116
1220.319914226768 1.2512542259872403
1240.9539483240687 1.120948123529641
1239.9576539169573 1.1665013404525417
1319.9106862870597 0.7696300561184907
1219.7291242474425 1.251860285516038
1222.1771892995753 1.2493527641501048
1233.6430900844916 1.2186465469406518
1218.4111595689712 1.5530987997277297
1269.9229305351396 0.9169279669143001
1249.6584878893168 1.049435948119723
1208.531460375063 1.5787770197510587
1268.6908244242084 1.0277397734936038
1220.9356549462457 1.250623195044506
1231.147426068233 1.2402498818593999
1264.4206453967738 1.0371837448545118
1260.3047478512024 1.0405709748376026
1218.377285552048 1.5531419798621997
1212.0603546321238 1.5612365360104385
1236.9432472959886 1.1985021507750329
1237.4743336392849 1.197987790107191
1230.2702673531928 1.2411341558450184
1207.2350037541391 1.5804724774820336
1210.2030795593168 1.5636325352853235
1230.6113489592979 1.240790157691885
1229.6545266337152 1.2417556449068123
1210.8188202787942 1.562837377325974
1216.0014626219188 1.5561765077331997
1266.2625203746777 1.0356750823485956
1265.6467796552001 1.0361789411902576

1577.1431851940092 0.23256673028858815
1490.2316678637364 0.23525108587537755
1429.041077601641 0.2830152116240965
1410.4677455434535 0.32147238535706557
1359.3115585898759 0.36635259499918915
1347.269229813204 0.4120271553526309
1336.4473672890074 0.4220969753001514
1335.7713041622003 0.4363769630207642
1330.7879500805404 0.438011048240487
1328.8356810832129 0.438654555486823
1323.8282929276684 0.440313768873676
1314.5283039872695 0.4434288886990991
1306.3716180312001 0.47436509089979934
1304.5738535476003 0.4750187884350981
1295.8681756541064 0.5102197413701501
1294.4973098888913 0.510760061362195
1294.1942323695075 0.5108796723823389
1293.7668990573134 0.5110484167695162
1288.4184682103526 0.5700527914047854
1271.9142302584264 0.6174352147326404
1264.9720828936454 0.6752278997329956
1263.2656493045174 0.749347510453851
1261.419091298604 0.7504444604320025
1248.2186347292457 0.7571061943044738
1247.6141333024552 0.7955332518922011
1247.445129422324 0.7956410307460938
1245.0710820608426 0.9027917972529242
1243.3662470471531 1.054772656411277
1242.1844013338812 1.0557761938418853
1242.1628422873862 1.0795513004744848
1241.4595908095737 1.0801628355200497
1241.248977710549 1.0803461157855931
1240.2777450963017 1.0811921096659758
1239.8363059199366 1.1461024045690307
1239.625692820912 1.1462971280090366
1238.6544602066647 1.1471959429668053
1237.2846053102435 1.2583222212532792
1227.7907569738975 1.2920870240861269
1221.4861337133573 1.2987560493675938
1221.4116366268202 1.5492835115992938
1221.030293490648 1.5497673723489267
1220.9957593926115 1.5498112052762396
1220.1917115594124 1.5508324565514817
1220.0056784502954 1.5510689359291667
1219.6528466869609 1.5515176426158306
1219.2062375060252 1.5520859812629435
1218.6457138382232 1.5527998728534875
1217.5596354576905 1.5541849897069762
1217.4310271741135 1.5543491723665486
1216.1114993482079 1.5560357010978454
1215.6167875608603 1.5566689509926674
1215.0445906703542 1.5574020279020622
1214.2631021178597 1.558404357507824
1213.595047701163 1.5592622210233391
1211.607862320014 1.561819602159066
1210.4752532323782 1.5632809546897595
1207.3578608181201 1.567317338886738
1205.9520323708805 1.5691444259032314
1204.3807792662562 1.5834626198837543

1441.4533455183741 0.2296839428707728
1378.5242549408167 0.2413149819842912
1366.1301188063007 0.3083459142406208
1342.8658167508 0.31368781243848415
1298.116424357022 0.321710400517853
1260.7320614004784 0.3384154629138427
1249.3694382914205 0.3414932453867564
1246.5360372257767 0.3604341429047069
1245.4311553947002 0.3746461978759388
1245.3810940564038 0.3746612577561176
1245.3454406364624 0.3746719840612235
1244.6997762908193 0.37486633802996977
1244.553136691785 0.3749105066941107
1242.9207573173258 0.37540289221007594
1240.3437101497336 0.3777412924704827
1239.7549786994093 0.3779206732213443
1239.1776707416475 0.3780967388632654
1239.0790860075992 0.37812682133892517
1239.0538762215747 0.37813451470596837
1239.0136077176992 0.3781468042490985
1237.5016451107326 0.3786088188494245
1236.8624766928672 0.3970742172737603
1235.3607656028478 0.3998364572561876
1234.916619986182 0.4201238793691617
1234.8686129532855 0.42014021220059483
1234.8089093172564 0.4210174863040969
1230.0231195181884 0.44562346964980576
1224.8328754888928 0.47753187173948086
1224.3066692660898 0.48646155969284627
1223.781064964783 0.49429838867579046
1223.7155866748828 0.4943248374793714
1222.9133782602328 0.49595729063707006
1219.5587076550983 0.5245821645914329
1218.6185659294438 0.5278128200187268
1218.6099632087619 0.5278165460889215
1218.373853373994 0.5279188321623953
1218.252130740168 0.5279715795937978
1217.5219838175008 0.5282882037116535
1216.9701275319094 0.528527765192438
1216.1440629505466 0.5383962524644589
1216.0812499223953 0.538424061707439
1215.7716514537635 0.5405158941502056
1214.8497977783238 0.5409260490224929
1210.4873480543088 0.5584104309460932
1210.4548607752763 0.558425418068763
1207.90596358477 0.5833940143759074
1207.273040586119 0.6958723259096234
1206.6439044032531 0.7133607929637598
1206.5357685649508 0.9755287283183814
1205.906632382085 0.9760376735417755
1205.4327223241105 1.0062676544187532
1204.2604352028181 1.0072472055003674
1200.035282769975 1.010793578712804
1197.7883631254563 1.012689716643746
1196.5509891518986 1.0285057209699768
1194.1560256826513 1.030568461161927
1192.9919045611857 1.0315740895389243
1192.4380832723873 1.0461151125749397
1188.572247716696 1.0495176057808069
1188.5609884319501 1.0495275479021489

1402.637800431778 0.17218448566123787
1393.7012591688263 0.1984168694756822
1233.1387205265594 0.43384160141748945
1219.9183065168133 0.45753299881394877
1219.807649960764 0.46127562674655204
1219.453573388654 0.46140956123678645
1219.3894777423138 0.46143381463948896
1218.3579101246728 0.461824504581181
1424.5495948767577 0.16953601973910198
1382.2103944217884 0.22652945478540468
1285.4503789804994 0.30224863989520134
1279.4365884211543 0.3036693121142284
1260.1862316030088 0.3552134544864018
1258.337211556024 0.3895396158125575
1248.4463756653893 0.39169590019107103
1243.9376900468983 0.3931156125176159
1243.5944578543822 0.3932241124652834
1231.468460186419 0.4344300277103081
1223.0979344959344 0.45634357261726444
1222.7783003053873 0.45646286080581705
1222.7005730106412 0.45649187823175574
1222.2364316088685 0.4566652299456965
1222.1767279728394 0.45668753815534563
1222.0863125917642 0.4567213259307009
1221.945330727966 0.45677402012425194
1221.861450892902 0.4568053773042673
1221.3591059207743 0.4569932613454288
1220.9453736488065 0.45714811910104264
1220.7697114023892 0.45721390027565456
1220.5976210107015 0.4572783622390642
1220.4976030337084 0.45731583552586147
1219.8159809364834 0.4612724763729658
1219.790744774801 0.46128201960555976
1219.7688984047625 0.46129028128341176
1219.7688504685912 0.46129029941183824
1219.7346826214164 0.4613032213174609
1219.7091947687334 0.4613128610156754
1219.6964238465318 0.4613176912263274
1219.5335325223161 0.4613793087609044
1219.5046784906644 0.46139022520379563
1219.4022486645156 0.4614289819968114
1219.3391451736506 0.4614528619646329
1219.282691574564 0.4614742275388732
1219.2614241536353 0.46148227697474514
1219.2093150102487 0.4615020007792184
1219.2017205176062 0.4615048755074036
1218.8947744133884 0.46162109318803374
1218.886443437669 0.4616242483253639
1218.8476918816675 0.4616389250220749
1218.7879882456384 0.4616615388996501
1218.5528715863804 0.4617506153125535
1218.507549834094 0.46176778988566797
1218.4810421414206 0.4617778355065989
1218.4211886874982 0.46180051977921044
1217.8289218070827 0.4724409068288968
1217.5403190326988 0.48578346774119974
1217.4557186655372 0.4858172245827027
1217.4263605288033 0.48582894002518806
1216.9045804088562 0.5160148439261832
1210.464583779504 0.5413021943034276

1336.599348239674 0.2137397770353764
1334.8673045063922 0.21401711294743103
1332.0125214200011 0.21447579664928487
1330.8982562615383 0.21465536177112307
1329.0554152331677 0.2149529985010123
1329.0245610703903 0.21495798877357725
1328.7669435736116 0.21499966420751865
1314.2376865265344 0.21737654429422681
1308.4876384675285 0.2226979147541156
1347.2015414473922 0.21205768987723003
1339.7046297618404 0.21324435277137435
1339.6257721714412 0.21325690548286672
1335.0506606941954 0.21398771978422756
1334.8801656435264 0.2140150509620113
1333.239643450245 0.21427839179688987
1332.2915955080803 0.21443087057036433
1332.2733215237477 0.21443381178843568
1332.0553824876647 0.2144688955386004
1331.9784473615966 0.21448128327021018
1331.9355173494973 0.21448819628061191
1331.0024229592732 0.21463856244769502
1330.1843563173945 0.2147705656900767
1329.6240482077428 0.2148610707391038
1329.0923927739482 0.21494701815434025
1328.9830530630495 0.21496470253697353
1328.8039211143923 0.21499368126396712
1328.7679648271578 0.21499949896484621
1328.541087313315 0.2150362148423365
1328.5102331505377 0.21504120897953635
1328.2201855016606 0.215088168209457
1327.1703483713268 0.21525831030580422
1327.1667930158853 0.2152588869626411
1326.829053606181 0.2153136803131626
1326.0718719956628 0.21543662354321602
1325.977465546028 0.21545196211968393
1325.8125574876576 0.21547876060227833
1325.6889938864722 0.21549884474853118
1325.6808221600163 0.21550017312077688
1325.4827154992429 0.21553238177894635
1325.068983227275 0.21559967842774333
1324.684772649976 0.21566221079666953
1323.4475567156053 0.2158638211455536
1322.9996514557943 0.21593690245044103
1321.5092954676732 0.21618042919423852
1320.686122657876 0.21631517267966627
1317.4817830512873 0.21684128794307295
1317.3773235531482 0.21685848205421285
1316.1074830228933 0.21706771700910385
1315.7737828518698 0.21712276867165684
1314.99058447068 0.21725208533973892
1314.8960680047558 0.21726770170655352
1313.8393408888662 0.21744245113340882
1313.8148637293357 0.21744650221679357
1313.0050639088508 0.2175806130007505
1309.9970982163481 0.22244130843115112
1309.884924919192 0.22246035741363485
1309.6979487933752 0.22249211647366493
1309.4163401256194 0.22253996657801012
1308.924811767595 0.22262353494143594
1301.3132447218075 0.2239256917964822

1374.6736234155596 0.2842538611909134
1351.6585351535125 0.2890939354655848
1291.0172194092904 0.32383116979636434
1266.5666353019456 0.3787476197045425
1265.4607945566036 0.3790785936484783
1265.00552525778 0.37921502217948744
1264.9143692803416 0.37924235028710135
1264.040902083121 0.37950441123166945
1263.6753719181536 0.379614186505546
1263.67513604216 0.3796142573638473
1263.2891715365554 0.37973023843331666
1260.8215979401969 0.38047341440018445
1260.185473054838 0.38066547232522197
1257.1845685552144 0.38314610214688566
1244.587882207318 0.42488324462640176
1413.5271211259906 0.27644059989588804
1408.4771396141268 0.2774317554349727
1370.9439265081205 0.2850271829340657
1345.9725348848153 0.2903151997574871
1336.258693913503 0.29242562620024404
1332.3007523793333 0.293294351620932
1329.7188936402574 0.29386382881530426
1328.5820901067202 0.29411527390211045
1319.9482270707335 0.29603910010952006
1304.6247891997418 0.31234346697109056
1304.3193817690026 0.3124166024447247
1300.2374625722955 0.31339739200324596
1299.865230981428 0.3210832602544849
1291.8310198430438 0.32362716947248665
1290.7406947149764 0.32390054648496175
1286.1960759506917 0.3250450100149329
1273.9826348896343 0.3585088552525459
1267.0484096353248 0.3786036071469997
1266.497973100185 0.3787681532119249
1266.4701144982873 0.3787764849925733
1264.9428076794784 0.3792338241740933
1264.666475051998 0.3793166876650853
1264.6339877729654 0.3793264319604254
1264.359274565481 0.3794088499747539
1264.3112609275188 0.3794232584513097
1263.6397692192784 0.37962488202961875
1263.4672530414082 0.3796767167198448
1263.1484765617477 0.3797725344399393
1261.961837113203 0.38012963958970447
1261.8533358529767 0.3801623252781066
1257.8206934405732 0.38295233146750746
1252.1904956245107 0.39501093058266656
1247.0212256374214 0.4209432583937608
1245.2799899530298 0.42153185005871396
1245.0519293544182 0.42472488508101164
1245.0039949285795 0.424741237593605
1243.0935136563573 0.4253940124420363
1242.489876050031 0.4256006811870827
1242.4573887709985 0.4256118096235274
1242.0563297665092 0.44199314061605044
1242.0238424874767 0.44200470171012807
1241.9977234004687 0.4426746174983393
1241.9652361214362 0.44268619696401273
1241.6814970000082 0.4692257611856072
1239.7778407730914 0.4699462487703456