2196.634839148672 0.21308620670487383
1785.6449184319472 0.24961250912255986
1735.0317398341062 0.3005297611024994
1725.938241307143 0.3164398172019845
1666.9951487895266 0.32832121727773195
1592.3835230017896 0.4143413455953286
1575.9320813719523 0.4794224838719715
1569.3548891400526 0.5106759349623246
1566.9950476368958 0.5981671059789452
1556.448443127626 0.6364755317249604
1530.7167234089304 0.6683313476676206
1517.1599896129853 1.1964609038852343

1311.6894852064377 0.4691451177853066
1218.0105059199614 0.9799408682620607
1216.808004098312 0.9809092878280276
1197.3339495628006 1.0334280319761588
1189.3183122630865 1.092751992175641
1523.056116421175 0.20911532735387633
1511.765867618724 0.29432013208652286
1316.1620342482847 0.4577436403479108
1306.9301425988642 0.47085356590769106
1306.115650535909 0.47312285498169543
1280.483929992597 0.5855202179558251
1269.6543145434966 0.612967258258793
1265.9758292464142 0.6476035434058789
1256.6612934611996 0.6807641273869367
1218.125646544955 0.9798482415249514
1207.6925477640068 0.9883130229903133
1201.8817332707442 1.0295176579043577
1201.1532174151507 1.030142074445497
1200.7849087886 1.0304580429506092
1199.265733222621 1.031763380572831
1191.9807789098381 1.0903111678068118
1187.7297007211641 1.3217236480093022
1187.1824005594285 1.3223329727145743
1184.8420131581415 1.3249449424078152
1178.5059314389566 1.3873838969015981
1177.2733087051922 1.3888365085586654
1177.2649777294728 1.3888463367311246
1176.0342544525372 1.3902997684727851
1174.4708542663705 1.3921504699260927
1388.8266289411674 0.3333693918579778
1304.1297818872142 0.49676178095230994
1346.3781130237971 0.38877483224980475
1220.0671286162876 0.9782890176519955
1345.2456460125932 0.4224962643128686
1323.8272923195634 0.45509320161310773
1338.9540998520754 0.42448151141720497
1194.2902092418287 1.0360618026839883
1181.3878700266628 1.3312889895377027
1190.1756479203582 1.0919648350454443
1190.1673169446387 1.0919724786199214
1223.7144298423436 0.796061993724826
1207.5830650436706 0.9884026261003874
1304.3658620731137 0.4830020549245229
1218.9034662381493 0.9792229703039647
1240.2152683402032 0.7480542810754167
1339.2803046662632 0.42437812162488475
1188.0453219937149 1.0939228756656256
1217.261820758923 0.9805435875573274
1250.3512879194625 0.7332754698128536
1195.3610228113055 1.0351336905773032
1225.1286889809237 0.7870448910748264
1183.2869439476945 1.3266861777827295
1217.513923967475 0.9803405523561014
1209.6800247003544 0.9866892470338807
1211.303412794731 0.9853668867073391
1191.2381305141155 1.0909908957460617
1193.0704057500404 1.0371210794865402
1304.0063102865015 0.49680881751324
1220.516708083891 0.9779286631785129
1180.157146749727 1.3326773201954163

1259.6599486670534 0.8002773222096267
1256.9672984783244 0.8019916602717957
1219.5879435215606 1.1245374049579657
1216.1804023459226 1.1561820956203677
1208.6373332454505 1.3674236210768265
1819.790313402238 0.22980457567447551
1511.4422068845747 0.366424738147952
1411.1389385076832 0.3826076449264684
1376.4697878588534 0.43755857437176315
1325.7946136478474 0.5223229973201847
1270.4806711967208 0.7934613359087419
1265.9752686862557 0.796285137276102
1253.752718104911 0.8046046412059126
1242.5230417047308 0.8169339550078224
1235.2199039295351 0.8542654365450589
1217.7369819873752 1.1262467030339203
1214.0251631759925 1.361355010526701
1212.9208448781874 1.3625944724868786
1211.9863550294697 1.3636450872047539
1211.3608271065116 1.3643492523551894
1210.875599936708 1.3648959801333183
1209.650852127601 1.366277910595639
1209.2570461671985 1.3667228518812526
1208.2567482704217 1.3678543415221511
1207.5687644943573 1.3686336442191536
1204.4569752006887 1.3721695941191707
1198.5030784989822 1.4909292679356583
1198.2711858113414 1.4912177966085642
1712.4903622700153 0.28578163110464705
1580.9620957321292 0.2902190606762772
1501.7825850962195 0.3733517803749158
1567.604207198302 0.32110032066958294
1537.1940133220303 0.32713530482268627
1313.7342885006512 0.5509757055639851
1216.8095385287884 1.127105120152138
1215.4396909117959 1.1941959207628714
1380.3637481796247 0.4152174736429156
1229.5240302856428 0.9452193814750026
1289.5997746812534 0.7360380675104939
1214.5841109816342 1.319387323313408
1303.1381730111223 0.6368535722619597
1233.406466585458 0.855521435184886
1370.469725322783 0.460014903841866
1230.0227666342703 0.9039906640950733
1220.1932384799761 1.0745177358031623
1274.1930371231922 0.7755505766488674
1225.1202960597254 1.0175104357536293
1202.8043953472645 1.3740548714223582
1223.041177508102 1.072015644252621
1225.5685505930537 0.996682020122821
1207.768739062875 1.3684070346757784
1227.4084316082199 0.9799330856173625
1250.1792871098771 0.8119309551150662
1226.7657641980463 0.9808765112127625
1244.9991003610166 0.8153092338410967
1214.121970173404 1.361246464026252
1225.6282542290828 0.9957084198943323
1219.9373517316455 1.1242153207121786
1220.2015694556956 1.0745103994897276
1216.9469631848328 1.1269778409541544

1324.4592010502615 0.19351741599531436
1324.4088033130545 0.19352477991486242
1275.5641776161087 0.3123613466773345
1257.2455687244064 0.31972598353283016
1359.9924490081066 0.17062478565410039
1357.4352076711973 0.17094622180995533
1335.2016166771546 0.19196046423035354
1335.023681671952 0.1919860491594229
1333.3856113784705 0.19222190489478355
1329.3544953091487 0.19280479592379896
1328.6095813633283 0.1929128961387299
1327.3069700698982 0.1931022197261329
1326.0391627111755 0.19328684203747845
1324.2673415755266 0.19354545274334797
1323.6441665638854 0.19363657443059082
1321.0043927097213 0.19402351997688325
1319.743436014296 0.19420890090010548
1319.6659420338365 0.19422030531715687
1311.2440845514968 0.2558653157135995
1298.7401269759848 0.258289546998487
1283.4422555828744 0.2949762547389845
1274.614094842965 0.3125941772538006
1262.2522524728497 0.31845780050319183
1260.974818906832 0.3187804149421348
1257.2720698076528 0.31971924427160814
1221.2524148945008 0.38965745341415564
1212.6751991259218 0.4394625222076202
1206.2019611159908 0.4705529645256295
1205.6782642802063 0.47075735329657437
1201.9962792829238 0.4721993889684588
1197.909498098851 0.4839048978296653
1195.3444818914797 0.48494327958870037
1195.0235414050749 0.48507351797032
1194.8861167490306 0.48512930660191333
1192.0686823752103 0.5728955429566616
1191.5007994847879 0.5731685915160791
1189.9361145402027 0.5739222691756576
1189.7274327135551 0.5740229368951637
1189.1907658719942 0.5742819862296926
1184.7191320639604 0.5764495706600172
1183.960702689365 0.5768188365371434
1182.7443768972105 0.5827394219963393
1215.518970468056 0.41784377232489717
1311.7956533716333 0.23673317266278157
1210.2584329330973 0.44034008532784635
1195.3595963747682 0.4849371478212243
1312.6813943436962 0.23591331702695895
1246.8497808765833 0.34356686814880033
1193.206478456165 0.4858122074871098
1256.3440697468436 0.3199554052765991
1207.622764063702 0.44814633717060065
1233.3512730947148 0.38401032976436716
1267.6323417999743 0.3143158557533914
1335.3611164963313 0.18822696908838898
1235.1053869133477 0.36536578297492406
1246.001142385726 0.3602063770990177
1316.9658499853967 0.19461850296369282
1201.6709959690816 0.47232720979674975
1200.1161799316599 0.47293913548609795
1241.8426873960977 0.36141257013888184

1268.971576644873 0.3337631854378358
1254.591533464036 0.3637875741660536
1232.2642439425028 0.39829306449186724
1231.5860501586749 0.3985123913350427
1230.9326024116208 0.39872394396089794
1223.4126267568688 0.44530904050862247
1221.523314790979 0.45552625349981946
1218.1908668471096 0.48595224159881995
1717.0635142624756 0.22221543567783564
1289.4198910821278 0.2385458428676165
1282.9831313012826 0.32252367463731785
1256.4270940209885 0.36325610351771576
1255.4203333777887 0.3635474098943137
1255.3215281737796 0.36357602437689485
1254.7902305897176 0.3637299680868993
1245.4806911679145 0.36644872438782666
1245.3665944093946 0.3664822973227393
1245.2429011159822 0.3665187009852637
1245.234034222391 0.3665213108419103
1244.9792643378912 0.36659631497628004
1244.6163358196975 0.3667032139888838
1244.2740567431363 0.3668040879376541
1239.8947001824697 0.3680996543182126
1233.3426201176114 0.3964926849847309
1233.1737288531353 0.39654698726944204
1232.6248026476314 0.39817655861652995
1232.5081539447579 0.3982142433806662
1232.4491122075779 0.3982333202419062
1232.104337771553 0.3983447561521482
1231.6446565247154 0.3984934285904276
1228.5413118271101 0.3995000389963955
1224.6544997158196 0.4395602327437892
1224.027296070612 0.43978546773744515
1223.97197854762 0.43980534388097586
1220.2604280404548 0.46540425137244384
1216.797544994289 0.5197350904655774
1216.6184281612032 0.5198116085433023
1191.4322159213086 1.064685404118166
1216.5135666862832 0.5198564154517045
1216.148262999566 0.5555375354858874
1216.088559363537 0.5564349615680779
1200.7457225877401 1.022194611501444
1218.3803286891912 0.48587667454911554
1216.5912877062985 0.5198232048153315
1218.144248503292 0.49691915040713863
1191.979045416094 1.0403548115278407
1232.5136908266584 0.398212454463226
1216.7030285283645 0.5197754647580842
1225.4101269022694 0.4153130556328452
1258.248342122074 0.34616040642468104
1246.9780675936643 0.3645724390151913
1239.5341414773409 0.3682067280407332
1234.8717545343018 0.3695969308977122
1254.6003574697138 0.363785015531664
1191.9013243960787 1.040422650564072
1195.1220315178819 1.0376188392778711
1217.9547866612104 0.4969964498427439
1254.0757488145016 0.36393719514917494
1227.0106605313856 0.4046167770746667
1242.7794961916775 0.36724520474206335

1339.8168117168132 0.1758752647313285
1279.693074450218 0.23339877943143916
1218.1662619849874 0.37957528318841594
1216.9898007669608 0.39363804022108795
1348.4008248079222 0.1724603548350316
1335.4878930616658 0.1764453557957477
1335.4755378879663 0.1764469881828319
1287.4875776807119 0.22352079697183388
1268.3297477831352 0.2707948743412088
1233.6910613865532 0.352617647591117
1211.2996409634063 0.4226051533511294
1197.770351258789 1.2972597430050212
1199.2842894986813 0.8141839272399677
1311.5507432180832 0.17966566499287703
1210.9062707053126 0.4227424392024518
1281.2738800642715 0.23311081750028678
1216.5182421965455 0.3937906260065444
1212.1044646397497 0.40753493803843877
1233.5959200356313 0.3564667948955809
1200.4059611000298 0.4763571491089515
1312.8448147480547 0.17948856849268993
1250.6807672645432 0.2767493807951986
1207.3618006227834 0.4239834904992508
1227.6463789581624 0.3615984309457452
1280.2257251488365 0.2333016715382929
1324.1100048022176 0.17796152555117706
1200.8775196704453 0.46301463362843587
1276.790830235872 0.24392787463380955
1236.735517112046 0.3170860187778405
1226.7364864629765 0.36338677589870383
1248.8321268823113 0.2771590516149051
1219.9054128757507 0.36542162366689024
1267.9363775250415 0.2708788869553259
1230.9358970514625 0.35723711109952505
1287.6848811463944 0.22348654835360407
1334.190962865373 0.17661687345423613
1234.1446238060582 0.3473268180679494
1280.0068296581815 0.23334156873468184
1253.3434674071048 0.2761614329302597
1294.2169018977384 0.1956798479040002
1269.277719596293 0.2590842027481229
1279.5277270693994 0.2334289404635519
1289.9823703456557 0.1976827331906608
1300.996686536563 0.1862041431244454
1283.6405401760499 0.22419068302023235
1211.3778292757283 0.40777939463232415
1241.6486652480376 0.2925840386945774
1281.8391181631255 0.22450574754413605
1285.6861556677875 0.2238339801559542
1217.7644429168754 0.37970052956710293
1219.893057702051 0.3654253246860948
1238.9211819964441 0.2950386464760026
1270.325874511728 0.25887043052945785
1274.1312330396318 0.2580972803429678
1246.8593482189012 0.2817041890351224
1298.3242949426035 0.18658741438323995
1287.3572558391509 0.22354342444509853
1311.6260335472714 0.17965535177347217
1289.817022964837 0.1977080750194506
1292.0177762315716 0.19691000291108915

1353.0841401199812 0.2283321360007177
1302.01687056277 0.2418228274319436
1253.9944598466973 0.3000146747532997
1243.472236947028 0.3346289305611166
1239.4054245955717 0.36824496768446824
1237.5226657586004 0.3688052131541164
1232.198859571839 0.3703986633186312
1230.2380511149493 0.38418283523349667
1203.1676014558277 0.6653119825703507
1479.0015801517218 0.1471649593183095
1478.9841064216655 0.14716669802581941
1373.0153004546169 0.15560288813729636
1364.478870901265 0.20451365265232238
1354.3979082375604 0.2281106534669128
1351.0682774937707 0.22867281916750812
1350.6024321113473 0.22875169224989136
1292.492348497732 0.24360484715405842
1286.6620402547321 0.2446232615592758
1286.478557938387 0.24474360576063284
1282.2271420571365 0.24555508979356003
1243.5819097151066 0.3333647448875282
1240.8442695607037 0.3678179621119837
1240.4626824780428 0.3679311090732709
1239.4661326038213 0.36822693135580387
1239.3700119106113 0.3682554895971364
1238.842690975704 0.3684122397886447
1238.7481745097798 0.3684403496366547
1238.6208067246857 0.36847823647903427
1237.8607045253493 0.3687044987046073
1236.8654156728085 0.36900119022236855
1232.3799039691635 0.36913938674628566
1232.1391559358099 0.3704166110860355
1231.8827869681245 0.37049369904050833
1231.6193305060624 0.37057295157962317
1231.3029297891194 0.3706681755450039
1230.4741313008485 0.38265360927549086
1230.3008641431006 0.38295632205306146
1226.7715809505812 0.4000763545592638
1224.763224083911 0.4007323965419683
1222.9070391686043 0.4013406467242892
1222.0397795938145 0.4016254709374091
1219.0843162325843 0.42981530445143284
1218.2446708276561 0.44693441353406743
1213.5186418851506 0.5570155565403939
1211.8507436084515 0.5577821899659607
1211.654828898782 0.5578723787996117
1209.5745957152742 0.5588318108500635
1208.209657024441 0.5594631343590778
1207.8971123341669 0.5596078960529858
1204.0190063414036 0.6648415166811836
1203.695525312413 0.6650201861315629
1203.6871943366937 0.6650247888780653
1203.02741780404 0.7553893232422617
1202.176012918464 0.7559243049366303
1373.0198854615405 0.1556023685233221
1457.1944391175052 0.15482347359629325
1369.5101453363466 0.19873585471906338
1348.349789448317 0.22913386001172512
1355.7403783257348 0.22788477561155865
1206.8190167432374 0.560107814265256