2000.1552683108912 0.2043608193467075
1839.9510680060127 0.21598971474767656
1786.1478974781035 0.23461732089832749
1711.5399383439403 0.27750421523604824
1672.1504696556187 0.3015275131020474
1636.509764714813 0.3651576582431465
1630.6443158307277 0.3795254468574249
1625.198132144212 0.42936430754294386
1588.5191939454885 0.46740071178230624
1588.2119182691697 0.4883060646852187
1544.1882761098768 0.5894918746874946
1538.8220447703247 1.0031152574599584
1532.5149026155627 1.2202011612368633
1517.751769618041 1.2406257508154903
1514.40046603058 1.258297698554439

1907.3595615347797 0.22479424995229255
1466.3512382845192 0.2638890061921729
1434.3343721685808 0.2697794729791808
1424.106554599238 0.30013870502535456
1411.564735474619 0.30280545154864424
1409.3762918590328 0.3032756401427296
1390.0985788013732 0.32672694552597886
1378.561345504938 0.342419815904637
1377.9135463177317 0.38146870116456383
1377.18006148685 0.38202522751802676
1375.3974753585317 0.38252035193365347
1356.5921110092422 0.38746421018167204
1356.3378221767869 0.3922159933078187
1343.5898400880426 0.40368842316386727
1340.4676608902873 0.4213919151903764
1338.2886655088184 0.42207802354700596
1336.108094526473 0.42276686833000127
1328.1453174798792 0.425301529463006
1324.6994288480928 0.4264078496391476
1320.4931352403328 0.42776612751607834
1315.9986977934493 0.4311620711457492
1311.748356497914 0.4533280799286601
1303.6456998921221 0.48313940197513117
1292.7007649336806 0.49539173559574595
1286.3040327077588 0.49628507294633306
1285.909302982923 0.5461126176456449
1280.3598871792353 0.5571229795167384
1277.8175196695622 0.6076232438487735
1275.3352446368126 0.6226649138884768
1271.178512443075 0.6412609308436836
1267.862981590228 0.6764552254764862
1267.8464213471775 0.6799034955014065
1267.2647497995335 0.6859947547575469
1266.3589138412253 0.6864854519124202
1255.7842527933135 0.741014363478363
1249.3811410554874 0.7865546005394469
1247.4252922555734 0.7877878462344658
1240.611264305267 0.9020245120542619
1239.8586300627064 0.9380243882085341
1238.774949418485 0.997227162770377
1237.1657479467783 1.0472320559562196
1236.3319138424733 1.0710933870159767
1233.412655188989 1.0736284661118345
1231.6231171739776 1.0751884392296776
1230.9095532475878 1.0758117309104362
1226.7263636879738 1.0794802950939966
1226.1652526967735 1.1530281174081498
1222.341130975867 1.1566353918071355
1222.1245832352852 1.1568403355454486
1220.8877697079845 1.2803332146526787
1220.4101378650969 1.2808342985865557
1217.8696831100472 1.2835060964228937
1217.6843880361437 1.357264045620725
1217.6611337875697 1.357289965931903
1217.3085721188468 1.3576830695592743
1215.0162999154454 1.360244499526589
1214.7997521748637 1.3604869739529162
1213.4844503979402 1.361961612489681
1211.9649496845416 1.40045901658471
1207.5797169724347 1.4797228641145763

1872.9335622064582 0.3472950480571038
1959.45817876401 0.32398429491982883
1455.1278660862151 0.4308108037365805
1446.915748289987 0.48288346562957446
1430.4371577283534 0.5152043017414506
1386.819503597365 0.5651586189885276
1379.8718267934867 0.5680042017096293
1374.115852443595 0.5703834898969078
1373.282587946723 0.570729580582033
1336.031646639618 0.7214665215985969
1330.4757875729729 0.7865909337680135
1308.7770414686818 0.8339184055251256
1304.3181407051502 0.8505387049987075
1261.1906671069478 0.97742666103137
1208.026964593764 1.414904178481751
1204.4468828832057 1.4191098206263422
1203.3765554199665 1.4203720292072952
1202.0397922666161 1.4219515950460548
1200.6496508517498 1.4235979652430615
1198.2761636168905 1.4264177589606275
1196.4596356466277 1.4285834214528947
1194.63868260944 1.4307609696589252
1190.3687576512086 1.435893196067206
1190.2620250711775 1.4360219547625497
1181.824405013573 1.473851522000178
1181.177418782279 1.4746588195547563
1181.1774187822787 1.4746588195547565
1180.164141594458 1.4759249469424727
1178.8888053782898 1.4775216204612935
1511.418792771313 0.42518518237286274
1854.2227359580838 0.34758819472974595
1539.049783866547 0.3622619313439493
1358.4020236048884 0.6623733238004582
1516.0520961513928 0.40354049839921974
1237.7835073611602 1.1197235697567192
1268.4492845094496 0.9388470825994133
1243.87134658822 1.0580557914274784
1211.6028582559436 1.4107282665070078
1212.0334043756332 1.2914323120995357
1241.4453528169408 1.116420762543868
1396.4196454219841 0.519461773719473
1223.5923168369843 1.2792325353929388
1394.042979713006 0.5622301513263235
1244.5955634969034 1.0094337485369258
1223.2926502093953 1.2795459054599605
1346.2818653369645 0.7097879836097675
1258.6302462703322 0.9868410909829672
1327.4460043032707 0.8102861547012565
1225.0163545192513 1.277745473340207
1279.9430165279184 0.8725878098400967
1186.1902618528954 1.4409513000489576
1212.9355958347687 1.2904717341380767
1203.9478591471595 1.4196980267344128
1438.0553860857185 0.49501632739221924
1198.6903314262356 1.425924907468502
1338.2298658476348 0.7202040344522793
1182.874874516203 1.4725426463882083
1210.8786355780621 1.4115720186163552
1209.6082311510202 1.4130545377455714
1184.539687367854 1.470349585021312

1234.5993431650884 0.3917703138779025
1215.3798877233867 0.4538877474426345
1947.9900098105966 0.18224464050254446
1243.4554117113914 0.3611160163504077
1233.600691996101 0.3920874682735406
1232.034844305822 0.39258578961519824
1230.8068617314193 0.3968029330041178
1230.605612685464 0.39686782480281935
1230.5427996573121 0.39688808291156513
1230.5265553213683 0.3968933222811042
1221.207672681452 0.4480323928138321
1214.2261682540334 0.46205332572311697
1213.734015604471 0.4827358554865307
1211.7705716123733 0.679703581259292
1211.3271082053307 0.6942693967419735
1211.1896835492862 0.6943481703100985
1275.7676596776535 0.31996501054511933
1212.8172967549035 0.5792618844596431
1265.7301021898143 0.3417861911648158
1306.3045397503208 0.2745385082083005
1213.1826004416207 0.5274794818360861
1212.5371324512835 0.6320585201391589
1224.8828022131534 0.40803202175660136
1212.273299955135 0.6368491445038509
1859.6888896980486 0.2361959660766887
1213.8117366244865 0.48180851810023095
1213.2943412636869 0.5150247848979586
1222.360446512415 0.4476098660384174
1213.1048794216053 0.5284102261952371
1212.679872098859 0.581097390414072
1214.838179595923 0.4540901403916506
1218.566735059997 0.4527007209815959
1214.3635929100778 0.4602336287286705
1254.9879294019834 0.35415547378484213
1222.2550894753836 0.447648449513862
1217.991168383418 0.4529146465470876
1230.7123452654948 0.39683340674645107
1213.5970320711676 0.5076984520537879
1223.9973851906798 0.438839083723685
1234.7244057546648 0.3917306323022048
1212.1955789351196 0.6368899766649038
1240.8276989736219 0.37097136220128096
1211.8188197321524 0.6485154649329737
1235.0168918650318 0.3781177375874853
1213.9234774465522 0.4693644799983179
1213.2231107907787 0.5269943993636521
1234.9981559212802 0.3906457202267447
1228.9393457209294 0.40285389788713544
1223.6404015438625 0.4471416561791821
1226.1735978157076 0.40376257209621697
1227.048927326348 0.4034745434065884
1225.127269543652 0.4079506012367937
1231.9281117257908 0.3926198027153218
1221.1590593538858 0.4480502286111473
1219.7788149190133 0.4522508776006873
1216.5446445244033 0.4534531815242266
1223.5458850779378 0.4471761969754246
1228.411258749492 0.40302708247279573
1232.7089247705069 0.39237111248730955
1224.9773186790776 0.40800053893313

1270.057441319202 0.33347782696437805
1268.6220594196366 0.33385514031249225
1264.8093863800739 0.3348615215951548
1241.0742215535893 0.3795446738097663
1237.8231215819335 0.3860499983105987
1213.159984449036 0.580867419068685
2114.859435633653 0.2185828006406528
1671.672054122154 0.23278303690485383
1307.6034058316013 0.27424761302789663
1286.8970945644367 0.3087155426360422
1277.8435181296547 0.31736245755928577
1269.2040672003864 0.3337020472880318
1264.7077579619165 0.33488843014104397
1259.3971203649949 0.33630059081627695
1245.320679423841 0.3782504525751544
1244.565455630278 0.3784799814765219
1237.8830139784363 0.38603132008389424
1227.9634023795038 0.39968805343266267
1224.2112737538907 0.4397193756230948
1224.1394032963647 0.43974519199059675
1224.0765902682133 0.43976775734912377
1223.4767606907205 0.4416568784304161
1223.471161604135 0.44172296914823767
1223.2481760099809 0.4526420397902467
1216.7143372570397 0.5229201067366736
1216.6156817271847 0.5321604407782796
1213.4905811008598 0.5697188731840848
1185.2069973237853 1.0699329790440446
1183.4092328401853 1.0715583571940372
1179.4402672995952 1.0751642864745186
1177.6425028159952 1.0768056098503622
1227.0712423435834 0.41908017051698504
1220.9583935578273 0.45950561639284987
1231.0813223971702 0.3986757763718807
1300.9712667527153 0.2756456825764989
1217.8601425788954 0.4970350731388554
1217.323254806477 0.4972542852932093
1212.117644657824 1.0007180106639868
1256.1935214544249 0.33715823909097564
1229.0779551036103 0.3993256082298206
1218.420440276862 0.4858606790157313
1249.856047721555 0.37636097437113
1214.4821663207622 0.5437900355656278
1250.7324861340971 0.3510958144138684
1244.264995451071 0.3785713753222673
1216.7740408930686 0.522024786672537
1260.8325022645604 0.3359177328395006
1214.004982184373 0.5440037809639634
1199.7761162012632 1.011011922702098
1220.466240908265 0.48007303169638926
1226.9208256708466 0.43874829219846484
1216.9032643938865 0.5216360265331373
1218.0365191287658 0.4860138207210687
1275.4256142381782 0.3320742432353038
1269.6673580067722 0.33358028225279973
1198.2803650596832 1.0122739163737187
1186.7275054622894 1.022128460383309
1213.5849917717824 0.5684683673322446
1208.1953009960732 1.003966790015381
1214.7182465066617 0.5327051599646846

1243.2303932150844 0.25224707219121945
1236.4860941721054 0.2536229305171577
1231.9049714823307 0.25456608586479884
1219.3900812032148 0.2683221789347829
1294.4711507625148 0.14075261970731565
1285.3619410373242 0.14558768283341655
1280.6597008771337 0.14612224189589
1277.699998989031 0.16142003431838747
1275.530502397131 0.17302567891339476
1273.65673666062 0.1737301452078041
1251.537556193723 0.25057276563189435
1248.0192238534066 0.2512791636168574
1246.3803392542786 0.25160957443798754
1246.3050323428176 0.25162477773048275
1246.2207625827411 0.2516417926609712
1246.19555692561 0.25164688238923294
1246.050507181601 0.25167617599784736
1245.4848986677537 0.25179046898367896
1244.4700173346464 0.2519958073552479
1244.0495959935308 0.252080968281006
1242.6176002670254 0.2523714670388171
1240.1658127390454 0.25287040130143573
1239.7147148555866 0.2529624138438776
1238.6577968377737 0.2531782608144481
1237.8263904146902 0.25334831215109455
1236.728274407038 0.2535732652332242
1235.6664055358406 0.2537911732023272
1235.4921433107393 0.2538269696376123
1234.5486383321918 0.2540209571421194
1231.6800016619065 0.25461258307718015
1224.0719507262731 0.2663940426989052
1218.277982326854 0.26856711547473916
1217.5099818519511 0.2811741588276074
1217.2036095390383 0.281244930863359
1216.642350306089 0.2813746742625819
1216.6017286499543 0.2813840692067068
1216.4923994415146 0.2814093578953727
1216.3978829755904 0.28143122394624187
1214.2173321209439 0.3283423445281479
1213.8439203699363 0.34594211657209956
1212.9698626067482 0.3461914000884713
1212.9008690615983 0.3462110925238564
1212.7509181970242 0.3462538998735521
1212.744892786324 0.3462556202039907
1210.4767938634259 0.35941430571660093
1206.5119256762946 0.36253033626430314
1204.7401090495437 0.3942253830567751
1203.7604087024315 0.39454622991452937
1202.8093753260273 0.4258719307450055
1202.7148588601028 0.42590539828682056
1201.2736388851756 0.4473591059890246
1200.2939385380635 0.4477242481074252
1198.803749988491 0.6297166470583693
1278.3547799696053 0.1613373540092812
1201.3681553511 0.4473239104484163
1204.8346255154681 0.39419445699506084
1210.0452695185236 0.35954247945251794
1211.9253688697877 0.34648976396340136
1216.3497333034888 0.28569980122937744
1253.585989409678 0.20437149544684952

1322.4785642052686 0.2301154173682298
1280.4961578431266 0.24963100223099993
1269.4531362915943 0.27231979601257933
1243.930515123785 0.33475971241413083
1235.8784513497615 0.37163826215095347
1226.808041788104 0.40006446425657305
1382.300165107603 0.16533948040748045
1381.9483323029015 0.16538157449432866
1367.6942348250004 0.16581943513507097
1358.4275918852084 0.16695058817337335
1357.7669365909153 0.1670318221370159
1336.39629753995 0.20030587928759847
1336.3638102609173 0.20031074876471416
1327.0917778431522 0.22931549410789906
1326.425248035085 0.22943072533747721
1326.1611623912497 0.22947641311852118
1325.9556477103577 0.22951198050110727
1322.6674282908589 0.23008255911758274
1322.4758321535844 0.23011589275477243
1322.360682403072 0.23013593100000485
1320.934271766816 0.23038444324378515
1317.6832636008967 0.23095285124210754
1279.4860047391421 0.2627735917800125
1278.8145980098175 0.26291155388811205
1278.2005173862722 0.2630378634058699
1273.0277787027974 0.2641066744357789
1266.20830998745 0.28355037547182904
1266.0632593772216 0.2835828613327749
1251.5581408377461 0.32912854901039706
1244.4329606077342 0.33462455165333865
1243.9624378217543 0.33475112177436006
1241.727578178713 0.3462874312274878
1241.3667281608116 0.34638809271850635
1234.4638645232942 0.3720641268562382
1231.3606019391248 0.37300179912053383
1229.560687170945 0.3977122333682321
1226.3652783380785 0.4002089023987446
1220.4751856457663 0.52418824588354
1220.4109361638903 0.5363433410446389
1219.2395988608364 0.5488684489693769
1205.2657873642968 0.9581852523716698
1185.2588851702328 1.021764092309694
1218.1727769369922 0.5907942841820402
1210.400484377154 0.8921965865390922
1301.8225557316073 0.235366276774172
1219.0203762192484 0.5657295289659897
1224.0254808360935 0.4809119200353148
1224.3393433176523 0.4029643967933422
1287.1726104651118 0.2369686164860072
1257.6953507810447 0.307533909424044
1221.1963572158643 0.4870694987470494
1199.7271010274478 0.9626088313346992
1220.8824947343055 0.5240133669434498
1197.107942373151 0.9770424671855985
1266.2026800858107 0.283551636218429
1226.6004407889664 0.4001321748000698
1240.485824146427 0.3573852012673551
1229.939783559035 0.3975896490976974
1223.6181717475542 0.48107200248614784
1243.0183737812672 0.33500536298530736