2017.1450051690986 0.19047786699342856
1741.1782357428867 0.2016686596650482
1687.1568231878634 0.3041381553759667
1588.9188855456578 0.3299869566976353
1579.2246618256224 0.4858966557548041
1545.295604407133 0.6162211880039219
1517.0131461210678 0.6238684523541642
1509.524651902755 1.177300973792519

1338.8040288066477 0.5466694922786075
1686.2127178873022 0.18629867615470555
1662.7952115173928 0.33018453997992175
1476.7390590365715 0.3407712516863269
1339.9331752882194 0.5205929711542392
1227.7138820629973 1.1511725992866473
1214.952913098693 1.388569739092105
1207.1544984794182 1.3993782145238742
1205.9679947347156 1.4036099608663857
1525.8897843799884 0.3372133729009598
1680.0409747211613 0.30333384982066397
1461.0149733679402 0.3789523336436531
1419.0213763282218 0.42401245657817754
1340.6611722740138 0.5183332261426827
1260.0720064917489 0.920057298485268
1329.6965957686666 0.5544267058704947
1341.8663975671773 0.45657525661635845
1223.5663406800118 1.155074746506427
1265.0607006854334 0.7933096157405669
1388.575065474701 0.4379009020817713
1437.6194426996587 0.4055174794776193
1230.8552245195021 1.009690062881582
1227.9440138047303 1.0809338334687064
1223.2704736926876 1.37912823519557
1271.9736636571722 0.7292442693555923
1279.5353177859377 0.6982305127047456
1227.2995123496185 1.1515612664825652
1234.7764680553537 0.9816063831607166
1281.3086887541317 0.6856561867314078
1255.6618736492762 0.9232887216845836
1245.1352294926694 0.9734400200961593
1223.481771481624 1.3788900569459637
1234.206695993431 1.0069482632671072
1279.1226766880725 0.7116533099816381
1294.1961395134083 0.6032161886609112
1246.5525596511918 0.9723332188728068
1249.5605053124787 0.9672372602384887
1251.7542877947112 0.9655421127336121
1234.7191253619121 1.0065303626676587
1278.1419646303966 0.7121993580743361
1252.621333040312 0.932275862175233
1210.3193173810914 1.393885750085444
1289.1819607315067 0.6792136558556355
1222.9196564729584 1.3795238637477487
1223.0947901838301 1.3793263311154187
1217.6853019191824 1.3854538992067216
1213.7744453396729 1.3899179176395726
1220.5990216520236 1.382146650639869
1219.8257445433856 1.3830228269056195
1219.3831674475018 1.3835247972809808
1221.5738339773231 1.3810437016793229
1214.7649322862662 1.388784615617372
1216.002872127959 1.3873707770100714
1215.4628354371202 1.3879871933261767
1211.4495887190785 1.3925852674847472
1206.3112003261392 1.4013712483584
1211.5081950851188 1.3925179015665805
1217.3579744093115 1.3858264249422911
1214.1379363143924 1.3895018013124634
1220.7156749935991 1.3820145707226141

1324.0069279949926 0.4251658155033457
1862.5837730713308 0.2613532736988992
1604.4342420283426 0.2987249020422286
1598.8923661151541 0.2997603040332456
1371.7682985868712 0.39889095732066804
1336.6449433545379 0.42245456240060786
1299.7855425778394 0.4540974789249008
1294.9952170094696 0.4921335520442826
1289.3225404809316 0.5082619817933696
1276.0618210921714 0.5123661183835317
1243.4194655280696 0.6528732690987181
1214.7072873853538 1.2442116470560423
1206.142517738384 1.2530467440635613
1187.5025599054904 1.5469536661607106
1671.1408607226952 0.27280567053183985
1496.0136270477242 0.32671264827958474
1578.0061275649005 0.3244509243365705
1635.1498869743048 0.2931134727165508
1396.2333581132075 0.3383849434929243
1320.3971535281241 0.4380069564452455
1580.7627550553655 0.30319822519244977
1191.0053671187952 1.3816201662965015
1259.390411542939 0.5380927701174497
1190.2537538686565 1.3824926222919327
1211.9761228894656 1.2470154536753577
1249.193423940191 0.5928995636216146
1235.6531907318376 0.8226422631164191
1216.0521317194427 1.242835660829543
1217.374542587393 1.0761740047309039
1196.5392503891733 1.3721217165498576
1231.062140897224 0.8701352883178888
1238.3618798463822 0.7644170777169237
1225.7734157043035 0.9464284523474953
1226.2312231653198 0.9127634069828425
1263.6446509166997 0.5174008702653198
1191.6424099582441 1.3808815628140958
1204.7022394394276 1.306852337822597
1217.3522319586411 1.241508344957021
1217.1339113329757 1.241731037691252
1191.0136084843916 1.3816106060053135
1237.9988313703748 0.7857199200927556
1243.3905812826033 0.6528884354929686
1229.062140897224 0.8750402106020456
1228.1510414163488 0.8756893560692882
1214.9125423278704 1.2440014421390646
1218.2566502720224 1.0444734519591616
1198.422530764171 1.3137002163899922
1238.407720357055 0.6555153993114937
1221.018220656477 0.9501142711285658
1220.8328034673925 1.0422694453064065
1245.203529309794 0.6330834987202535
1234.5503116719763 0.8676767570987921
1238.1814176562611 0.785604055260744
1224.6235709848597 0.9473170893001451
1247.936430909238 0.5934967660119513
1270.054071357767 0.5147897690619203
1242.2198377979776 0.6535037572410062
1209.3999696940957 1.2496717319341328
1240.8158671625063 0.6542431901493189
1214.2517330548337 1.2446784415340486

1312.425685168811 0.2646554527300389
1296.3538959880666 0.26793656806048627
1190.8964641352163 1.1880254071139267
1190.664086818707 1.1882572694494975
1190.4636529486843 1.1884573318390619
1186.3668438116372 1.1925613599324512
1385.6444774167305 0.20174257296707615
1341.0292499390828 0.23107352096072872
1307.5688873041063 0.2656384816550784
1297.5047654820157 0.2676989118832624
1280.7715033119775 0.2711963945049424
1230.918158174237 0.3765198031432914
1212.5194950714547 0.5781611742908661
1211.2086624426431 0.5966878988299389
1210.5583016394517 0.598781427641007
1193.9408658193088 1.1849960891186169
1193.4109221104318 1.1855222961532916
1193.2561400684829 1.1856760750073136
1192.7810407469087 1.18614834433387
1192.4373960291862 1.1864901766299076
1191.625260222998 1.1872988126905022
1191.5681926125942 1.1873556758280845
1189.9507893482705 1.1889695517658025
1189.9349807195001 1.1889853475685712
1189.328503101121 1.1895916502006876
1189.3153821733654 1.1896047741763252
1189.2395467149415 1.1896806329245833
1189.1283181335245 1.1897919131683734
1188.411868295951 1.1905091949842792
1186.995979994503 1.1919292739654672
1186.9049165728725 1.192020722873053
1185.7008821869097 1.1932311748181272
1185.6668891410952 1.1932653847318595
1184.812996844561 1.1941253686470066
1184.3915529249273 1.1945502761656848
1183.4892134319084 1.1954610490551605
1183.435576157507 1.1955152313643764
1182.3826095648055 1.1965798931663254
1179.9289495528894 1.199068178783894
1213.9994069308625 0.5362094898037326
1202.9539884556166 0.8362354665473672
1217.6839414866906 0.4372145796107222
1200.27930940822 0.8467971867431244
1209.4862142706918 0.7345617332452562
1194.3515630960662 0.9898795492928943
1222.5698277951801 0.40217610435917045
1208.6046445597399 0.7524836478879975
1217.0548053038249 0.4463652828182089
1265.1182628650174 0.2858789152831225
1245.2936691244456 0.3452536616527225
1231.7251335133144 0.3661836665086633
1284.0842480445965 0.27049674848968314
1194.0801560831023 1.184857858517424
1297.9977301437602 0.2675972429045876
1203.0136920916457 0.8353771855002454
1272.9145878782952 0.2794117465772149
1222.7036708336161 0.39324861969461306
1240.9147884014287 0.3464719762523169
1294.7039651929626 0.26827801815769947
1274.060707249212 0.2726248536718602

1288.8860215030015 0.237438287517328
1286.6713352743245 0.23784697875891317
1285.9062528696638 0.23798849182648246
1284.9302048578083 0.23816927066833207
1284.1144061458099 0.2383205797598888
1282.2882815366174 0.2386599754182933
1276.947108475435 0.23965823464377412
1253.505292982251 0.31928552653746445
1227.0348020974868 0.40538644522075606
1217.5925272105794 0.5780499045302154
1217.0457025245287 0.5783096252267437
1214.3164486947087 0.5796094130713112
1321.8274588831007 0.19055244708737484
1299.444316288079 0.22640911403960282
1291.019866354128 0.22709370268474013
1290.8360877404505 0.23707958946700028
1290.6843450082674 0.23710746235845484
1288.9663898060655 0.23742348301008787
1288.6699368483892 0.23747810125774585
1288.664382515135 0.2374791248233327
1288.2663392246695 0.23755250015682036
1288.1693268029796 0.23757039030747
1287.6593457096158 0.23766448072649546
1287.0664197712304 0.23777396803273773
1286.8539390184114 0.23781322842600883
1286.657302538615 0.23784957280146485
1286.6466018988858 0.23785155092240698
1286.6047499642832 0.2378592879897189
1286.4053804104112 0.23789615187481528
1286.3819608954955 0.23790048294649274
1286.1720475300767 0.2379393101711288
1286.0653129641078 0.23795905749557805
1285.9185794046782 0.23798621052071048
1285.8512640165063 0.23799866929770053
1285.4102683217625 0.2380803213516024
1285.3094475846428 0.23809899656910546
1284.9433176016455 0.23816684016996426
1284.3413547943342 0.2382784674870961
1284.3362207915197 0.23827941998092358
1283.95031787652 0.23835103702207755
1283.2141501301526 0.2384877767437765
1282.9983335567172 0.23852789340911962
1281.4594059536257 0.23881434583794342
1277.9537587015002 0.23946945471770886
1269.6961031080555 0.2755672609357504
1267.3886165673748 0.30217704866012135
1242.386100016835 0.33946373081465747
1242.3645265747523 0.3394696255427982
1242.1909527447328 0.33951706031355594
1241.1356851393537 0.3412487455821652
1239.6126629563228 0.35106685499138235
1239.1594227832375 0.3511952626838837
1231.75735150489 0.39845696994134394
1228.610655890856 0.3994774907985284
1218.4434420767475 0.5277105890714311
1218.0297098047795 0.5278898383123984
1217.4103623145065 0.5781363999339374
1217.4062612296575 0.5781383475060059
1212.3058469640093 0.6505501028422753
1211.6767107811436 0.6963654424393091

1285.7113759507242 0.1640671637371187
1269.1027609154244 0.1812456142433887
1265.1544783052996 0.18181124391087178
1262.0008207834026 0.18226557831975831
1244.4437636612317 0.19652762331801396
1239.9113957477678 0.2195692473217141
1301.6464787023804 0.16205860983626988
1299.1629129338983 0.16236841179557016
1297.8146258313268 0.16253709477319397
1295.524778615216 0.16282437998774535
1295.4650749791872 0.1628318840167672
1294.402610512198 0.1629655387926891
1294.3648931313046 0.16297028755660548
1291.3557218977858 0.16335004775197048
1290.5665432308103 0.1634499359550325
1290.5331368051643 0.16345416698016205
1286.0124877169283 0.16402874843872864
1285.1956262908818 0.16413300397354474
1281.8787384818247 0.1645577015237893
1272.6090426677988 0.18074624784835877
1271.7009395935188 0.1808753161050734
1271.4687800058523 0.18090834242822526
1269.950555099635 0.1811246182116517
1268.2434778722675 0.18136841501917284
1267.1297133946623 0.18152783176701845
1266.3651258063676 0.18163743201126928
1265.9834140329745 0.1816921982471607
1263.5210311531955 0.18204628476200477
1263.1396346228837 0.18210125241519312
1262.5626317045387 0.18218447438885157
1262.3391034819776 0.18221673463621776
1262.2487092864249 0.18222978383565247
1262.0385389310723 0.18226013100591956
1261.8406751480384 0.1822887104293978
1261.718831534709 0.18230631396720096
1261.3320702733265 0.1823622144089717
1261.2681151751826 0.18237146144628277
1260.058253517685 0.18254656782569792
1259.432329807851 0.18263729141778515
1256.278217645916 0.18309583514957342
1256.1211162453374 0.18311873470262616
1252.1189868443444 0.1837040344063492
1244.559428496031 0.1935598185155187
1242.810540520552 0.2159971393959196
1240.9240164433622 0.2163255106730284
1240.4706137755438 0.21947026304906467
1240.3505654514597 0.21949150465446174
1239.569159625376 0.21962986881041147
1239.2045582104124 0.2196944887800573
1238.7353134700481 0.2197777111458251
1238.4195047608437 0.2198337565448212
1237.7674439901868 0.2199495658346882
1237.1518967505658 0.22005900215246046
1237.1470527229633 0.2200598637896266
1236.989611019686 0.22008787259379875
1235.911997355342 0.2202797711265187
1235.7571402109581 0.22030737517201615
1234.3473169086885 0.2205590016526061
1234.1616128614583 0.22059218912078946
1234.0254732781523 0.22061652518949934

1324.0506460078418 0.18524363247261658
1276.1362856466646 0.21608695225094865
1275.2373343736645 0.21623927812439098
1272.7523098025242 0.21666148118404843
1265.462356234577 0.22114590735674403
1261.7159345714447 0.22951685776156922
1251.5711874495992 0.3063412359422486
1251.3766271803736 0.3163184575915802
1251.2152860729764 0.3163592460720328
1251.1306857058148 0.3163806380086854
1250.8738912165547 0.3164455884444725
1250.1627245735683 0.31662560144789864
1250.0888766100552 0.3166443058426825
1250.0569539120859 0.31665239198668377
1249.9403335148395 0.31668193589910293
1249.8429351354964 0.31670661444586806
1249.5338133501089 0.31678496439771053
1339.3101337870385 0.18503590275828086
1300.1734556733943 0.19150876688829246
1283.930671221742 0.19712201245086455
1280.3479877976865 0.19767360137298168
1273.8193147566822 0.21647999636032153
1273.3192856077706 0.21656500748797813
1272.2182122641584 0.2167524391365786
1265.5927042760588 0.22112313072741588
1264.0061325729864 0.22714071067344868
1261.8929221030387 0.2275210885324088
1256.7892782691213 0.30471372829410953
1253.5583046899967 0.3054991101958777
1252.2603602333604 0.30581575431332964
1252.122935577316 0.3058493186093387
1251.499624022334 0.3162873699503291
1251.4612275475351 0.31629707406241997
1251.408549878343 0.3163103884932951
1251.3449611010624 0.3163264622311297
1251.1381006183947 0.31637876296805506
1251.1366061722938 0.31637914087323854
1251.0113158725992 0.3164108266276951
1250.9793931746299 0.3164189008512257
1250.9539235508 0.31642534319112775
1250.845283650815 0.31645282574079747
1250.6839425434177 0.3164936488837253
1250.5993421762562 0.31651505900125604
1250.341841406654 0.3165802434720818
1250.322143088838 0.31658523106530706
1250.1910634359008 0.3166184242974671
1250.130801875599 0.31663368663660785
1250.1133424158854 0.3166381088381061
1249.811012437527 0.316714703772572
1249.747385625703 0.3167308282686827
1249.7021777795462 0.3167422859734159
1249.643221640118 0.3167572293604973
1249.4292028635286 0.31681148773267903
1249.15150858244 0.31688191693019596
1248.6870542555282 0.31699978247299687
1248.655131557559 0.3170078867830313
1248.1567149235698 0.3171344750567547
1248.1247922256005 0.31714258625535113
1247.850807484894 0.3172122197634123
1242.9415200870055 0.3172704987839795