2010.45833046157 0.20555703144017398
1981.9443334434984 0.2202193102305352
1849.6682340700727 0.2237808965135979
1808.583807651544 0.2733847308160511
1739.9726174995465 0.27854131732458837
1699.213403757708 0.3300426600592924
1683.597197497916 0.370169867420367
1671.4943032926062 0.3937013194925579
1646.2674804358767 0.4184254059059531
1583.985701995615 0.4989614585840085
1574.0985425492538 0.6204367302312858
1564.7467695744906 0.6634982317651452
1536.330362290945 0.6943490849481523
1505.1409432825988 0.9895341525103643
1492.5008635309769 1.215913937732278

1295.2491428540268 0.5777736187249487
2053.266614452812 0.20140480963916382
1747.0085300312364 0.24441099815681458
1739.1153499959876 0.27561596933513177
1345.864074546739 0.41573191497428647
1331.7810632360868 0.42184456554286276
1227.913724474485 1.0653010368466505
1225.8011845777219 1.0687759591332486
1225.2382746714402 1.0692669857257318
1224.9501730375193 1.069518471518759
1221.4150549877472 1.0726139582149408
1220.9648116855828 1.073009495617716
1220.4391083549726 1.0734716937411302
1219.4160026307973 1.1099691217604135
1793.9023714825883 0.2433149166483134
1489.3583226709645 0.28463079767220206
1440.5848725214357 0.3564773139839715
1434.775161127958 0.3814255278580363
1385.6345544731887 0.4083594165936139
1320.5237287807438 0.5074743579235618
1448.5513862981657 0.2910118310018263
1307.2914415006169 0.558891158258218
1280.8617065477574 0.635269875878688
1434.363685117476 0.38144760999577987
1324.712536947302 0.48576519680771385
1380.53459557366 0.41513368453989574
1282.143787167945 0.5989445530289426
1273.2023946416523 0.6815538583424242
1231.7195106811287 0.9440978431419744
1279.1840466107092 0.6711006073921311
1232.245214011739 0.9436950699155758
1262.0401675623682 0.7110898616986494
1259.378856213804 0.7125925322488577
1231.3199194124124 1.0623540992215306
1264.419629521818 0.6862879887802774
1240.0216648078303 0.8544885686146748
1235.3774336738718 0.9043794112133938
1231.3485640196666 1.0623293858975975
1297.1464849556223 0.5614576521243367
1247.2236489904597 0.8096498347328013
1234.8517303432616 0.9047644252656298
1263.2548455430335 0.7104061158968208
1236.7715485942906 0.8679612034421259
1232.4503453479294 0.9435379995464703
1235.7964762630781 0.8946384631154681
1265.3737183897924 0.6857705292180912
1248.4956884969956 0.8088249167248903
1294.017542867799 0.5957763694438876
1232.3132486234877 0.9436429695849475
1277.0155227598152 0.6795187599939942
1237.2972519249008 0.8675924237533484
1237.5931792631436 0.857964380902859
1249.9501389837985 0.7378136756263352
1317.042714310988 0.5529758541548342
1230.147024799605 1.0633670101783113
1225.7639780020504 1.0688084005284217
1226.5207530959449 1.0665109094477545
1230.7942160818022 1.0628078575191817
1231.5442599423625 1.0621605787047566
1245.059576362866 0.8158679008669146

1424.5964497034684 0.41758489019444495
1251.5997191255685 0.7494514339573363
1238.2017502206959 0.9689639981854653
1230.9930955993018 0.974638219128259
1219.8799333498807 0.983517218091637
1193.491136445891 1.4079846043382818
1191.3028333118734 1.4105709300282463
1190.192282123378 1.411887113342765
1188.765756300809 1.4135813860916735
1188.5825169319733 1.4137993127036634
1610.5855069426625 0.24678641332273718
1469.3265617098407 0.3219474121461626
1425.1974230910757 0.3555348097155777
1396.846451443947 0.4258807053601845
1396.310481036794 0.45071934274683445
1388.926684228095 0.46393375555185246
1384.3679558558351 0.49073913811558245
1380.7307199659085 0.49308422221681775
1374.8566147291708 0.4961732444816114
1363.2398284880217 0.5138558398735442
1350.8547023032913 0.5346037875391564
1338.2842250436609 0.5347745376003292
1336.6596255755712 0.6115609196550252
1294.8020612699374 0.6839451354835965
1284.7456803254097 0.7118853211857301
1284.011681641332 0.7122922667738704
1274.2142628178044 0.7177690738274275
1265.018063093424 0.7450602805230275
1247.8582301343222 0.751698535608718
1240.8789089809957 0.7909918319955572
1235.9359376262223 0.9707403773357446
1233.745003428386 0.9724642572979856
1230.184181254294 0.9752790978264732
1227.5977858607623 0.9773338892207549
1226.5875269708677 0.9781388544012005
1225.3797211061935 0.9791029652188212
1224.5200643737446 0.979790330399923
1224.4987622537728 0.979807375424229
1223.2100890283293 0.9808396196332384
1208.6451143619092 1.0880238294393485
1202.745392918526 1.1648508858798616
1195.8986766182786 1.4051501004097104
1194.7884538349292 1.406455795698691
1194.2920021004031 1.4070404411774189
1194.1469702259542 1.4072113294497148
1194.028525885552 1.4073509209369446
1193.916837365286 1.4074825757867089
1193.3511160196867 1.4081498085281818
1192.8249658169216 1.4087709376364022
1192.1666183549273 1.4095489000093162
1191.8903290924945 1.409875644187401
1191.7658616001168 1.4100228909677046
1191.2037152635978 1.4106883012517801
1191.1015457828564 1.4108093062926494
1188.8249680351823 1.413510979927773
1188.1345801075545 1.4143323270482508
1187.9483607645964 1.414554033685817
1185.7418389190836 1.4171863472928254
1185.343388578875 1.4176627310881533
1185.219916978162 1.41781041767709

1319.4171918925365 0.3115446568368952
1301.0336696303264 0.3270579384219295
1299.9533066033753 0.3273297491881678
1299.767558496943 0.3383008891579118
1279.6175901678898 0.37654682857103705
1276.7685813984758 0.3773870632324499
1276.1324565131167 0.3775751826561896
1275.9301326951995 0.3776350546276622
1264.2457049867871 0.3812831804133383
1263.9340314543122 0.38137720104476003
1250.313648829827 0.4107173025572761
1223.345535913118 0.4654323369062264
1447.6423810494057 0.25211216267644376
1389.5414042480543 0.2661415450430113
1359.3596747083584 0.3023904445017834
1342.76176888305 0.30612829900183275
1323.778633308883 0.3105182134911724
1305.5451209916796 0.3148549748787119
1303.1239393790622 0.3265333226934416
1300.5118824242657 0.3271891595589413
1296.671738411172 0.3444233046192764
1285.9031406051386 0.3574228175988689
1280.8011094928852 0.35784381672753585
1277.2838477003313 0.37723482233721745
1277.2406844564428 0.3772475706616625
1276.3929073786428 0.37749813758444445
1276.307607403315 0.3775233670680231
1276.1982781948755 0.37755570869674504
1275.575861935115 0.37773993671412204
1275.4697555951336 0.37777136090271896
1274.4731463710023 0.3780667695772449
1273.335542393224 0.37840453621189685
1272.374794221911 0.3786902629237376
1271.3827067417155 0.3791428188107264
1267.4610952189228 0.38031591268527687
1266.972736440668 0.38046250669565124
1266.1589955346037 0.38070702409513574
1266.1349291381914 0.3807142604851507
1265.3329309532412 0.3809555662620135
1264.5701302826872 0.3811853622649691
1264.4983018282746 0.3812070150859943
1264.1072481374392 0.3813249421135003
1263.8939384153987 0.38138929903059365
1263.6930973066283 0.38144991394560246
1263.6730643604599 0.3814559610520951
1262.393830863548 0.38184250543392306
1262.334127227519 0.38186056514210415
1256.9784353360078 0.3911645171637684
1251.4005150619882 0.4103605864126517
1250.3203082030839 0.4107151150219679
1249.3185605610006 0.41104444087289926
1236.994368358554 0.45531975564600463
1234.9079705493084 0.4610744972117803
1234.783066184496 0.4611211371591384
1234.5304712168045 0.4612154862914265
1225.683031494667 0.4645447126158732
1223.1482324474352 0.4655074148163899
1222.7707331149313 0.4656511283790471
1221.1639751053883 0.48763048454558816
1219.8144897743894 0.48816995197392143

1293.5115931429343 0.21945393731763504
1246.890864158575 0.2838276616851773
1243.4820794245368 0.28460572468765977
1235.2825773309016 0.2864948675269276
1216.8555404037895 0.33520131679049087
1415.8514633376144 0.1966716874045522
1302.9912758618957 0.20425740016977503
1300.5005021569493 0.21057131149207
1293.4744853073319 0.2194602331206994
1291.2438662185405 0.21983934987628428
1290.8284406353234 0.21991010047896814
1289.7700175403697 0.22009056515561212
1287.8575975552717 0.22041739134830154
1277.1024827973538 0.23156819493562772
1271.0886922380087 0.2326637932467861
1249.405598271052 0.26394650634857975
1247.6448889166031 0.28365612803339463
1247.561313613471 0.28367513042359943
1246.8903453018943 0.28382777979169643
1246.6883713474829 0.28387376226845157
1246.3680190634366 0.2839467259571314
1245.7451533578524 0.2840886977539591
1244.3422978845806 0.2844089756913212
1243.6331667689165 0.2845711483155532
1243.4481047807699 0.28461350094955046
1240.0376499577064 0.2853962687042678
1239.5578347241224 0.2855067415466768
1237.0310944938678 0.28608991312020143
1236.2562896209822 0.2862692156326578
1235.9059844030617 0.2863503557850898
1234.8633026274733 0.28659214149268597
1233.1705907419657 0.2869855322594135
1225.9970435236648 0.2909457881084123
1219.849221630891 0.3072286556401669
1219.278336138591 0.33453524711915417
1216.4393179550907 0.34677374055153987
1216.4113338144625 0.34678171825188847
1215.7834147919361 0.3469608215649502
1214.705234915217 0.3588076665109775
1214.0271853352951 0.3590080651433058
1208.0650807356158 0.3809568159389292
1206.189560870644 0.38155471081264436
1205.8060331084391 0.38167052906315785
1205.2432910145762 0.3818487354670366
1202.5072528693408 0.3979931351539122
1196.0526494432372 0.44315869624443255
1287.788782670624 0.22042916967527884
1282.0936805627955 0.22911064784854898
1217.3335085617416 0.3350697049069744
1298.8150814809026 0.21084456150835895
1247.6907917423189 0.2708441682297813
1243.056234138917 0.28470322470639586
1203.298463437727 0.3824658973545369
1297.389239327188 0.2110762815308219
1294.0945189271436 0.21935508413756383
1212.3892075980798 0.37024354420734457
1239.1427706264578 0.28560237507726455
1222.7071207488425 0.30142872658356845
1199.0463306703386 0.3991419008364981
1209.2751966730375 0.38057559426523124

1225.9756332654938 0.33505186532333914
1219.2179337232908 0.35683749756195804
1196.224217043034 0.5884002923386106
1299.3484722965043 0.1818650997188091
1291.3441967002748 0.18299237344118677
1239.0012411083635 0.3137429975911813
1235.245027115706 0.31469704784985914
1233.9647244455941 0.3228466812497583
1227.445032132707 0.32456151244046993
1227.2892920516122 0.3246026985215309
1226.200603085918 0.3349903936866551
1225.1616084627544 0.33527448128411796
1225.0176889019806 0.3353138705570421
1224.8865491342667 0.335349770194545
1224.7085828594038 0.3353985009295239
1224.6615793138426 0.33541137380721175
1223.2575520142202 0.3556590970855684
1222.7449388621176 0.3558082005698982
1221.7634522986955 0.3560940341061345
1221.2533928608912 0.3562427576420554
1220.89647537306 0.35634690182846296
1220.7800483228018 0.3563808869994244
1219.92475551373 0.35663074668016587
1219.6988134756311 0.35669681043038304
1219.540027867 0.3567432527929515
1219.5190678370057 0.3567493841848059
1219.4684159531876 0.3567642021400096
1219.2940980165815 0.35681520738941835
1219.0399987180883 0.35688958271261095
1219.019038688094 0.3568957191355222
1218.038079579447 0.3571831486604218
1216.733031456876 0.38384940556735897
1216.0885542239853 0.3840528300646026
1200.4839760305786 0.4900592685224581
1198.4133657648015 0.5073360518943323
1195.4491083413432 0.5887818009979813
1193.4992823228408 0.7067309828486875
1193.3618576667966 0.7068123682739128
1282.5658767594791 0.1842448358915764
1194.1284185057066 0.6602127654193058
1254.3121301563049 0.21858837014626697
1251.0070192186777 0.2401168124807292
1296.1646334984941 0.18231182473006471
1263.8366522213428 0.21694104511343185
1198.1497276331697 0.5074476849613405
1193.9909938496621 0.6602887538586418
1215.4418611723918 0.3842571708106158
1197.929213190415 0.5640921447161164
1208.2762798675456 0.4032020517160849
1202.512177357185 0.4597007059367742
1200.8401999149269 0.4874749343724145
1203.7233178008757 0.439232369482722
1205.4184039741401 0.4295644286769249
1194.5469168822076 0.589226483332888
1207.8399338307156 0.4061955004205186
1232.7019453371524 0.323177405189843
1218.79406886767 0.35696159635620694
1217.0800581799772 0.38373995836995967
1196.3616416990785 0.5883327034884062
1227.5142618720363 0.32454320771717626

1315.8592022967232 0.2911170248376139
1274.8962445566399 0.3853358925528717
1258.1811834856926 0.4009386191812352
1254.2931716908863 0.4021814339517792
1247.2466320676217 0.40445362883065783
1244.3417033154592 0.4126884503104575
1243.8714818822552 0.41284445915654666
1239.3774251627174 0.4224506429798205
1237.466315112957 0.42310306451199986
1235.6735322961417 0.4237169256039256
1205.1037010968366 1.102634087024889
1370.550658573929 0.2634720265861903
1339.7667242332086 0.2821480608260737
1286.0622370704843 0.34589191648507794
1271.498284039239 0.3863656667690606
1267.960516287824 0.3874436750970733
1256.9972121486178 0.4013162650729277
1255.0901280436738 0.4019260570337401
1253.7771018606536 0.4023469766978018
1253.118732044089 0.4025583637742776
1251.9641170247116 0.4029296203675531
1251.1306782661545 0.40319803130848725
1250.646962589075 0.40335397716254967
1248.9562444310511 0.4038999994081973
1247.7079844510235 0.40430407809606134
1245.2468748806257 0.40863061740013024
1238.7888764965687 0.422651349304487
1238.6236018219515 0.422707745423639
1236.9960936797531 0.42326389940097353
1236.2369025844912 0.4235238319290345
1233.6802737232927 0.43078871225667414
1230.766683915276 0.4590133934912299
1226.880370276627 0.4611847419719098
1226.2699076249949 0.4832320058994131
1222.9486460478872 0.5085677712600802
1216.1958159337034 0.6263373883333224
1214.317621427769 0.6357769996564369
1213.937972778612 0.658861228619092
1206.850902003769 1.101037764501812
1206.7262175199317 1.1011515287702591
1206.7244258170658 1.1011531637221237
1206.383011928508 1.1014647969097653
1206.1786965901736 1.1016513746973522
1206.0205595740101 1.101795826514416
1205.9997348856944 1.1018148518541497
1199.639905473982 1.157093417253543
1193.1406896371193 1.2770054803145106
1191.313041193222 1.278964593493199
1191.2811184952527 1.2789988658406723
1190.3214526558584 1.280030025547517
1190.2895299578893 1.2800643550201944
1190.1533903745835 1.2802107793628938
1190.152890625109 1.2802113169279994
1189.6970952490717 1.2807017900080266
1189.067959066206 1.2813794096759452
1189.0360363682369 1.281413811566744
1188.8998967849311 1.2815605448138578
1213.6106213029066 1.0949050674941079
1213.237513777541 1.0952417841844542
1197.970322411275 1.2129759573341423