2010.772530423562 0.20326154805539257
1872.2907880298887 0.2487726394205276
1677.3079223702682 0.29097117478317136
1599.2338492038998 0.3509332648537641
1578.0744643328546 0.5369828713804251
1541.8046112976785 0.6034250587060709
1521.0225630859918 0.8460728469283516

1359.4177298566242 0.4592723843216365
1226.3972895831844 1.2668270782022497
1216.2970999434388 1.3876522223117185
2029.7615305275763 0.223971743423006
1864.7785876465123 0.23680749327593387
1823.3675347345022 0.2374733171253829
1374.7431904646573 0.3607796017516498
1369.7754477202382 0.4442226716628421
1348.1447927713548 0.463112734943632
1342.714636781815 0.5156268167255071
1321.2734292463965 0.5239942457099411
1294.6953410936137 0.5642528705630363
1240.5680328720766 0.9401502129071333
1221.9518511221586 1.2714357719177485
1218.4922351457535 1.3851523424159697
1218.4345055156512 1.3852179711649926
1218.2073903000512 1.385476222822862
1218.1755268540294 1.3855124623022042
1217.4806177931528 1.3863032799546087
1216.9700309432046 1.386884911553405
1216.1205584411125 1.3878536646821584
1215.8659557984133 1.3881442815951681
1215.8221494214615 1.3881942967817578
1214.4536924214292 1.3897585262082814
1214.453692421429 1.3897585262082817
1213.4030910044444 1.3909618215416504
1212.9632019197554 1.3914662629967143
1212.9584091503468 1.3914717611052132
1212.9584091503466 1.3914717611052134
1206.9324661507264 1.4036247274670237
1514.8182592845876 0.3119095703386193
1288.687182903397 0.612980827884586
1226.921254263062 1.1022607786798349
1225.4800366307913 1.2677752787791003
1266.1401413353196 0.7233167710451768
1306.4606209753897 0.5299353557382076
1654.5034667200423 0.2507715180493996
1248.9821287484333 0.8188608371441837
1255.7108054913472 0.7587611596505422
1246.9634464094656 0.8734668701751152
1229.2151064248615 1.0695581777015077
1245.028238019971 0.9299950618167075
1347.5568089188848 0.5082770116516927
1220.2938685092388 1.2731632397496235
1279.467614467613 0.6788753599785126
1241.0445719457334 0.9329802807691253
1219.964971612319 1.273506478652846
1327.3398058398752 0.5215994208027795
1341.1788911467 0.5162172462635514
1316.5440883112938 0.5258765582416642
1309.9341456529123 0.5285301373600495
1323.0651185436611 0.5232846548752133
1344.2977774962235 0.5150195778974259
1226.7964283211065 1.2664149154754218
1229.5913783323604 1.0348041957923688
1226.8041776018194 1.2664069159879257
1219.639860542982 1.3838489773336908
1344.550692820877 0.5149227006696335
1223.803880118853 1.2695116597660554
1329.312710754506 0.5169417008224055

1220.2438721799952 1.4583252360630683
1679.3103941485115 0.2654187071787595
1648.1186790754073 0.35975844121148515
1518.9599073967318 0.364612175329515
1440.988401290192 0.4949808782723541
1439.5727432642793 0.5006869225516674
1427.8696419315193 0.5137888785487634
1403.6308694459005 0.5301751959479385
1294.1198184781208 1.1229341658594125
1292.1521777709754 1.147838969720705
1272.4858731300922 1.2171389201525988
1250.4750160319848 1.3758311295333558
1234.8692224857302 1.441053352491314
1234.860244043974 1.441063830125245
1233.958291066513 1.442068080285406
1233.8118913386436 1.4422882819038922
1232.9948365210798 1.4432440268544309
1232.1317278779238 1.4442550197260347
1230.7731138542656 1.4458492901089761
1229.2606002248285 1.4476282999926426
1219.744901465828 1.4589218047256238
1219.3758095613666 1.4593634046189004
1217.726414980919 1.4613400933569203
1215.772937398085 1.463688142919019
1211.7431073740831 1.4685558532350225
1190.0987855242283 1.6960500489705868
1189.2394369483934 1.697275620666954
1187.3836034301225 1.6999283952020565
1496.9237040130122 0.4722670020911317
1420.537802324596 0.5178803459332504
1308.2253252446696 0.9064220756558393
1259.2621247139355 1.2299203248750403
1382.0713496708768 0.5337861790705322
1339.963528962763 0.6896315464103974
1375.5964065455896 0.5838219109016543
1310.4150108529395 0.7904674347165601
1198.6842468886375 1.4933250216468403
1501.7322363263495 0.43033047644314615
1343.9317327068059 0.6237708407767393
1251.819832268395 1.3743530893283191
1194.8609371316475 1.5080053421289323
1194.4078659909005 1.6899311876129095
1280.4759374315552 1.1651921645773025
1244.5695287704461 1.3823594536017705
1235.0571876124798 1.427089358807303
1285.688152438635 1.1522916972002182
1209.5979811085945 1.4711602207871444
1215.3867111765032 1.4641532744987995
1210.9343685927356 1.469536647984837
1193.463689492727 1.6912681309358795
1222.7313174628027 1.4553585137934764
1224.9558544164906 1.4526661165256367
1211.771234906452 1.4685217652396092
1233.37618923598 1.4427977842297492
1210.01793238736 1.470649636935904
1226.1240401708458 1.4513314922880478
1232.146182176734 1.4442380771798373
1222.088086660609 1.4561245235717608
1229.9305708390355 1.44679049869997
1229.8230156885543 1.446966279091052

1241.5619955546001 0.3552260904183635
1233.2653776168397 0.3753096321130384
1233.237625728874 0.375318077809671
1216.5424855010458 0.4731898136372218
1973.6391444679587 0.18682999496719646
1949.0299829881533 0.24040503551267697
1653.4167453017362 0.24342636914338814
1390.1844317088871 0.24470259738618835
1259.55186723714 0.3116812019567115
1258.7871634078 0.31187054596624547
1254.3418755274026 0.3153237307563278
1253.4325750409166 0.31555248180962475
1253.0188427689488 0.3156566735749582
1248.8558865551468 0.31695692740634773
1240.5014770231164 0.35916086665734387
1234.6866073520982 0.36085236765695483
1233.2082675921401 0.3753270127476994
1233.1279529607953 0.37535145810277404
1232.2391108189827 0.37562220766024496
1227.7492822842098 0.4125548800334085
1220.5119275144696 0.46100945477177196
1219.1478333800057 0.4721785957655652
1218.0254332001075 0.4726137043654234
1217.5143634020408 0.47281209101096466
1217.138580458518 0.4729580684059351
1216.6516813913677 0.47314734430620314
1216.6441463727797 0.47315027464047127
1216.5881234079081 0.4731720628535116
1216.554492405896 0.47318514344356916
1216.2117864552363 0.4733184782510656
1215.9881251550182 0.47340553751099823
1215.7198641609798 0.47350999927379395
1215.3383489556522 0.4736586420486663
1215.1029048012947 0.47375042041409576
1214.981560202191 0.47379773558061633
1214.042583049121 0.47416418504054314
1212.8301645491204 0.4966092313573288
1211.629054537673 0.6113679437258062
1208.981154534732 0.6687892635459055
1207.9327223709474 0.6968979335058492
1205.6143663854446 1.1694680820579821
1193.6287878739718 1.229655385489006
1192.4818049158227 1.2308381236790042
1192.1385993243991 1.2311924705027908
1273.9450916414296 0.2867725561361222
1206.0175264986287 0.8348978746543035
1207.4909659851598 0.7824951690614727
1212.692739893076 0.4984353514789229
1205.9480978778386 1.1691444459669937
1200.8737934875912 1.1740846776775833
1205.9162539115136 1.1691753189204392
1222.2406077949825 0.42209787031259083
1198.32718733001 1.1765797652474126
1203.0792158100658 1.1719324066362438
1195.4833910073862 1.2154992780453688
1209.4838828774937 0.6447049084097647
1221.3219519512506 0.44278320374898783
1245.1239919418654 0.31790691299628504
1231.505632574828 0.37584592626132357
1213.5442504099917 0.4743588969265185

1762.6782783379492 0.21092336693553332
1331.4795499017237 0.21935518803065523
1318.9049443120412 0.2214465479769741
1283.9025564652522 0.23723545276758176
1282.0002693342872 0.23758747293450638
1270.7061072225629 0.23969917399566076
1266.2825502479163 0.27646110324026274
1265.0616834817715 0.2767279061776095
1263.026615924931 0.28515768771148853
1260.903005918193 0.28652738885319873
1258.4361823364547 0.28708904825997505
1256.4183053269242 0.28954203734502043
1253.1669824778153 0.291188179669476
1253.14706818101 0.29119280706556017
1252.8199488284795 0.2912688393817744
1249.4284039985223 0.3171830958806594
1249.3964813005528 0.31754890698912835
1248.1164409312025 0.32783010763852216
1247.4401196497915 0.33261076968865305
1247.3551363287343 0.33358726213026296
1246.607337638811 0.33378737014347953
1244.164167239979 0.3352617640041115
1242.8911758795598 0.3356051450959871
1242.7532283442436 0.3356423977874705
1242.643555576165 0.33567202078811675
1241.8038720734453 0.3358989956466423
1241.57921281224 0.33595977535318283
1238.5742020714554 0.33768034994412244
1238.1301972740928 0.33780144520185895
1235.78953928299 0.35853045671934175
1235.6798665149113 0.35856227809047075
1234.426980526759 0.3589262021306823
1233.8634991256934 0.3698989481831305
1232.7389920643727 0.370236370769651
1232.3405237448426 0.37035608399959596
1230.1576887123267 0.38548385835864524
1230.0809467568658 0.385507907820729
1229.5022778813432 0.39773112726492094
1229.1417191762148 0.3978477984493731
1228.6837953606248 0.3994537112289012
1228.3158608668007 0.3995733651418153
1227.0708424579338 0.3999787828064531
1225.802376406146 0.4003926827279991
1225.7078599402219 0.40042355770448423
1225.6578329858519 0.45008160081837273
1225.5549118515348 0.4501193983160152
1224.55728080836 0.45048610479184364
1224.5524880389512 0.45048786794699075
1224.3418801983971 0.4505653596007506
1224.170627213851 0.45062839057114756
1224.0974128678984 0.4506553430526548
1223.0917474859405 0.45102588637341057
1222.9290425832985 0.4863794029491609
1222.659390304358 0.48648667183817035
1221.1988940966091 0.49567618179624007
1221.0489432320348 0.49573705328908335
1219.9487613841525 0.49618412198952
1219.7235002606371 0.541453288615219
1219.3196252012867 0.5416326341080293
1219.2251087353625 0.5416746224185048

1300.6708394361456 0.24110729420488355
1298.6443004108985 0.24148354299050045
1298.3706308900312 0.24153444269813035
1295.6003102435384 0.2420509043322897
1294.009578844037 0.2423484585236142
1293.7400671205944 0.2423989445156541
1293.5986130191811 0.24242545067029506
1293.4291951502885 0.24245720440167198
1292.644807911341 0.24260432937827775
1291.9678550391682 0.24273144685796866
1291.5724849481226 0.24280575066620416
1291.4885170114176 0.24282153702251708
1291.2060919809755 0.24287464928740757
1290.6125303391818 0.2429863490208227
1289.928794306999 0.24311514568222553
1289.8659724238987 0.24312698640954794
1289.4348528363867 0.2432082753601788
1289.29165469288 0.24323528784675644
1289.1750134059923 0.24325729515894906
1289.0807873756764 0.24327507617740243
1289.0298151830457 0.2432846960200927
1288.9679096446166 0.24329638030640116
1288.926202856616 0.24330425283667656
1288.8695237554023 0.24331495234203232
1288.6945878338745 0.2433479815219569
1288.2605631762592 0.24342996728429447
1288.2447632235014 0.24343295288306635
1287.9957882846918 0.2434800094845705
1287.9903312578397 0.2434810410737971
1287.896105227524 0.24349885481813904
1287.7262765612493 0.24353096807582889
1286.8786289041961 0.24369137827293125
1285.8665515989665 0.243883182401535
1285.539012386067 0.2439453207768263
1285.4596984297177 0.2439603724105316
1285.1066799700734 0.24402738825927392
1284.573455568061 0.2441286836407215
1282.813792491965 0.24446356016990506
1282.5288567764717 0.24451787192987912
1282.5279170657366 0.24451805108860628
1282.1247646889453 0.2445949375478493
1281.9765406984945 0.24462321796994477
1332.441693963965 0.15341538242270647
1331.2533774397948 0.15355232557499007
1329.8460187186133 0.15371482800122127
1329.376221469616 0.15383157535098504
1321.2676017901451 0.1547756397763331
1320.535624094552 0.15486143247595457
1312.6454840625966 0.16238209734021194
1304.1552034989336 0.23020120398207414
1301.6191136439595 0.2306497306915409
1301.3659881636668 0.24097850228140696
1301.0143651349904 0.24104363114784289
1300.6606447633312 0.24110918402140674
1300.185277701055 0.24119733712270838
1299.2694169038775 0.24136735819961533
1298.8254470489178 0.2414498633824753
1298.6298404835572 0.24148623185100318
1298.5231079035261 0.24150608089982684
1298.0112329219462 0.24160131961392778

1266.8617905405467 0.28889370949477206
1219.43593483398 0.4101843216123325
1407.454453437651 0.18019518533624773
1331.2215849391741 0.2648061760331069
1291.1447739720365 0.27435405255968726
1283.9760269936337 0.27588583722229104
1280.3377909603073 0.27666980048663686
1271.1128519056658 0.2854450417287299
1267.711470836726 0.288700079241915
1266.1436811233882 0.2890575592192851
1265.2304953813448 0.28926618779935215
1262.894251746534 0.28980130488384087
1255.7763736855852 0.32825757477291656
1247.011302037586 0.3305648523069548
1231.8114534590002 0.3836921155119004
1222.8952685811628 0.40134450970037355
1221.5416599504567 0.40772021270150893
1221.522545296482 0.40794566788241676
1220.8481982109643 0.4097098250319426
1220.8164947731914 0.4097204648045853
1220.7536817450398 0.4097415466849637
1217.8467758291513 0.44560982813359656
1217.6106956432518 0.44716711954449484
1217.4025213016955 0.4472435845747933
1217.308004835771 0.4472783102833679
1213.185112538581 0.49895040648246336
1213.1678881824394 0.49895749049744764
1213.090167162424 0.49898945801821026
1212.7192651684625 0.5214829188336915
1182.7737474117632 1.0484516906573529
1181.02744334114 1.0500019640786604
1179.8851487373286 1.0510185135104777
1211.129423398826 0.5587133610327618
1272.938884381159 0.28378860759740593
1257.636851485905 0.2910127845363549
1240.3798757307209 0.3465292674503198
1234.831933823583 0.369608849614798
1203.189498001488 0.8587962854763442
1283.4284847205947 0.2760035369306974
1273.1690439819045 0.2782276264529758
1282.1803239621333 0.2762722173788023
1285.5756477218001 0.2755425569924498
1211.7438925636538 0.5219026776259804
1204.630717976415 0.8352779648619453
1228.7599677018995 0.39942894860217587
1186.8025043410498 1.0448925837307095
1215.1895694729226 0.48398244280784153
1236.8896962842373 0.3537768182944332
1278.850030716963 0.2769916664754638
1215.8007960826296 0.4478327940331084
1255.8572763193413 0.324093239535462
1190.6077391295933 1.0187973067766745
1211.1344403089818 0.5464907433654321
1227.6005725618052 0.3998061852964012
1245.526531119075 0.3357954724669502
1232.9708485990946 0.3701667489111519
1211.5544307215723 0.521984292318794
1212.9956506964995 0.4990283392129437
1213.231730882399 0.48793859192011574
1246.2427561792488 0.3356024882900864