1224.5096640025283 0.3859800836071611
1180.8934882813558 0.9779611066543905
1180.7560636253115 0.9780749286137661
1698.0061075656308 0.15216942800998604
1487.5100835280552 0.22948444438020427
1316.7488618347084 0.30944736507904236
1293.0357459153604 0.31166533501888344
1288.89780388322 0.3126659210124744
1287.762859990302 0.3129414828325903
1275.7848097367144 0.31315793496986194
1256.077167874609 0.33471429180998125
1253.598264107994 0.342816719207752
1216.3280986403686 0.4684365693650848
1209.3367577468616 0.5318638482541118
1208.1597809655027 0.5419543145412579
1207.9199031861733 0.542061939887216
1207.857090158022 0.5420901291094073
1207.4572968971388 0.5470689710037435
1206.8226305806033 0.5667946043122252
1193.0363594049402 0.9680072979641797
1190.0874712571213 0.9704058991736803
1176.6331713281215 1.0308972988442422
1176.004035145256 1.0783058693109453
1206.1934943977378 0.5842222764069646
1402.4920471882565 0.22997971202809303
1373.913592531919 0.24970242652055288
1207.038492133075 0.5595778130200303
1220.8481982109638 0.4097098250319427
1202.0660711159526 0.9584699611734747
1217.0126814343926 0.45923183175237947
1207.6676283159404 0.5421751735305934
1289.2631553577571 0.31257731772399544
1180.893488281356 0.9779611066543902
1228.356658735775 0.37155724054761335
1220.5455074034828 0.4169683318812746
1204.7172776981713 0.9563606680497159
1206.3309190537823 0.582376545048311
1212.4917698202796 0.5229574511169868
1206.6185017204841 0.5717504562608091
1227.6867175020673 0.3717599970917519
1208.4936928973032 0.5322348851224458
1329.1501116366287 0.30656015614658705
1190.52686860545 0.9700477436459524
1267.6071077803172 0.3299462171047836
1212.804682026904 0.4966311943370944
1235.0163384742225 0.3695536620122837
1210.843907030015 0.5254518804819897
1178.4309358117216 1.0293246054484897
1255.9440457449314 0.33474976940909107
1216.5725659708671 0.4683424381633598
1287.7802374754974 0.3129372599568025
1208.9858455468654 0.5320182235214292
1208.2972056215472 0.5418926758277682
1287.8421199104498 0.31292222292754707
1214.0041818833915 0.4849548996206349
1237.8440276032186 0.36155580705847046
1212.6672573708593 0.49668747471462416
1269.1007062166689 0.32955790500982224
1185.4492610094455 0.9719051320082421
1198.3440259539018 0.9614469597687795

1262.5504872739575 0.3135189670161355
1262.2796564266223 0.31358623468305885
1258.0013002366716 0.31465271498636793
1254.0034884371053 0.3156558400560644
1253.1962125648347 0.31585917720396167
1252.7824802928667 0.31596348991351997
1252.687934634325 0.3159873370149433
1252.54421423859 0.31602359427804566
1252.1856161671797 0.31611409639687305
1252.1506706382872 0.3161229186373174
1316.923087545961 0.2125043016117157
1310.0714581881807 0.2136156919122044
1304.6478162309595 0.2145037285263482
1297.2648355726556 0.21572451000089196
1293.9459245509167 0.2162778333201409
1293.1243164411533 0.21641524905005843
1286.4235674581837 0.21754251715727804
1265.9683076372407 0.31173214327716614
1265.7185410267532 0.3127342388891205
1265.3336323394783 0.3128293712101781
1265.2242857432584 0.3128564073865501
1264.6810049373705 0.31299080402923596
1264.569759986639 0.3130183380156362
1264.5415490681899 0.3130253212063533
1263.554657222524 0.31326980777068175
1262.542245908361 0.3135210135412613
1260.9124684651313 0.3139262514056073
1260.6184583550535 0.3139994674458139
1259.5549422515783 0.31426459561046094
1258.5039052967913 0.31452705304279593
1256.5367363309863 0.3150194603395842
1256.1217454589375 0.3151235348061168
1256.0272289930133 0.3151472479567173
1255.955002770376 0.31516537113409565
1255.312301564459 0.31532673111108206
1255.2419257064346 0.3153444100849958
1255.1316287976038 0.31537212153202765
1254.8482184917093 0.31544334903836413
1254.7681181761063 0.31546348591580536
1254.320502745217 0.3155760618673815
1254.0302254160215 0.31564911000812035
1253.9451076858734 0.3156705362536573
1253.5930655758123 0.31575918489468646
1253.4161289063677 0.3158037585819347
1253.0225853060651 0.3159029447814485
1253.0223089379635 0.31590301445738045
1253.0196290183665 0.3159036901009694
1252.9928920394502 0.315910431009362
1252.9579465105578 0.31591924188535747
1252.5563342111075 0.3160205363738438
1251.9226855976065 0.3161804871256073
1250.8567553784042 0.31644992352150164
1250.7516964728854 0.31647650424308726
1241.928629169358 0.31874301827390106
1239.8151039756306 0.32658542881824293
1239.2194491228074 0.33750452374138235
1224.4451143384258 0.8204706059072817
1233.2315485558602 0.3979806570455914
1273.2967625908905 0.27587760243341986
1273.2648916091603 0.27588450790146885

1340.8680921388332 0.18672010438275224
1325.8654842565004 0.19868011319273213
1321.612872309779 0.19931941494337466
1362.1965716783086 0.15416878662918626
1327.7010949482258 0.19840542836992267
1326.4794163322438 0.19858815843429448
1325.8579887513408 0.19868123639583998
1249.4618384516664 0.2653567105703852
1248.4105336175273 0.26558017135117934
1248.145120510919 0.26563664592066133
1247.920150690495 0.26568453378311613
1247.0532381732328 0.26586922938465835
1237.5232742839883 0.2712450399479167
1226.7284311051944 0.3696165719895685
1223.0102885287934 0.3763015167743706
1215.164257381497 0.39039117680833485
1215.0143065169227 0.39043935689491543
1214.9197900509985 0.390469731697
1204.6953610329908 0.5078412677093048
1194.0568961302283 0.5481058560166915
1179.4871322145568 0.9882877542397771
1265.7915002951697 0.2117528292025375
1320.565264027841 0.19947753561755385
1192.8960306666067 0.9653011508111231
1210.7488852581225 0.5012115544551888
1348.1563704752086 0.1587219322756427
1222.491032679206 0.37646135170041134
1320.6843739166331 0.19945954513659325
1333.0703255312465 0.19323043584992464
1193.1076303635145 0.5485419425125037
1332.6435770275514 0.19329231345980383
1206.0008591335602 0.5072915286229981
1317.4524615022547 0.19994884991147535
1193.9326814633641 0.5481628799907969
1231.4349367779923 0.30949399365711233
1351.0839757947706 0.15543681693252673
1249.469333956826 0.26535511870851297
1325.6688833368685 0.19870957808661116
1190.0869003931964 0.9675796875169766
1255.624043945564 0.233711190871231
1326.159407187054 0.1986360787872181
1212.01307737022 0.4939449808331807
1337.9227053147672 0.1871311617129347
1235.2482378173036 0.29184475183191133
1180.4363979812706 0.9754900079070306
1317.3333516134626 0.19996692877150565
1197.677842417955 0.5331274302625416
1197.5278915533806 0.5331941868864666
1215.9635722836365 0.3784822482302901
1200.2750998431247 0.5286553041850471
1252.6009851371396 0.25965890381471446
1221.217505711978 0.3768539383455152
1335.9697441435767 0.18740471573191395
1202.8975965493908 0.5086002508488615
1249.890726193421 0.2652656560181984
1233.102835054692 0.2923525152714513
1356.9553220693613 0.15476426466703339
1198.3529426532302 0.5328270893189085
1228.5093936169183 0.32842300883057435
1227.23586664969 0.3287638198920582

1296.7642549997774 0.27162884100759926
1247.0945550605138 0.3611440252036089
1240.5117518246875 0.36306044401561355
1218.0565834770237 0.44553307279137544
1216.17648412576 0.44622182681026573
1214.3757519633093 0.4733862885022031
1213.7495042627284 0.4979035677630253
1204.2602850683272 0.6710920223105491
1418.810353119268 0.223826815628291
1332.5141773816647 0.26078162348108075
1267.2666530780216 0.2880995373014659
1242.4386060235627 0.3624973863823387
1241.7849436311678 0.36268820115266975
1239.7404332354151 0.3632863261938433
1237.869616005872 0.36383536811999845
1237.7196651412978 0.3638794471061767
1234.6152847003639 0.37730809486790706
1232.5852344845257 0.37792951589259133
1229.7335324790226 0.3788059190563215
1228.6369503670799 0.37914401062569125
1228.5741373389283 0.3797998551361776
1224.2955669882085 0.3994226068787558
1219.81162287711 0.40858975050339347
1215.4820560277592 0.4729554230917039
1214.336240985802 0.4734016911183534
1214.2640111412431 0.4734298511644798
1210.3700676775143 0.5314097886149713
1210.2583268554483 0.5314588526580075
1208.3662879028145 0.5322910017017352
1206.4889325803777 0.554684015004415
1205.599928518638 0.6703463155375329
1205.4196802084216 0.6704465534817272
1204.6878939379928 0.6708538154666471
1204.4325789079776 0.6709960227309067
1203.8402946557364 0.6713261498909165
1191.4456586921708 1.2319085277418944
1189.7507324479604 1.2336635122417485
1202.0824945282902 0.7856521446270465
1197.329796497169 1.1004131366186993
1201.6625041156997 0.7859267361760416
1263.9135461355343 0.32323595567431224
1206.1236288936602 0.5653436039053573
1202.868182530068 0.7775939347212163
1202.9245632972163 0.6718371997322836
1205.931802969959 0.6701618351091071
1248.6521156221227 0.3393502286990678
1242.7110901307176 0.36241790308371935
1191.605335581375 1.2194550958231039
1252.9228612527047 0.3381935106350327
1227.9545499211404 0.37999149025128437
1225.1553310578388 0.3991423083751401
1206.9494333421262 0.5424977947389056
1213.534528412101 0.5068645461303012
1218.2460453191052 0.4454637834084928
1234.9884743977666 0.37719407963888235
1221.691722228374 0.4079609590408031
1237.9792887739507 0.3638031358909875
1211.845361871953 0.5279211084488524
1195.8438658283505 1.1790230824002186
1207.775497923489 0.5325513747515538

1312.294425683703 0.2462073085233215
1299.7820151760118 0.25992546398628746
1287.977003100824 0.2829011975493307
1264.1971354711236 0.36081847403566497
1263.3824510677014 0.3610511456095142
1262.7729881888629 0.36122540279799487
1261.2813960651692 0.3616525881726246
1365.5885732288798 0.14937894728139967
1364.4917468429471 0.1494990233252894
1360.6447093382853 0.1499217114419561
1342.527189294056 0.2330951991652888
1332.2458709377481 0.24252015756695097
1330.5738257578637 0.2428249168013765
1330.5738257578635 0.24282491680137652
1326.8504646109793 0.2435063235497841
1325.7904340404452 0.24370101808102648
1307.2812392929177 0.25596851633594453
1303.9736718852182 0.2590899269363434
1303.5521715351435 0.2591737030193335
1303.4144462801473 0.2592010886022067
1301.3742861186142 0.25960743729099894
1299.6201721760679 0.2599578327642997
1297.963511226279 0.2602896309900645
1297.554620278314 0.26037165456910905
1294.116473721617 0.26106339748854185
1291.9116986186473 0.2615089279994079
1290.8414754022006 0.27067114112533247
1264.4284873153067 0.3587582230087508
1264.0905263385794 0.3608489042491041
1261.176020843864 0.36168280538329495
1246.5305808074838 0.4187019059936614
1243.228756571391 0.4198139138149097
1212.2070747830765 0.6267932988001688
1206.333708586713 1.2045665211387533
1204.9802777297812 1.2180714443303855
1203.7387433764516 1.2193277614102065
1203.4295593725674 1.2196410299653817
1211.7454162953254 1.08732198959634
1233.113052371908 0.46685426616042414
1209.7854094214765 1.1654360432670183
1212.1802331280749 0.7207040527255587
1253.8958714642818 0.4048160569030042
1234.4531129037402 0.44353605411426417
1224.8675007615616 0.57669135024651
1206.8348808631956 1.2040662908627258
1338.4376392287397 0.2413982310927264
1218.6583983442508 0.6024303161374959
1323.8657320457612 0.24405532276937447
1241.007952010528 0.42875372675513335
1351.37841634677 0.21769922012563636
1246.3530564911691 0.4187615438059282
1283.8674298475821 0.3186271264568363
1347.0386260987648 0.22304947945013512
1256.4800969531316 0.3900340458570221
1276.2353128399616 0.3428722852678929
1285.6927996423824 0.3028921464805944
1319.506866463761 0.24486153634321842
1266.6477736870124 0.3581296447634008
1280.2166002682877 0.3195357643684134
1238.5164024027124 0.4296162596837839

1348.0610184267146 0.17147687926141345
1291.1756275038658 0.19225682252935475
1259.979105833841 0.22649673509645243
1256.324958148798 0.22715552366453282
1248.8046548526709 0.22852345453082945
1246.1177607085706 0.24452419686628102
1244.683557937787 0.2448059530431283
1243.7985939370838 0.251628816492752
1241.4129030591935 0.25367111365465395
1237.2774310877833 0.26813589653056014
1235.8359320364136 0.2684486545840099
1233.2086983237652 0.2690205588824444
1229.762291290785 0.2986674686105801
1227.829276807139 0.3211221416896597
1220.1898298516214 0.32356379209607095
1219.9482870168633 0.32362785588992166
1217.91125970189 0.3355381195307912
1215.1930850274823 0.3692479034795362
1214.2316024672396 0.3781811677649681
1210.8763604803337 0.3792290776706819
1210.3694104664444 0.3793879136297949
1209.8038732674818 0.37956526301901033
1209.08356220201 0.37979138887794056
1209.0035626224583 0.37981651961565455
1207.7261222093043 0.38176804347438664
1206.8049920522785 0.39198207986000433
1205.5444557127703 0.40016363253705267
1205.3029128780122 0.4002438253725112
1204.1870157200647 0.4021690614758069
1203.265885563039 0.4124287573918974
1202.9235699198066 0.42704022772364175
1200.5477108886314 0.4467238530081663
1198.673638426537 0.4746461809171283
1197.953327361065 0.4827482801606894
1197.711784526307 0.48546734937416314
1196.5958873683596 0.49804335339324357
1195.7444203692678 0.5029033678276899
1195.5028775345097 0.5030049758684207
1193.0466862801184 0.5056042702940462
1191.0096589651453 0.5064690237420165
1190.4694336911089 0.5262000054263172
1189.5198705425526 0.5265162302877614
1189.4905124058184 0.5265292253771046
1188.4625949828153 0.5270885470965825
1187.5333655040572 0.5275009870583599
1187.4705524759056 0.5275288900108002
1187.202743539446 0.6178908539860363
1186.6194625162266 0.6258486622889337
1184.7213492763285 0.6268513720255218
1184.4169934134188 0.627487131607746
1183.004887371977 0.6277608919364347
1182.3799660984457 0.6285681787021897
1182.0128448650676 0.6305203312964905
1181.950031836916 0.6310295097200889
1181.558056119983 0.6615644715747879
1180.9959478746032 0.6618793505927827
1180.896652043916 0.6619350047940357
1178.998538804018 0.6630006783764865
1177.2820768996664 0.6639673247132669
1176.7199686542867 0.6642844957631565