1315.6245575550226 0.2349588460866715
1298.5524735208471 0.23804785268960735
1227.9563687138768 0.38489669057582
1214.847453686479 0.4982676657902561
1214.2997475787502 0.49849240786434545
1326.6171467194722 0.2228700108466261
1317.915993642896 0.23356713649624405
1299.554932865089 0.23786422575066807
1251.9793016268704 0.3143026670370658
1245.6280930461264 0.3400180182315315
1243.1443709341029 0.34069735225750103
1237.449888074756 0.3688269035590869
1235.690169512775 0.36935214165223035
1228.0508851798013 0.3848670671494797
1225.1634726229004 0.40060148131324513
1224.2875991078156 0.40088807755733163
1220.7536817450396 0.4097415466849638
1217.1185429936893 0.44734793552494956
1217.0020455232366 0.4473907578875681
1214.9419701524034 0.49822890303449335
1214.5358839335292 0.49839548838947834
1214.5242438910775 0.4984002650291146
1214.3859330689552 0.49845702964448524
1214.3445076786752 0.49847403369635046
1214.3230362210622 0.4984828476311655
1214.228519755138 0.498521649912874
1213.7649697175862 0.498712040750724
1213.7197444680305 0.49873062360446946
1213.4878033460618 0.49882594894690796
1213.279629004505 0.4989115374303795
1213.2083985315971 0.4989408297636616
1213.1851125385808 0.49895040648246347
1213.1678881824391 0.4989574904974477
1213.113882065673 0.49897970338025416
1213.0901671624238 0.49898945801821043
1213.0733717165147 0.49899636671033637
1212.8596385919145 0.523375140301138
1212.7651221259903 0.5234159293770368
1212.653381303924 0.5234641599160621
1212.5756602839087 0.5234977117757792
1212.1506529611625 0.5358913202081494
1212.0242451210584 0.5692003948506114
1211.946524101043 0.5692368971503426
1189.527936272578 1.0197221276312598
1189.4161954505119 1.019817926384679
1182.3559818004321 1.025907574980606
1178.3539445573995 1.029391859428369
1211.5215167782967 0.5816529870292613
1322.8487542102475 0.22350489951151103
1305.4201297036807 0.2367955119526025
1281.8058535764483 0.2502159471667826
1281.647825291151 0.2502467990094686
1298.7068004638204 0.23801956516745543
1250.7284705364928 0.33766000633633253
1300.0583361630167 0.2377721209332371
1240.7583502179855 0.3413525249107981
1212.9956506964993 0.49902833921294376
1218.4143089002207 0.4468721874982101
1235.3798982347002 0.3694449061218593
1231.4958806881693 0.3706100992177972

1339.1137583313027 0.2706576010830128
1324.916492102562 0.27355785784810893
1319.2870822836082 0.282971672663984
1418.9032655817302 0.23746236684633984
1349.9610331004844 0.26848279951813203
1341.1287527473737 0.27025094843781955
1340.9907888106668 0.27027875242055854
1339.9790978828414 0.27048281423185094
1335.716821924113 0.27134592561700877
1334.1532342835972 0.2716639349166129
1333.3534279591008 0.27182689136066424
1332.9260737355307 0.2719140427581737
1329.8888192766613 0.27253505116641474
1326.8462381654485 0.2731599992387466
1326.4918828694715 0.27323297042962186
1324.4695762496617 0.2736501644933879
1314.5369588642957 0.28399420030024347
1314.3034179600234 0.28975631388585765
1312.2700094677277 0.2902053014761409
1311.4792658978045 0.29038027791844306
1310.3296110332722 0.29063505129474637
1309.9223368738715 0.29072541401540275
1234.0107161819392 0.44703504782572473
1233.3147124296 0.44728732574601393
1232.5141293935367 0.44757786249257
1231.8194311631578 0.44783027899223243
1221.660039343169 0.5733501666047691
1221.4869671113845 0.5734314044694374
1221.4821743419761 0.5736305954288626
1218.7808379497096 0.670964529133621
1218.151701766844 0.6713110607372669
1217.9786295350596 0.6714064526437307
1369.7220749771461 0.26460938611451895
1258.5745277040385 0.32495839672875
1303.7013493531906 0.3081679278356726
1353.0365942566227 0.2678725164904635
1246.0934614821942 0.33891597728475703
1304.4255091204407 0.29914438533658205
1237.7227942951192 0.3965365300257917
1256.595701533361 0.3360834218763015
1241.8148911314745 0.39522984100828495
1242.1877793693786 0.3674201421944869
1256.737265253336 0.3254334632974411
1221.3021833737916 0.5752505933838015
1302.5216640952156 0.30844703349008873
1307.2230759754586 0.2951611068746332
1345.1612043861637 0.2694408047343294
1337.31340220227 0.2710219734658639
1317.5109162771928 0.28335315312046816
1309.2845696062225 0.29086702964063577
1316.6653227542445 0.2835351291980977
1328.841069313573 0.2727499366003421
1237.43760472679 0.39662791894220484
1333.3129291095163 0.2718351479943065
1234.4455491576905 0.4459145195245069
1341.5685840147132 0.27016234706583797
1334.5398818247972 0.27158522749550185
1224.8991809543122 0.5095255242490049
1235.6426886175225 0.3972040675712969
1229.4288755207708 0.4923580510366591

1336.2354443181796 0.19555943505710602
1324.096984558902 0.20582737910974236
1308.1918307092228 0.23944625563188557
1305.176449312162 0.24028679612626383
1300.4167432877105 0.24524124548538412
1273.3706254520828 0.28497603930864845
1263.582883667587 0.30315815913943334
1260.8745272057015 0.31848957772756503
1259.0545409853835 0.3215949223854285
1257.6399541589165 0.32195665066796336
1248.0928476059478 0.3336433041057477
1240.6977334880692 0.35711211197467385
1237.3583907180007 0.3688541767299233
1236.7021009114555 0.36904991929081254
1234.147578200065 0.3829658225953708
1229.4181427908904 0.3992151123371644
1227.9981287819262 0.3996767507051897
1227.0232280446774 0.39999430391039237
1226.9604150165258 0.4000147812242197
1226.0009611711603 0.41041948299341013
1223.0691478341507 0.4287969989287664
1222.7449303220833 0.4326228734420105
1222.1110459547194 0.45884270574363323
1221.9340584231256 0.4609369553167204
1221.8780688739707 0.46159959208966145
1219.9261617323627 0.48757663884853003
1219.619215628145 0.48769934907470924
1217.050206596794 0.4973658455161325
1217.041266164664 0.4973694991848364
1216.9002557322196 0.4974271327401211
1216.8913153000897 0.4974307873093205
1215.9242637018042 0.5201083661251729
1215.4673667330119 0.5203038760519962
1215.4590357572924 0.5203074423087195
1213.0452213361123 0.5354961235419112
1211.9311421030977 0.5449457235653372
1211.8358417959134 0.5453638952217892
1210.427109100019 0.5680060080133482
1210.3946218209862 0.5683970167534727
1207.6271349981296 0.6836613212502336
1204.424614621753 0.7113571673020104
1202.1458026019961 0.7453725564363496
1196.0877870940942 0.8346781779815619
1195.524913611916 0.8389122486893846
1193.6414760861958 0.9798799060994402
1190.6422165298827 0.9823482497644023
1190.212282268353 0.9850908419080804
1189.3100908092174 0.9858381159377134
1187.6667777330035 1.0010550003546501
1186.4892866198675 1.0207045125608163
1186.1056083728772 1.020926789861045
1184.2076099907326 1.022671158959568
1183.1499438497988 1.0252191316561343
1182.0874612560417 1.0261406180248451
1181.107760908929 1.0269917768715973
1180.859326788534 1.0272078396937745
1180.0945599854426 1.027873527412632
1179.9571353293984 1.0279932395290576
1179.9571353293982 1.0279932395290579
1178.515915354471 1.052239616777689

1260.9342286801484 0.29290348066207955
1256.878162319687 0.3102006951346366
1388.9086853153447 0.17388649865165293
1369.0740292845724 0.18103073909277237
1357.5750912659387 0.20727777140363518
1327.0935750354536 0.2119353262084136
1326.8917825044755 0.21647945825842588
1326.5787967726635 0.21653053323552496
1321.342438891512 0.21738862371294046
1315.3532556547082 0.21837845689685223
1311.921914588452 0.2189496272986904
1302.637921709992 0.22051009682495304
1283.5890899832077 0.22697313095813418
1279.7345896266752 0.24521973518913714
1261.8147062950698 0.2926990964868366
1259.1453639933472 0.29623380514977166
1255.7227482509547 0.3104861166162402
1253.1148846335134 0.31485850131773513
1252.2060614877228 0.3150870185741574
1248.6769438512829 0.319946868187719
1247.007989691028 0.3266393973134561
1246.1044879022543 0.33120670145050646
1245.5084195435036 0.33259797312788114
1245.4893306852227 0.3343215800813188
1241.4565640971325 0.3863607396909112
1237.1779937464128 0.3952635186111858
1233.7859123274313 0.42729978106250305
1368.6035064985924 0.18109297705088187
1377.56114447479 0.1790651544054756
1280.3704899060892 0.2275436968549312
1273.39062527308 0.27394438117731706
1276.706238928835 0.24580139707308568
1273.0562932437963 0.2740163248779657
1262.6538280619745 0.2875819400000296
1388.4381625293647 0.17394542641811594
1364.3157583706122 0.1816621129481815
1241.210760334503 0.39397928424721956
1273.72079906733 0.24637752434475538
1321.114191573995 0.21742618168524722
1379.9081567970627 0.17876059201716796
1286.3842804654344 0.22647993996924415
1323.7281228552138 0.21699683589448382
1289.0017897279229 0.22284283585421272
1244.797898774496 0.342627133558625
1236.777659391239 0.39539146203306547
1251.0506474189906 0.3153780187625882
1241.2967231695925 0.39395200021785876
1324.9643982485745 0.21679436415335018
1376.9783736990978 0.17914093913886395
1372.6906255711176 0.17970050530193707
1235.629679799524 0.4057718212851284
1274.6014511641706 0.24620729632310168
1239.7245999039942 0.3944515798060346
1288.626446605621 0.22608587258519494
1249.1034470454522 0.3198376231435481
1284.3260318007142 0.22684289456370488
1287.9299533513633 0.22620813644335644
1260.8071491921717 0.29293300303937014
1264.3133484975651 0.27591119499922184
1245.6779847080848 0.3313201021189241

1314.0741952062772 0.13274650158188006
1296.6620017403895 0.1565392092871311
1283.0367091551898 0.17873754998904978
1281.7255845615177 0.19245158513910643
1275.0618436381203 0.1934573775326777
1272.8793086035248 0.19378908808945408
1272.1041067420626 0.20364223791848185
1269.5399658334559 0.2040535423334824
1267.094611875502 0.2044473433430543
1265.706481742621 0.24994749261580476
1264.900237078811 0.25010680860472384
1255.9453829743056 0.2504394359899255
1252.5846387867919 0.25111137691332897
1251.6100111809453 0.2565132521003004
1249.9961459905815 0.2618378750087631
1246.2455122668625 0.26978204475186524
1246.0955614022882 0.26981450939752344
1240.060817566751 0.2821353668562461
1237.012692610571 0.2828305770653835
1235.7672654647563 0.2926521900310622
1235.69008721124 0.29267046838835264
1235.6272741830885 0.29268534627163845
1233.1699204820738 0.3290526498305266
1232.4577952789766 0.3292427794122355
1232.2328254585525 0.3293028895532981
1231.206591780263 0.3513853545745035
1231.1120753143384 0.35141233156754736
1226.1028297163527 0.38600747344579284
1224.8343515539461 0.39147886343251315
1220.815292906622 0.40796280019802245
1220.3751774430966 0.417026528901965
1214.523264242917 0.43757217230290946
1212.544929840688 0.46261560077742875
1211.843960427684 0.4628831924779386
1210.9175034062657 0.46323733830749453
1208.422037543498 0.46419395191448876
1206.1451183254112 0.4650702412713625
1206.0567768576298 0.46510430682161163
1202.7464561412673 0.4663844140414496
1202.6190213730422 0.4664338341725559
1201.9898851901764 0.4687317642978652
1201.4977325406142 0.47393743042387676
1200.6347640309953 0.4744678548145461
1200.0056278481295 0.47677379671711656
1199.4513310940406 0.585136397602723
1199.3139064379961 0.5868652051906864
1199.0112156305152 0.5937784095988733
1192.5268454240725 0.6001688738465255
1191.9756146533803 0.6889604599532517
1191.863873831314 0.7007521547381863
1191.6354680241275 1.2369461119023637
1191.4207634708087 1.2371690205258978
1191.118072663328 1.2374834139503683
1191.006331841262 1.2375995152760044
1190.9286108212466 1.2376802820791728
1190.697023921495 1.2379210070777675
1189.26427448166 1.2394123750331563
1189.0945973433277 1.2395892322365103
1188.8498428521134 1.2398444327007867
1188.772121832098 1.2399254927897643

1199.4073075793076 0.35010603349453473
1198.8730501186028 0.3502620523160553
1193.7401247111716 0.3855283215141965
1285.1598754027004 0.1976890410082459
1264.4464672448344 0.24898637384836014
1244.2220913435171 0.2530335564647512
1236.2117259251397 0.25467315525506146
1214.5510660280538 0.2832392566602833
1204.7225897596625 0.34217779072780785
1200.508281127395 0.3497849549247632
1199.5242271542568 0.3500719080907316
1198.2515222869044 0.3504437317129542
1197.3144654979558 0.35071800024257516
1189.2209743842022 0.42809002231732013
1188.2066436950367 0.4369043182644288
1187.342231290333 0.44529220905813055
1181.0070859574869 1.2152824711187098
1180.8601765909034 1.2279673502572461
1180.5571105680317 1.233249751754866
1179.8220267420759 1.3348466259733494
1179.6751173754924 1.335012859429849
1184.0393614953402 0.4474674115427295
1182.448305932414 1.213801231419885
1284.5997436931275 0.22850733962380335
1182.8543022799295 0.5575243786718913
1259.0231513808944 0.24908297071716776
1182.6843861183136 1.2135589398806357
1189.8128513800507 0.42787706728320035
1212.9674441608179 0.3338142509183693
1251.3122959050363 0.2506178735507632
1217.5982585365941 0.25985400539563286
1230.1979353657946 0.255918118340076
1241.3471630912836 0.2536195757040686
1204.962065676664 0.3360320049026038
1193.98459204167 0.38544938491801234
1183.483438462795 0.5139928465437699
1213.5666961742986 0.2940137944963099
1192.9005588990026 0.39151817590726345
1190.6331832313388 0.42303285642525307
1192.4290003285869 0.4031985150424279
1183.1723401809923 0.5573745155647492
1185.4805814702675 0.44692341362178123
1202.4017886330053 0.3428382410113532
1188.581962823925 0.4283201742813043
1194.6556413554886 0.3641741280013096
1191.1020400813463 0.41587560547155805
1224.850218050377 0.2570354612874894
1234.4717748887815 0.25503210944861404
1201.3778830822337 0.34953176757642
1200.7527484578939 0.34971374043511166
1196.7802080372508 0.35087456508796183
1194.900108685987 0.36409962078831165
1194.9862380073123 0.3537100732283586
1204.6445815789311 0.3421999488542374
1193.3089378464856 0.38566762722366466
1199.557258443882 0.35006226842867766
1204.4001142484326 0.3422694080870982
1197.2836113351784 0.3507270382935148
1193.8346411770958 0.3854977990505266
1204.4946307143568 0.3422425502713625