1225.2286632412984 0.3597165095154583
1212.2262533315086 0.38527646928561454
1350.1815462910295 0.19522062212389305
1341.6410079521122 0.21539027125497004
1289.3243441047773 0.34183406224712864
1251.951194353213 0.3425011873680888
1247.4045578680102 0.34318532164878535
1242.3599906447173 0.35000321708216703
1233.423781237458 0.35732648000128087
1232.492988759503 0.3575963369520243
1232.3913447013524 0.3576258304591184
1231.391693286379 0.35791615332664994
1229.9176884756737 0.358345100838159
1229.8629044754166 0.3583610632499246
1229.593928802779 0.3584394553156114
1229.4163953654947 0.3584912156376637
1228.3178089350486 0.358811844046752
1227.8859037870645 0.3589380550262278
1227.5942381851162 0.35902333555347765
1227.441011955869 0.359068153831002
1227.3723539340976 0.3590882397560631
1227.2643781810184 0.3591198326416702
1226.9406185081236 0.3592145955974255
1226.1985328004791 0.3594319894453543
1226.091800220448 0.35946327837785697
1225.3393539229294 0.3596840146269976
1224.7835549860058 0.3598472369303542
1224.4427856199463 0.359947384455618
1224.2715454120696 0.3599977306922596
1224.2209013689278 0.3600126232174434
1223.2197322071215 0.3603072828985589
1222.8668226363145 0.36041126469462414
1222.1667542317375 0.3606177115957469
1221.0107873220952 0.3609591190148818
1220.7950668213539 0.36102290226894085
1220.6927494210322 0.3610531628933562
1220.6666736731677 0.36106087567149975
1220.637965420775 0.3610693674823737
1220.4447894221494 0.36112651872447904
1220.3689897481374 0.3611489490489353
1220.1471054971187 0.36121462413327954
1220.0349188233013 0.36124783913933434
1212.7067434274727 0.38512381776561344
1212.4529364784848 0.3852044370607867
1212.3579079349847 0.3852346306334636
1212.2120729047476 0.38528097624019575
1212.1888784564335 0.38528834834189435
1212.0883695943364 0.3853202972446662
1211.9897263891824 0.38535165826060847
1211.957412816082 0.38536193262243573
1211.9350715074454 0.385369036542502
1211.642114962501 0.3854622128856482
1211.5642051458988 0.3854870000906394
1211.5322824479294 0.38549715729837813
1211.4028852463591 0.3855383345598617
1211.3889990149812 0.38554275401102317
1211.3623465870805 0.3855512367333753
1211.350491671806 0.38555500994127584
1209.4915026258745 0.386147608184859
1208.5598131877437 0.38644529278778844

1255.147202440904 0.24977903990255942
1213.457028702014 0.38311340496948276
1296.8131489905334 0.187060145869485
1255.6029649605678 0.24968837435957963
1255.0189699288378 0.2498045612647983
1254.8548800017747 0.2498372267250768
1251.0330326810476 0.278193799297054
1250.3403562232293 0.27834791596978636
1231.572509733357 0.30823209028909554
1223.1029521038888 0.32849302478800696
1214.871313251708 0.36888725359602204
1212.9753427609007 0.38326554354519843
1211.9846387267753 0.3880480956850788
1211.3715563617038 0.38824448913927107
1211.2944360695417 0.38826920776055845
1211.2341752680488 0.3882885247631104
1210.290209426334 0.4066666247765096
1197.1071286796453 0.9076404005449701
1195.39481178411 0.9155382173550226
1194.9733678644764 0.9158611099192193
1197.1378207743887 0.7212562909758822
1276.4424131077371 0.20023459638771712
1250.9339510793723 0.27821583394339705
1226.4776028123556 0.3179193278099121
1221.2897750705126 0.3289807190439713
1216.6926021647255 0.3415194100724964
1218.6631776676516 0.3296897746042501
1215.4873336447383 0.3596058370506473
1210.6867293569117 0.38846410029397954
1198.3744304779707 0.4988547163589736
1214.536650116599 0.3689888997380123
1240.6717400120863 0.3016055576527772
1209.2897483540326 0.4501295445568971
1197.33065999043 0.7078727927013316
1250.1173013225273 0.2783975808025917
1256.2321011434335 0.2452288077100654
1228.7315437556435 0.31337628936612827
1213.0078300399334 0.383255278768378
1267.1481757850363 0.22982654613642883
1243.6996122458543 0.29808345112823226
1211.8961088971103 0.38807644286068294
1203.110595749789 0.4932408486077375
1272.0613290834915 0.22893887427076784
1259.16558054029 0.23128355252435592
1275.7995527551132 0.22620255990087054
1232.982975159583 0.3034863412951468
1253.6075525006086 0.2539888979750086
1251.563087262238 0.26274434073340186
1216.664882309747 0.35925779267170177
1244.5559631133674 0.29787834663351237
1220.4760151295447 0.3292000689756292
1246.2494252626882 0.2931271928175807
1233.2659718826778 0.30341670048606856
1230.013019664269 0.3086228868709978
1224.1889894083665 0.3229383824620013
1215.3556776521932 0.35964479211892275
1254.822392722742 0.24984369499639905
1205.0417688813613 0.45273772563415876
1231.2418076667311 0.30831487905457144
1235.8709273567604 0.30277716202184585

1216.3280986403688 0.46843656936508477
1210.2644960267555 0.5283518986390713
1210.146264657582 0.5284035186541107
1209.7212573348356 0.5369675119519967
1209.1231697462476 0.543929750548664
1204.6558659684395 0.678249483499964
1180.8157672613409 0.9780254758276785
1382.1586177915055 0.1885141116774634
1323.0153851644106 0.22260638645685657
1297.8624935417342 0.23925335305285944
1283.3378637740727 0.2465037393887461
1262.1572298568492 0.32873243405996333
1257.3236511085388 0.33827690860474696
1240.9779188121304 0.34630305470495265
1240.0188288916702 0.34657090206456814
1239.8448674806389 0.3466195290861632
1237.1669609047074 0.36788664680196825
1228.3665269490593 0.3995568840536852
1220.7536817450398 0.4097415466849637
1220.3797604646509 0.4288943233915772
1218.7700907833462 0.4467417371125411
1217.6106956432518 0.44716711954449484
1217.3080048357708 0.44727831028336795
1211.2225067148424 0.49765543184462036
1209.6284996359286 0.5437025204851182
1208.6981624235013 0.5441210093213085
1208.5118777946368 0.5468638969914211
1206.4600751608368 0.6028622822483861
1205.7434225209388 0.6285961784666922
1202.958354760443 0.6863146670234208
1184.9549756926265 0.9746091002027804
1184.6580754035583 0.974853357790338
1184.52996836988 0.9749587882777655
1181.3705327901394 0.977566200092237
1180.893488281356 0.9779611066543902
1180.7560636253115 0.9780749286137661
1176.869251514021 1.0193582115509685
1174.7657816866456 1.0632138903378767
1174.340774363899 1.0635986795735943
1191.0811574976897 0.8447799616236273
1269.024376693755 0.2886353688627166
1190.452021314824 0.8915147951339767
1254.499772578654 0.34257036429960047
1200.5329736712497 0.728990617912048
1290.196406329694 0.24067494829314848
1258.687485637877 0.33228436348145207
1178.5132706793854 1.008830189853809
1195.9897662059668 0.7756019603772839
1236.588323353034 0.36908387529537734
1200.027309089097 0.7752168326771912
1189.520398551411 0.9685787834437567
1279.2840879294777 0.2605922820612126
1204.7793375691524 0.6781799732197001
1217.1185429936893 0.44734793552494956
1200.6564452719626 0.7289156508897554
1175.3790629644486 1.0206505911607724
1204.7932906244841 0.678172119023661
1175.1429827785494 1.0322045707022507
1213.8441496320256 0.4850188356905338
1185.4492610094455 0.9719051320082421

1305.31258567112 0.15322117308936156
1300.7211675065525 0.15376202880455486
1297.6994528949601 0.1541200662284825
1289.6254224124245 0.1550849744034248
1285.6694976827127 0.15556216118164035
1281.5529913146063 0.15606184604171291
1278.5331882906544 0.15643045284747786
1277.8378264140708 0.1565155777130894
1273.7011380571976 0.1570239043123595
1273.4783960202303 0.15705136910831394
1269.7493145369258 0.15751260767388306
1267.3405973215865 0.15781197733862742
1265.9470035896275 0.15798570165870052
1262.0626059909484 0.168380982358344
1261.1718457520947 0.20315734681640832
1260.2241931173169 0.20331011534444998
1255.7452140749213 0.20403527976118693
1251.33563943664 0.20475427853864894
1246.2282206284362 0.2176733891454545
1243.243603552855 0.22234815178293582
1242.1833312085375 0.24193674415182007
1235.0984124879678 0.24553682335956312
1233.3910457827312 0.24587671669553884
1233.138926653524 0.24608641814726326
1230.037685454063 0.24654703211535112
1227.456764571245 0.2470654360234558
1226.9640172815634 0.25387069957274583
1221.7012036332594 0.25703459813067764
1220.9176541061383 0.29125968725107354
1220.9022753373465 0.3014066794925276
1220.6456413830604 0.301470048569829
1218.7091480641602 0.30194907569113294
1217.5783113360696 0.30222951359120515
1217.1511107042627 0.3391483087452067
1213.8154645082209 0.3548784860126577
1211.8053555842919 0.3688250864212763
1210.6482010660177 0.3806267203241705
1206.991822682517 0.392039989041926
1206.0205900682697 0.3923557067225214
1201.6355067785316 0.41135790027424657
1200.0433986803314 0.42928980724379123
1194.6795936879635 0.4539986107950932
1194.6332498786771 0.45401622291583155
1193.708361073716 0.4543679960419474
1189.1059611306332 0.5057052482501241
1188.5552463874985 0.5074497340763423
1185.7666183605647 0.5086431295799718
1185.3591127790523 0.5250039748729535
1185.2619892712348 0.5250469950896813
1184.2907566569875 0.5254775842526697
1183.1947326694403 0.5957104993976495
1183.0167976642379 0.5979299126035054
1181.5755776893106 0.6199511012405455
1181.4854704308036 0.9966386206888063
1180.465544067674 0.9974997199465202
1177.375274028515 1.0189201029744106
1176.8131657831352 1.0194067931372317
1176.3024938699134 1.0311871005748616
1173.4738230130665 1.0336727878072047
1173.260981382371 1.2170445177223665

1254.7484613221984 0.37340475053133676
1175.2882337988237 1.2038027914750253
1172.8980255592737 1.2062559794660315
1750.4060919296119 0.2548603477010186
1603.885546821558 0.25883951207624983
1262.176652235168 0.35213838248752977
1232.3028352423776 0.4184931204942686
1217.5957271300783 0.4471726167935164
1213.490106240738 0.4988250023025009
1212.1225270799248 0.5448486317702443
1200.4339262079889 0.6375217569573989
1188.8731638447728 0.9418987981718862
1185.339925635817 0.9857203596919146
1184.6972244299 0.9979462790956797
1182.0022042644368 1.196964990023195
1181.9019499961212 1.1970665220066854
1179.4826924240742 1.199521846079018
1179.269470342951 1.1997387299641737
1179.0462491880996 1.1999658686917742
1179.0212396001352 1.199991322560576
1178.9953843573483 1.200017638242044
1178.782162276225 1.2002347014674635
1178.7789793317193 1.2002379423468104
1178.417113005234 1.2006065093765252
1178.4067704353074 1.2006170467877901
1178.1530260933594 1.2008756293112157
1177.9391448472818 1.2010936751899903
1177.4279529138676 1.201615141829637
1176.998101008285 1.202053984133673
1176.510792941559 1.2025518721314905
1175.996757350632 1.2030775151303745
1175.953318648887 1.2031219557765522
1175.3408390387851 1.2037489123511078
1175.301353765131 1.2037893533452944
1175.0602741838861 1.2040363270874823
1174.2874720880795 1.2048287069936954
1173.8001640213536 1.2053288966903213
1173.795760561258 1.2053334184460447
1173.6583359052138 1.2054745519645325
1173.5590844401088 1.2055765026179042
1173.1710278384878 1.2059752781668214
1172.929948257243 1.2062231497600773
1172.8462521131523 1.20630922773182
1396.0022861679115 0.25944210607219664
1277.007983087056 0.3204131474470128
1210.2401087837413 0.5698338852209455
1182.5492808805436 1.01773172578429
1191.3120194495436 0.7187389622956025
1190.498028600785 0.7192303927086731
1182.4906677661465 1.1964705474653055
1235.6754617603654 0.39600560331907536
1189.643749543512 0.9335869376702736
1184.0680882470344 0.9984765223468635
1229.9918240327397 0.43995768446018785
1193.6156447703402 0.6484693367218668
1186.96351421508 0.9431109349047576
1254.8822776941713 0.37336493192055414
1215.3529341841522 0.4782569714877154
1212.6651598396772 0.5356639534299863
1231.8183954224878 0.4186577021669168

1334.6854929760602 0.17345892515304326
1270.4773252862756 0.2520115701863621
1201.7405801890093 0.3955670076015355
1387.6855022389511 0.14041965147661337
1342.3995180383185 0.17246215297164508
1326.152033534149 0.17457509031752017
1309.3333522106582 0.17681754660728985
1301.0303798631119 0.18255458830574856
1237.9600928313132 0.32109677863727526
1236.4494306278468 0.3214890864463345
1206.8604075673857 0.39388890565801177
1206.023904776157 0.39416210850889394
1205.217619496121 0.39442580122371795
1204.9144816962835 0.3945250326392237
1204.6929043728048 0.39459759702510183
1202.669591024417 0.39526144900178856
1201.030864515044 0.39580075688616506
1200.6893283855716 0.39591334242794785
1199.8983374000218 0.3961743344429864
1196.7313578721137 0.47011403032050897
1194.9543187218658 1.2086021825068398
1194.8951069874925 1.208662073480512
1194.4125617514355 1.209150375549862
1194.0613276093334 1.2095060481480853
1193.5216659112666 1.2100529373302495
1192.4839064638625 1.2111059862315947
1190.4097753242381 1.2132161777736157
1190.3416197029862 1.2132856431278807
1189.6495458711024 1.213991467164147
1189.5426132820928 1.2190044525363826
1189.4744576608407 1.2190743001949316
1342.463577336597 0.17245392347128063
1196.6721395724012 1.2068672360996688
1197.5609761513888 0.4038547471254727
1196.9064460823754 0.4655196959433318
1195.8863270464287 1.2076602641407663
1252.353382447481 0.26634998480158223
1267.9111315877344 0.25900024335217836
1199.091061527751 0.39666898884714147
1307.4467230992097 0.18165869489976896
1317.189499501317 0.17576294915548377
1327.0076059203063 0.17446253510237278
1245.108146290272 0.3125966530167892
1334.474579425152 0.17348634031583832
1231.3887692866804 0.32281031612778466
1227.2455307126513 0.3427208475496064
1341.389591312893 0.17259199901975703
1320.6384331814095 0.1753039327132662
1208.1183701375912 0.39347876579722924
1213.6069620870285 0.3875241887882498
1234.8469436337898 0.32190628963286505
1335.3112196830475 0.173377642317676
1238.4128839577727 0.3209793785569103
1324.7173456934809 0.17476415763831604
1195.702382859763 1.2078460479012072
1201.6652575120845 0.3955918024982253
1224.21502031187 0.3549988451209952
1218.4922098395593 0.3688424599818272
1213.724747635148 0.3845218884271144
1210.2526483352888 0.38859824362908996