1227.7978547918622 0.39974194454576134
1226.5598317569807 0.4001454224051717
1218.4423425095285 0.4468619059773881
1414.830002488112 0.21528595657111504
1300.4899607388525 0.22508493562294976
1299.4666587146244 0.2252621851650612
1250.8308181458337 0.325686868470897
1248.1768007365636 0.3278142543063044
1247.2337566605615 0.33814432809547995
1246.759314422481 0.33827300565975393
1246.6125531211273 0.33831282989094685
1242.5742822565999 0.34085366299541886
1242.4714816699773 0.34088186481495786
1242.376965204053 0.3409077981267162
1242.1477790624306 0.34097069832604726
1241.9504620098835 0.3410248706423003
1241.0592182929931 0.3412697713438811
1234.171367119686 0.36980667570769393
1234.058433865968 0.36984051808499807
1227.8026475612708 0.3997403841394803
1227.7192268970753 0.39976754556826644
1227.6712580075775 0.39978316571502237
1227.4372960867336 0.3998593684161053
1227.3134020382 0.399899733163948
1227.3059065330403 0.39990217546500534
1221.369422464517 0.4086685899601111
1216.7682141038943 0.4593240984459757
1216.1386367982873 0.4817813616204581
1213.1851125385808 0.49895040648246347
1212.4442355336491 0.5447040623082406
1212.0242451210586 0.5692003948506112
1205.754666911029 0.772835195236255
1257.8564509875166 0.31863129535773704
1283.464576444292 0.22922801438715923
1238.5287612655172 0.35282014248272076
1237.5925262317903 0.36733725023798913
1229.8937247272681 0.3842903927282667
1241.8571397743053 0.3410504977473004
1226.4272545629 0.40018867825840665
1264.515401007266 0.2716066946673848
1301.1277170436933 0.22497460876192155
1212.9956506964993 0.49902833921294376
1220.3392501154926 0.4293733045822181
1282.0957868172927 0.2325920573123449
1216.2163578183026 0.48085591869919736
1220.7536817450396 0.4097415466849638
1216.3280986403688 0.46843656936508477
1261.3717368512325 0.29208108080030554
1296.1124308514159 0.2258451443899114
1287.5047154009626 0.22735505011337856
1223.1032905616237 0.4012762501507514
1217.1185429936893 0.44734793552494956
1228.4196593030765 0.3847515292596465
1248.1715047476046 0.32781564522146694
1231.092325834069 0.3707315860481343
1216.6307894478496 0.46114009614735446
1220.3467456206522 0.42937066732372464
1213.0733717165147 0.49899636671033637
1212.653381303924 0.5234641599160621
1212.3665145136338 0.5447389815796179

1275.95182859533 0.2632900610411493
1272.0558951744986 0.27231455491000467
1233.5758127487518 0.31124255825927793
1223.3599741888067 0.3744963396605016
1222.827523025654 0.37822941355668005
1218.7035902815346 0.4244189301532197
1211.3623927573674 0.4371475768265865
1190.6897366997102 0.7024736604150721
1187.6218689262566 0.8069871485634371
1327.6661212307101 0.17183265503920395
1260.4529021671342 0.2748213236048062
1230.3570412276506 0.3120568086346649
1223.6645572347404 0.37413128910788385
1223.656226259021 0.3741338362928028
1223.4461596790118 0.37446995831927277
1223.1550000879413 0.3745590970792211
1222.8191920499346 0.3782319904053926
1218.9002334066806 0.4243504593608537
1218.8057169407564 0.4243833670713892
1218.6174047913298 0.42444894675515205
1193.5569451920417 0.6576784457314898
1193.312852685007 0.7009294971357287
1193.1832791875026 0.7010056144330727
1192.5973822753895 0.701350003101851
1192.2876940212911 0.7015321737801712
1191.8753098661668 0.7017749011446716
1190.5715053305366 0.7025434205448143
1189.9069578017557 0.7473978876393218
1189.411203470038 0.7477094079438498
1187.5441479062413 0.807039963327786
1187.544147906241 0.8070399633277863
1207.9216310750176 0.5555665620660677
1203.9870807312423 0.5770148093607035
1237.8320767792804 0.28689742257428935
1213.9792811691598 0.436205249024304
1225.7729093880175 0.3348777391589085
1187.6950147792832 0.7487898287706751
1190.2416209368646 0.7471877399551446
1219.10469007827 0.3846214563801951
1249.0754268165779 0.2773245934378297
1280.8333706795217 0.1920175791478214
1317.5337395989645 0.17231624492149866
1201.2568591073148 0.6043037983275237
1300.8870219171422 0.17452127874293888
1187.6623792754147 0.8069596227852996
1194.6395361598243 0.6570824527783828
1225.5888987325498 0.37354385202681717
1293.95285995002 0.1754565205519485
1282.430481687324 0.18659717688493507
1211.1477379597698 0.5365080616702056
1299.6052743342009 0.17469340194959113
1218.6090738156104 0.4244518484846283
1197.4787549234961 0.6494366110816915
1193.6751765612153 0.6576133038699168
1287.2860033651534 0.1772227725775723
1287.0842878885562 0.17725054742990384
1289.0291154654055 0.17612671726433646
1245.9039196409954 0.2850386990596238
1282.664077890854 0.1827023209307865
1190.3598523060382 0.747113526237878

1380.9211806063436 0.11238930592274429
1378.6231470676742 0.11257664819604617
1243.3108885514764 0.17673273723070068
1241.2505827397724 0.18199910956557047
1234.2059262749763 0.18992131338207704
1233.3525699974157 0.190052719882505
1232.9436211959217 0.1901157575029448
1231.609055260754 0.19032176606760923
1214.379640059904 0.23196022301670266
1203.5485365520453 0.3036075215822675
1203.1234462426855 0.303714792881548
1203.079900564547 0.30372578588925314
1202.0672482040345 0.3039816523014599
1201.6868732573905 0.30407787287883997
1201.6347144562924 0.3040910718461294
1201.4519898781277 0.30413731998029936
1199.947183126913 0.3045187266778926
1198.2012644952606 0.30496244588796867
1198.051634345998 0.3050005340429275
1197.59967421165 0.3051156376834099
1195.4686695444939 0.32801133926504283
1195.318726446081 0.32805248564335665
1195.2436997240698 0.3280730778478177
1195.2242099801565 0.3280784275221455
1275.1464914838257 0.12683672487233041
1269.4964689791002 0.13745726741976555
1253.0461609762035 0.16217835489267118
1247.2663441056336 0.16472005125939393
1196.8895718429853 0.3052966596775292
1218.7426714569526 0.21467123026634274
1207.1310732263396 0.24100760650864853
1225.689807617352 0.19124089067669264
1235.6481261714125 0.18844179802068758
1243.5906932244677 0.17022814571642603
1220.5815132156677 0.213979084319807
1195.4686773106553 0.32801133713417224
1274.3577678309307 0.13637144919131408
1208.6727609875113 0.23305544827956043
1212.9860463279447 0.23222672098165334
1203.7217639267687 0.2589592449035859
1215.6853885250912 0.23171107820666592
1215.9429902653399 0.22283310441362933
1239.6352376703105 0.18229402593438265
1222.2096340953012 0.21369404008085874
1210.6433364904374 0.23267610174259068
1201.6089665302154 0.3040975878714393
1198.0513213968477 0.3050006137136864
1235.1287813638623 0.18977940927200598
1201.2058267145378 0.30419964685483414
1198.705717216906 0.30483410818704826
1199.6641389533663 0.30459057366283054
1222.6902404504674 0.19960825975010257
1202.2741828366027 0.3039293311816817
1374.0351986620435 0.11295254530123329
1224.2209587360787 0.19615388221287067
1267.6886411077771 0.15717873581022196
1203.6667851444963 0.3035776950866561
1200.732495075431 0.30431956308767705
1200.3797312280717 0.3044089955706728
1233.9487188675926 0.1899609010633761

1290.4083751379108 0.24470865436566283
1226.012622229091 0.40032402039324416
1351.8340406790373 0.21612665097262002
1287.4334408218044 0.24492499044534774
1280.991387839587 0.246507587841584
1279.5575052490424 0.24678382625774994
1275.801820983864 0.2475103043971697
1272.9277292748577 0.2480691478392611
1246.4427440959141 0.32827031094209613
1244.7563971748666 0.32871503862486595
1240.9907363033426 0.34128860374308084
1240.6926074953262 0.3413706127467686
1240.6866916898966 0.34137224045998416
1239.8910054180574 0.34159131230108475
1238.6778973078171 0.34743051441272255
1237.7118373307517 0.35305301350355794
1224.2160934278568 0.40554041199567364
1222.250950739785 0.42870172955588864
1222.1732297197696 0.42961928640351765
1213.9473016149486 0.5341417492464905
1212.6622219997944 0.5804000745979357
1211.8767895630394 0.580776239113017
1210.5972063355507 0.6269082197751327
1210.5026898696262 0.6269571689843232
1210.500959117881 0.6269580653960165
1210.4381460897296 0.6269906000073378
1210.1999990621453 0.6271139812235257
1210.0923593249283 0.6271697640599545
1210.0882582400793 0.6271718895879064
1210.0733502482155 0.6271796162876352
1210.010537220064 0.6272121738974098
1209.7800086495547 0.6519682658983051
1209.762784293413 0.6519775484896947
1209.6682678274888 0.6520284902357786
1209.5905468074734 0.6520703856684718
1209.4951955957042 0.6521217919920841
1209.4174745756889 0.6521636994160409
1208.856184035427 0.6524665090637216
1206.1737207620617 0.7489555468525378
1206.0619799399956 0.7490249370745067
1205.9842589199802 0.7490732088340225
1259.861800606616 0.25539259695292266
1219.5808321687375 0.47906434225317673
1210.6396734029297 0.5813697168311186
1261.175111748932 0.25038085046277236
1237.1772026904928 0.3532055820850484
1216.3196146977762 0.4976645922050712
1210.6013271993895 0.626906085791504
1279.7595896586386 0.2467448570917986
1278.446754304915 0.2469982390732138
1248.6730798155197 0.3002826861800214
1253.5329194686126 0.28461155646468195
1250.569536805241 0.28828298251065243
1224.1574870618165 0.4062300751994028
1248.7675962814442 0.300259958445605
1240.0988422865566 0.3415340626156288
1255.305132721448 0.2763293943915641
1243.8841743039097 0.3289455365929557
1252.5865315564345 0.2878187708590551
1296.075691944674 0.22933321568287576

1272.7111198546836 0.280088430250683
1319.8498945268466 0.252304664897707
1292.5557660289044 0.2576324318887633
1259.8088438682587 0.3106698522851329
1242.9498708339697 0.33930975859952656
1242.4754198660835 0.3394393272338888
1240.9658550946835 0.34795107561610117
1239.1177951670848 0.3550212876927621
1236.650226353864 0.3766216792784377
1234.542319317913 0.377950629786962
1234.5373393609186 0.3779521543887884
1233.9167034712639 0.3781422569061837
1232.6431765040359 0.37853294122651093
1229.0271637279448 0.3993421109545602
1207.4642469022483 0.6238399095109213
1207.0989432155309 0.6240287018382997
1201.081452594709 0.7286577212642306
1199.8761506268438 0.7878794461290108
1183.8850713154136 0.9754898770346224
1178.577998904971 1.029196166210208
1176.6331713281218 1.030897298844242
1175.8309629134715 1.0622507285299223
1276.980138027603 0.27915207849143675
1264.147855168504 0.281985733128639
1285.5373026312964 0.2603194956777319
1261.3252539864727 0.307666676197326
1280.4584004709634 0.27839378428192113
1245.7572817981913 0.31655337825366625
1200.53297367125 0.7289906179120477
1220.5530029086426 0.41696577124828643
1207.7280793983969 0.5780773860082433
1217.8426367652205 0.44708195546805046
1229.3466719747923 0.3881353643462255
1208.0933830851138 0.5779025867722958
1191.0811574976897 0.8447799616236273
1210.306296908948 0.5264825064857159
1213.7093354053527 0.49626102408735334
1195.9035826963038 0.7904966342252009
1201.8658248121615 0.7103382806594251
1215.2862892041144 0.4722647256616899
1181.455596526736 0.9774958162081583
1220.4412620865767 0.4293374149261634
1205.8652455086385 0.6575258462679326
1179.0807272477327 1.0287573446172003
1204.7932906244841 0.678172119023661
1231.5496849305982 0.38349029179301025
1208.9719739433353 0.5462795725450728
1209.0368111779512 0.5462502771121435
1220.433766581417 0.42934005177618906
1239.6201919215177 0.35041481660816687
1220.5455074034833 0.41696833188127447
1215.7062796167052 0.44786761130248237
1180.7560636253118 0.978074928613766
1236.6993713740035 0.3766067127631782
1243.3556872401484 0.33089987109866276
1258.6110767647035 0.3109655036869067
1220.9108588780202 0.4168435561912392
1195.2040497948797 0.7909592986582744
1213.0733717165149 0.4989963667103363
1236.90153685164 0.36627642103597224

1305.4065987679548 0.1527197757200491
1283.03210907268 0.2097560669993957
1278.6948126470243 0.21046755361110153
1278.3525278065613 0.21052390727837517
1277.5512629324674 0.21065594535540072
1276.990078228569 0.21074851999347677
1276.688842503387 0.2107982462706539
1257.7911864177088 0.2208734089178079
1234.3092090484754 0.26633858500707513
1208.4121574064798 0.36002838417830985
1206.0849830027205 0.36628695996878424
1199.8008608229975 0.5866462527188374
1189.5573281895877 1.1893628185099858
1309.539744451643 0.14278100155377574
1307.210955680258 0.1525089750212266
1305.6398537482091 0.15269249204900628
1305.1398245992975 0.15275099206211248
1297.2998534648377 0.1536741120064558
1296.3646453332206 0.15378497377647157
1281.6755089590215 0.2099780850549354
1278.387861666327 0.21051808852614814
1276.478350023396 0.21083300709964442
1276.0182144225478 0.2109090340491847
1275.4189762965202 0.21100812676826353
1272.3299769213866 0.21152041837779745
1264.5397787183445 0.21282349006512982
1261.533935934696 0.2150973817400542
1259.4212367781834 0.22058753571723622
1257.1129422761178 0.2444170670657065
1246.3324452897327 0.26376924506907984
1234.5113532360506 0.266294973584025
1228.291089336301 0.28261941155161735
1216.431353774204 0.34549637810181033
1207.4145865081305 0.3603258411103771
1205.9999996816632 0.3672288434317706
1205.6910571908193 0.37065402017994264
1205.5660649877 0.38242099440493244
1204.6684524748148 0.3873349453700501
1203.6662569077928 0.4246516175088255
1201.8713801955175 0.4262043005841098
1201.626912865019 0.4262910105491541
1201.242244012652 0.46902349826738676
1195.1613860470347 0.5889235439061842
1194.6843415382518 0.5891587045531813
1194.5469168822074 0.5892264833328882
1189.4505956095566 1.1894695432135431
1189.3398348076882 1.1895803160948917
1189.0684834692634 1.1898517842360659
1187.2847857075376 1.1916393384857926
1186.6556495246718 1.1922711169002533
1186.6556495246716 1.1922711169002536
1186.5609137985512 1.1923663085323717
1184.5220517485845 1.194418672532296
1183.8929155657188 1.1950534022401105
1183.8755814864544 1.195070899982883
1180.8261064723301 1.1981571620748452
1180.7941837743606 1.1981895541798628
1201.0922931480777 0.4690820537001974
1200.4074712137808 0.5863497986220851
1223.0859600083288 0.2882852766064337