1357.0720385349487 0.1913888447248384
1291.593337505915 0.28640123508762444
1281.5892592244281 0.2961596991658209
1252.4717626232214 0.34312505633336
1242.1304355823395 0.35073142061915263
1234.6527162279708 0.3828091383732908
1231.6672763664658 0.3837370299256421
1227.7281242437848 0.3997646484525403
1225.0625736334396 0.4415058394024485
1218.6579657815983 0.4967096773961271
1216.5993803403621 0.5181727855191577
1216.3740879156553 0.5208617891584656
1216.148545603995 0.5235547732902686
1212.307275919498 0.5401002031047403
1211.7164859401723 0.5403635368065826
1211.2964955275816 0.5941481019864396
1194.518168782819 1.0671867486361724
1194.2771368668054 1.067402130860974
1194.19941584679 1.067471599645899
1193.4650530747438 1.0681284361414272
1193.3873320547284 1.06819799950056
1292.6818230828976 0.2270690609250261
1315.608891121116 0.21634033298571864
1307.4338032287405 0.22184257504021143
1219.4663228524212 0.48270988147023464
1211.7942069601877 0.5403288794324027
1331.3258750235414 0.20263360190655708
1221.3483239356453 0.472651771315693
1223.755182811169 0.45078137136761887
1211.6145334286446 0.593992143461626
1325.617029246131 0.21470700760835518
1339.3890903168974 0.19391560790011647
1216.4518089356704 0.5208285104792422
1289.606307286603 0.28752113337872176
1195.981622146336 1.051466534399449
1225.8461231605606 0.40246908288809247
1227.6289525263578 0.39979694269476396
1216.6771013603775 0.5181396847750164
1219.5440438724365 0.48178690456732587
1213.005559502207 0.5274161702693153
1230.8717563354605 0.39768524947970696
1208.3733590796123 1.0247772101398687
1266.6404836996892 0.3327997491842851
1208.7975729344198 0.9671570577580854
1290.3523634464614 0.287354894358495
1215.1131028970915 0.5265013974277122
1250.8852649659054 0.3435602418082277
1212.3849969395133 0.5400655795001909
1219.9513529609758 0.48162604882132154
1256.0610581655337 0.342144548875425
1254.9921669749624 0.3424359573031576
1197.7859022095447 1.0498826619380612
1237.7618196593005 0.36696306793931927
1252.2115881617071 0.3431963481003485
1263.3737626062175 0.3336602735934035
1250.5520016155808 0.3436517982065826
1336.5919114227765 0.2018352460926182
1235.9413758235803 0.38241000077736476
1261.41767600542 0.33417768222244804
1256.8519288463008 0.33539164447864533

1346.2784348338328 0.227429388470658
1271.9074219446213 0.287184726862496
1240.1769911671922 0.3679176105804967
1237.7947504329359 0.3699944106785484
1217.424736491574 0.3846026029489791
1215.6033375269194 0.4044889830007081
1178.0857769994934 1.3144842714272647
1177.584190095261 1.3150441703303861
1177.5064690752456 1.3151309694919766
1177.4467654392165 1.3151976545456352
1177.1991906991625 1.3154742515056197
1175.2319576408067 1.3176762376056
1175.1542366207914 1.3177633845843075
1175.0945329847623 1.3178303368705084
1178.1268085226156 0.7358733936332488
1178.1101468860522 1.3144570805634368
1290.9352086450988 0.25125500345542157
1251.3984470169794 0.31866734339621616
1179.616997072188 0.6276493274119017
1269.638578881528 0.3140892418316017
1178.4448464236787 0.7356747966176399
1245.5351021312003 0.33672989559935
1224.085249550667 0.37413827132999744
1236.6289941988925 0.3703432002450498
1198.6951103478648 0.4764947111849034
1183.5250092425317 0.5793505585394215
1179.7544217282325 0.6258869052770385
1193.794211069829 0.49733159807833793
1205.635752121224 0.4343110175238801
1218.0140074178128 0.3844165335518348
1188.6046166844228 0.5395087347833412
1191.9227236847303 0.5088029988941377
1184.838317047477 0.5623366133452374
1186.6672281629637 0.5529550401874722
1204.1797850863209 0.43483614054308495
1190.3665421497012 0.5360742783148214
1199.534457227241 0.4740064296662063
1180.0420043949343 0.6044040579974639
1181.3755687194416 0.59463167777162
1201.2840172302806 0.4533577104886703
1180.4377633160127 0.6042014227503362
1176.236827588574 1.316550534668062
1191.1838718622012 0.5159541701339281
1211.3067366570504 0.4059237374387208
1185.6857415995416 0.5534127651335344
1208.5295182121376 0.42107863040488197
1198.1439159611223 0.4826838969851809
1181.0575308183786 0.5947918015638733
1192.6248970212175 0.5002774804584201
1213.1550597782768 0.4053052853922859
1233.5303841569207 0.37127349687494565
1180.1197254149497 0.6043642527989934
1196.1447585177893 0.4883168849163622
1212.178651324828 0.40563175831478127
1241.0956404585263 0.33793439541131015
1215.9788374890145 0.38935908844395106
1216.8507521567922 0.38478401868038065
1206.5211613454676 0.42434252660494265
1237.367417120742 0.37012219078235653
1212.3440372180014 0.40557642272637656

1229.4955573294071 0.3743166242940259
1197.2283777176908 1.2013653311368047
1194.7803598938278 1.2038268410865123
1524.0007136714667 0.20556645304922072
1212.4179904270954 0.6984151602760329
1200.0343038346184 1.1985562928052866
1199.893563689241 1.1986968760970027
1199.7841614693957 1.198806179172821
1199.3678603586307 1.1992222853238
1198.6674193398371 1.199923050578398
1196.8318029956472 1.2017634080604591
1194.993653193429 1.2036119711594648
1188.500706927956 1.2349610384984948
1325.0649040406768 0.25060706231080904
1366.6345882225594 0.21325926076843385
1211.5068585358297 0.7186085922246567
1220.2758010520686 0.5874818143045873
1240.9489729069073 0.25493406127575924
1210.4044131988069 0.8868252604250005
1237.3336472567223 0.30055337920480285
1201.1782182717714 1.1547426688533997
1203.091887134577 1.1529059054992712
1238.1642688226611 0.29667593490191263
1228.5008128342656 0.37574205056301574
1207.8522170763447 0.9275734514607311
1208.3475102207744 0.9214547441096238
1205.4960053140599 1.0460139214018065
1203.2711686087537 1.0479479909842155
1226.8362995349835 0.46943918949179775
1191.7772371673036 1.231565783864605
1225.1963938079784 0.4700675263194434
1224.3423942200443 0.488071512301562
1221.6880562316535 0.5176545509306205
1192.879114448712 1.20574553533692
1212.426321402815 0.6984103612382361
1210.1396474116343 0.8870192884354563
1223.3279619586585 0.5169606203665531
1199.4906471192348 1.1990995260342523
1194.878257265853 1.2037282105495526
1200.535530005698 1.1980558929700034
1229.339177253665 0.3754858082078604
1221.1994081182565 0.5178616841129836
1200.7504123131862 1.155154083073459
1195.306063224438 1.2032973902627375
1218.2493666936223 0.6337251100541283
1213.8997608893458 0.6588819686613269
1211.6442831918741 0.7167557127693721
1225.1916010385698 0.4700693651544944
1217.8802328053591 0.6339171892156608
1189.9908954775283 1.2334145352389048
1200.5452809769959 1.155351458636315
1204.5127029620835 1.0468678334830863
1212.4090499949652 0.6984203104630421
1197.8526693820195 1.200739208758642
1196.9445308951774 1.2016502263204318
1199.9781640564024 1.1986123660626782
1200.0741802332323 1.1985164668434583
1195.4257206062932 1.2031769449579144
1199.4661699597043 1.199123995711786
1215.555594212435 0.6351294977022368

1295.9416568709742 0.21594476843270516
1295.5167930011514 0.2160155873757555
1289.0124228459567 0.21710560428690487
1285.8090604980528 0.21764648390866007
1285.8070235692953 0.21764682869631008
1283.1120043161195 0.2181039691421606
1273.8868945272416 0.2196834131802227
1244.3296795004755 0.3346791463877588
1241.9433236888067 0.34934218733134
1237.4451202310781 0.3951781933288626
1236.7084358685936 0.3954135936762499
1336.8012840582683 0.20395997057929838
1319.0189595239235 0.20670965235048802
1318.4041462705138 0.20680604755239354
1314.1676227811581 0.20747273471087213
1310.8146634325053 0.20913620113735937
1306.5411333571058 0.212299854595137
1297.5132661413893 0.21466552927448526
1292.4533395636608 0.21652760098076596
1292.1932915626712 0.21657117617200225
1291.8620258062153 0.2166267104419692
1291.7165117051732 0.21665111381588759
1291.6436980788535 0.21666332705493066
1289.4252071516244 0.21703610216640568
1289.0771616029017 0.21709470102419415
1286.5162699839425 0.21752684169224826
1286.4947057800343 0.2175304878737278
1285.6411403115687 0.21767491115559517
1285.524229959613 0.2176947073211454
1284.9927055439293 0.217784754565466
1284.953684372691 0.21779136820166498
1283.3302738838797 0.2180668738908132
1283.1712634671203 0.21809389670957952
1281.9492039561999 0.21830180176535327
1281.670968873714 0.21834919241497872
1281.096808949798 0.21844705180767118
1280.4942787989478 0.21854984097061997
1280.3113685739436 0.21858106384465498
1279.9006850865865 0.21865120025024953
1279.3926135083204 0.21873803087536645
1279.3670861362239 0.21874239538275944
1276.5783776384376 0.2192202420919905
1273.787793466588 0.21970050461363555
1255.1925814130182 0.3153568069453094
1253.9812962018611 0.3156614263504373
1252.8978836136055 0.32514954129688883
1244.4404403023439 0.33464935843694815
1243.6729445589638 0.33485587732863015
1242.2922432867801 0.3492440684416685
1241.9890451632061 0.34932932696035934
1239.0701233079305 0.3946599290531088
1238.1127060686767 0.394965114694017
1237.808810397096 0.3950620829719713
1236.8657653626694 0.39536329701319567
1236.819196670462 0.39537818322432366
1236.3208640313328 0.39553755111920635
1225.6211407800786 0.711936195428022
1241.6742130487023 0.349417900991703
1326.334684206941 0.2055694944974778
1264.2209665928078 0.2727856738110287

1264.5527233167306 0.33984699584439193
1262.5613975727683 0.340383006269813
1253.7835262548065 0.3427660637636233
1225.1452018473067 0.4006074555436927
1217.652599072609 0.44715173105370604
1217.2130594596138 0.4473131990048508
1216.8656747567998 0.4474408957308942
1215.7840006367205 0.44783898061844307
1203.045621157241 0.9576895507937435
1201.419084972371 0.9589861147718943
1200.399382803094 0.9598007438324789
1200.1692145961456 0.9599848142231779
1317.8389703155208 0.22247668357017727
1273.6278792555565 0.27429580106512974
1272.495627554245 0.2745398662553698
1269.9172380595855 0.2750972810898197
1256.1889825663714 0.3421097064774879
1244.2611401674978 0.3453892677610936
1241.5621592002942 0.3461400952996552
1238.2577734989638 0.34706379665331866
1237.16656918857 0.347369913485378
1228.9371511685872 0.3713817342849136
1226.1042970521567 0.38547808993558025
1224.7555967041353 0.40073489217308444
1224.4722801006992 0.40082761362572483
1224.333889766292 0.4008729204394567
1220.1293965734724 0.40819213668438453
1219.4788430240997 0.4084098943313213
1219.4359348339797 0.4101843216123326
1219.1407395316583 0.41744878807242786
1219.133244026499 0.4174513546413899
1219.0387275605744 0.41748372114939664
1218.8022770261018 0.4467299395156127
1218.547361635137 0.4468233936896339
1218.3028738625217 0.4469130617505236
1218.2083573965974 0.4469477361499525
1218.1614406633307 0.4469649500651374
1217.7792400503981 0.4471052302343635
1217.5580826066848 0.4471864424994718
1217.1518965104415 0.44733567688500137
1217.1245955984687 0.4473457109209424
1217.0965619891608 0.44735601471710545
1217.0300791325444 0.44738045249090647
1217.0103764989558 0.4473876952994317
1216.2929487321917 0.44765158596446514
1216.1984322662674 0.4476863750619908
1215.990257924711 0.4477630177947307
1215.8957414587867 0.44779782421486236
1215.8785171026448 0.4478041678002579
1215.8007960826294 0.44783279403310844
1215.7062796167052 0.44786761130248237
1215.4585266900542 0.4721978030252857
1215.2862892041144 0.4722647256616899
1213.721478387571 0.4850678567099501
1209.3286073583608 0.6756287860195943
1208.2633658622235 0.7712552176226182
1203.7194373729362 0.7741666340599197
1201.305488061508 0.9590767976675283
1200.3776422902513 0.9598181271622434
1200.0832513396463 0.9600535789698974

1246.3213797734886 0.2407677971164388
1245.3392128608853 0.24245642948731325
1240.693342059224 0.24336432607081596
1238.722766556298 0.24375147305171344
1238.3126430258383 0.25324882897210316
1236.7069914364758 0.2535776290739534
1235.332353183598 0.2538598021329694
1234.7211185286653 0.25398547254244846
1234.6296833535187 0.2540042823981321
1234.271106483834 0.2540780749871268
1233.6383329287141 0.2542083999636586
1232.0433012703954 0.25453750401814634
1231.93204912822 0.25456049054780605
1231.5910648853 0.2546309693931157
1230.2196649588263 0.2549148218648735
1229.1936620400222 0.25512759822335696
1421.0638717161041 0.2039497331461828
1344.0112782091037 0.21814433282584372
1309.9183939253257 0.2224546734511061
1270.6275062351951 0.22442625344639383
1267.347927392759 0.23484386304762053
1263.8691082223665 0.23549027439473236
1263.6069082139634 0.23553913892018233
1261.8982652874058 0.23585806501328682
1261.5979274470785 0.23591421372780888
1260.6978819778365 0.2360826391072998
1257.2778425816489 0.2367248296392231
1255.278181863267 0.23710193277837951
1251.7072701831617 0.23777834497259007
1248.2969425149531 0.23842795168165332
1246.2375754456175 0.24089957159058728
1245.44730328458 0.2424353870729761
1245.3527868186554 0.24245378678769447
1245.3040257676412 0.24246328029387573
1245.2460542386243 0.24247456799644762
1244.502730700458 0.24261939455998358
1244.1225929449736 0.24269352615489875
1243.9778579572746 0.24272176318845842
1242.6416595684009 0.24298275912917852
1240.6710840654748 0.243368692096363
1238.763751050127 0.2437434085351867
1238.5316767442025 0.2532040420411569
1238.4193756058694 0.25322700284321786
1237.7911892276138 0.25335551705076514
1237.5756162349871 0.25339964898605266
1237.4357581306958 0.25342828885224566
1236.9574857119164 0.25352627747521495
1236.718930015705 0.2535751811801419
1236.5555863597206 0.2536086773671453
1235.7765176854111 0.2537685594924667
1235.5452380442262 0.25381606200356566
1235.39919709116 0.25384606650711866
1235.2205973852788 0.2538827699371888
1235.0833132379075 0.25391098996026695
1234.7364159335498 0.2539823258638877
1234.5950048475397 0.2540114171176079
1234.3782672354178 0.2540560175690733
1234.37431701628 0.2540568305938818
1234.3296346537065 0.2540660273749524
1234.3237889222662 0.25406723062630143