1240.4827149556554 0.18896031978201794
1238.1115813719155 0.18932220167293193
1230.9776983730042 0.19041938031200564
1212.1814839169126 0.3014452812014557
1209.3484614000854 0.30215144761791296
1276.4995093756154 0.13560534197827315
1251.7077683305583 0.1802050183201481
1250.3665615764364 0.18746663394977328
1249.925771231603 0.18753274466140543
1249.055241363287 0.1876634457305886
1246.6856386936117 0.1880201417477735
1246.5923533848593 0.18803421171774165
1245.622495817258 0.18818061755403218
1245.5301118541415 0.18819457536289275
1244.5296604735072 0.18834586104834442
1244.1007065528115 0.18841080088409723
1243.8176127023362 0.18845368332807352
1243.0538472088156 0.18856947430589482
1242.8161236025953 0.18860554353174708
1242.5244617416706 0.1886498155324207
1242.4400745126045 0.18866262873405767
1242.4185782682562 0.1886658929624245
1241.3470489970773 0.18882874913302214
1241.340430474638 0.18882975592155707
1241.2345582354646 0.18884586232864128
1238.5701789685818 0.18925210253106894
1236.7095715569221 0.18953682893146237
1236.5938679070255 0.189554563212269
1236.4961318476826 0.18956954612694346
1235.5248529518697 0.18971857178110335
1234.8212079284767 0.1898266801679871
1234.514312863347 0.18987387028216116
1234.4113761779486 0.1898897037289584
1234.1403591914168 0.18993140347153203
1233.0674578970966 0.19009666421806426
1233.0119313408954 0.19010522489200507
1231.775380515309 0.1902960671320003
1231.1346556517321 0.1903951037573545
1229.7230127061428 0.1906136650937829
1228.985365755999 0.19072807295626032
1224.5766924313252 0.19141472473781532
1222.4302291429767 0.1917508295474838
1220.4984698076828 0.207954839739797
1213.34128893599 0.30115713659341947
1213.2455152759396 0.30118090995244584
1213.064288530027 0.30122590512438996
1213.057063319888 0.30122769928604126
1212.9615124605107 0.30125142845241576
1212.328686329041 0.301408679351629
1212.280343904569 0.30142069870539484
1212.1915912050504 0.30144276774208423
1212.1747101808996 0.30144696570348334
1212.0471537958067 0.30147869011711026
1212.0354085966553 0.3014816115889008
1212.0344663460232 0.3014818459644462
1211.990796278329 0.30149270886263174
1211.9158230114376 0.3015113602350276
1206.5829382168681 0.302843987522766
1204.2798911049613 0.3034231419003938
1213.5225321470593 0.2525217587366837

1356.3495855350932 0.14674624758421456
1356.2409883240023 0.1705751259439592
1356.2355901302 0.1705758048802697
1353.980148034316 0.17085994778400782
1353.353564678724 0.1709390534975574
1351.852954744714 0.17112880256818552
1350.9792511475848 0.17123947477151452
1346.2588275746452 0.17183989635224836
1335.0588526847225 0.17328148263165608
1324.5641497909467 0.17465441551489863
1316.865546060944 0.17567547278134957
1294.1175496109538 0.17876349599251912
1276.4174535499455 0.21946959698178126
1273.4199667466464 0.2295158609873139
1272.247897137997 0.22976013093517642
1271.9432294302273 0.22981516522507958
1268.6856606895685 0.23040525520683258
1265.6013736017621 0.23473861230351425
1262.6481886636625 0.2498964611754344
1258.1502485435376 0.2574237265089446
1253.6174856646558 0.25835450541479604
1246.21520524987 0.2739710757984261
1241.806229552883 0.2846564579589632
1241.1542315412457 0.2848059925130681
1238.3055489435744 0.3035340362306431
1233.051350001849 0.32594327076469615
1227.7164720452784 0.3426022052807963
1227.2289525077947 0.3788141186697005
1223.4095416639943 0.3844242790666922
1223.3332018774197 0.3844482683341895
1223.2293044967882 0.3844809222020467
1222.3558202286058 0.3847556687458943
1220.879423547459 0.38522094974042387
1219.6700440072605 0.38560292053437834
1215.6874709804508 0.44166563738261716
1215.375751290966 0.4554210908957741
1214.588765605451 0.4557161783274761
1213.1955192723103 0.45623952751919455
1211.8666529023726 0.45673981471111
1211.2305280170137 0.4569796894133664
1208.2836239855267 0.45809422515837467
1205.1803614013575 0.4592737885784962
1202.159176459943 0.4718602269782071
1200.4696089184215 0.4891129381158668
1199.415887483033 0.48954263793275027
1192.6898436611443 0.6106449147601807
1192.4537634752448 0.6107658093134211
1192.0724080921798 0.6181742146596535
1191.8363279062803 0.6182966632543958
1191.7065823049702 0.6223548775561828
1191.0816499052246 0.6348530705974132
1190.7494546129872 0.6350301819120546
1190.6133150296814 0.6351027938535311
1190.6055161914196 0.6351069539753359
1190.4227916132547 0.6352044400542923
1190.013639195571 0.6354228370741344
1189.7559211511352 0.6355604786929314
1189.5566874404244 0.635666925971895
1186.543032364159 0.6382403153885209
1185.543672217543 0.638778323350699

1289.8757187356712 0.23438518856303472
1286.5599034885822 0.24278457151434418
1284.3347961523052 0.24320519527446488
1266.128303434515 0.257100715117806
1492.1963077042033 0.21552050053207084
1305.0436858919968 0.2265335732001518
1278.0430234859998 0.25137911115266615
1274.8789663202906 0.2553359972542888
1268.617275748059 0.2565962946168766
1262.7590371082213 0.26623502959993495
1262.45848133725 0.2922670841541277
1262.343088047393 0.2971365075299628
1195.8617290170305 0.6197748117015499
1195.7840079970151 0.6198150945036472
1194.9081538219707 0.6597819446840056
1193.3618576667966 0.7068123682739128
1204.5100573578777 0.42527063004513743
1196.7674557349537 0.5881332046904603
1216.885934262722 0.35752132899462996
1284.1883529637716 0.2432329293246778
1290.0609403852188 0.23435153650064283
1262.5681541053289 0.29224169642354597
1274.2927789717817 0.25545345435180933
1278.282327040271 0.25133205119298757
1193.864586009558 0.7065147343423014
1288.6048484319415 0.23461634800352676
1214.4310478412153 0.409327322798943
1193.9909938496621 0.6602887538586418
1194.3090317507251 0.660112922609116
1287.3378809737314 0.24263784940418856
1195.359000674269 0.620035468427936
1295.2154562220533 0.23341889730113657
1308.7218813084116 0.21846995305937805
1282.3242553818088 0.2489105247342637
1216.6893085868405 0.36563606043337227
1224.796310057691 0.343974356772629
1296.3742880448137 0.23321024363628015
1261.5673911202719 0.3023622241100037
1208.8818111989247 0.41120629405760883
1238.8421413585006 0.3059835622792158
1220.8124378914472 0.35199718709761113
1236.1867176299502 0.3066408384012084
1195.2261917230337 0.6596063832159758
1214.7606649228242 0.40921625460134686
1204.7589189017347 0.4251827838346719
1196.2761606465776 0.6195601001712066
1215.337031322979 0.3660428951784912
1196.4908651998962 0.602177956530325
1292.7315445706806 0.23386739870971746
1196.4131441798809 0.6022170750281783
1299.4753454082154 0.22750428501168662
1216.3665249192975 0.3657330882174775
1298.08263011412 0.2311897449809575
1196.3061747581976 0.6097666528661169
1271.9047279332194 0.2559330782368156
1217.0273837785955 0.3574797759288775
1268.0102601878089 0.25671913111783035
1261.6770638883506 0.3023359409167606
1295.9964824700903 0.23327822848910976
1276.2175481070574 0.25506818388975905

1286.1320518051723 0.2499592156360695
1199.003387480895 0.48971105809010956
1366.1272690449878 0.22145981742920723
1283.4948147056978 0.2504728146855383
1237.4790304820235 0.33216755722593916
1236.628719957418 0.3323959568783841
1214.4991188764914 0.4008887799098851
1213.9960052458773 0.40794313477361055
1212.5285433735653 0.40843684768422467
1211.9824629188975 0.40862087623769844
1211.9799035191234 0.40862173914324273
1206.715933865928 0.42526667170066
1203.4829262143232 0.4455788993250196
1198.1136105933545 0.4900747411141642
1197.6609569683794 0.4932677522729689
1191.514226807702 0.6224553491907266
1191.0641105390107 0.6394101820742709
1190.9540580626415 0.6394692680427654
1190.3048472675034 0.6398180445372285
1190.122122689339 0.6399162785588143
1190.1221226893388 0.6399162785588144
1189.712970271655 0.6401363512141774
1175.6608415565681 1.2289652926552634
1194.1881667046239 0.5588258540578127
1210.846522280896 0.4093055501379315
1242.7888794870191 0.30784217581898726
1227.738403380304 0.3632655478626678
1271.006824740144 0.25716749734444566
1248.8629822501848 0.2966307830526435
1218.9531657684163 0.3938295043257572
1243.9278598118324 0.3021621216961107
1193.5827717221634 0.5822355225450263
1198.1444647561318 0.4900621208949167
1214.6084480849308 0.40085269515100747
1203.7285903462257 0.43854099324215695
1267.9898300156829 0.2601024278162842
1227.581736541458 0.3633119086575145
1212.6378725820048 0.40840002376649587
1223.464067038702 0.38114431168579344
1179.6468297336562 1.2248126589999162
1221.7666922656028 0.38607817518872733
1278.7911303048857 0.2513941106214766
1181.1946911471002 1.223207639719206
1249.257170276713 0.29421134989364195
1255.8822204592163 0.27399422300872084
1276.0485839261282 0.25193441920879117
1189.0739587113778 0.6404803622200386
1250.5253201388325 0.2762492542648362
1190.9102422499639 0.6394927953117967
1192.1196217901627 0.6221392472339112
1192.2734900792093 0.6220589573488159
1197.0836264732543 0.5002815892752388
1228.2787714227766 0.3631057330896999
1177.9494549605572 1.226577561645275
1198.1110511935804 0.49007578800975915
1232.4885853580952 0.33366454854628574
1239.8670605185262 0.32059436750307907
1182.4396207623192 1.0744168629454995
1192.990894726315 0.5825243862852976
1220.162545308615 0.3934391552311308

1342.1693443693393 0.23584171958439648
1286.6919291128752 0.3094561593014062
1262.3011739861815 0.34114646565440077
1262.156705786781 0.3411855137499336
1261.0152008972448 0.34149436405713635
1259.5260665688493 0.3418981119381599
1258.2302650577813 0.34225021926094823
1257.4478811629697 0.3424631672992382
1256.2873834268364 0.3427795182676573
1209.1026532194294 0.5705757712585381
1356.1672973476461 0.17295716740748027
1351.2010808081457 0.20586624852900118
1343.2386907041696 0.213708167865285
1330.5366152272109 0.23790365671032113
1326.3668867935796 0.23865155961088882
1262.2127620601923 0.3411703613215811
1261.6395917625766 0.3413253570262285
1260.0154064317887 0.34176533231151324
1259.2040059184428 0.3419855576004878
1258.7363924212277 0.34211260331359306
1258.2805851920832 0.34223653226839607
1253.392038552557 0.3428731242000905
1228.343312365189 0.384775443258942
1217.8723932145879 0.4470710318510565
1217.452402801997 0.4714244636180143
1214.5989586178662 0.5295595696396106
1209.911462933838 0.5411696855584549
1209.8337419138227 0.5412044508807514
1204.500053744799 1.0938624974188946
1203.9092637654735 1.094399284552016
1203.280127582608 1.0949714922804001
1201.3765183082455 1.096706500295042
1199.399324235333 1.2115307798852772
1199.3063803217517 1.211624671166066
1198.9620733322668 1.2119726144848697
1195.7513866036052 1.215226856489038
1195.6520573924518 1.2153278118834447
1195.022921209586 1.215967637854084
1194.4321312302604 1.216569079724949
1208.7846153183664 0.5707258928917793
1208.0238001806254 1.0416116589961677
1209.2046057309572 0.5585754110244449
1200.1565921460544 1.0978212722845562
1208.3945238595297 0.9976451249224694
1219.6552225803848 0.44641752637719406
1223.6509506808186 0.4010966540013222
1206.2195201174166 1.0431697163137525
1273.4924795067684 0.33255302936269804
1224.3096437765837 0.40088085924868916
1215.018605079273 0.5293766689016512
1215.2394853143971 0.4981069265396645
1239.7929766228428 0.38122198738124746
1293.783114077661 0.29945344155902065
1303.2819385203516 0.2712462990662525
1327.5555209987376 0.23843788161220564
1263.2309012136002 0.3352544507292567
1292.070930555824 0.29985026129706255
1212.4426358609824 0.5305013885078729
1215.1617642943818 0.4981387851609155
1199.9810393004054 1.1749581656559587

1349.1280380884227 0.13749647681827057
1285.707834362895 0.1540623838172007
1274.487921571208 0.16202277594699782
1273.8013317071266 0.1621101076155607
1269.8470578401211 0.1626149146772961
1265.2757866469274 0.166422956518875
1262.1227541621327 0.1668387140086985
1258.7496422293186 0.16728579708081873
1251.549125418903 0.16824823968060165
1251.0548055245592 0.1939470258862555
1249.2106475450885 0.19695933683103004
1246.5970044782562 0.1982167853785444
1245.7148756073898 0.19835714875743357
1242.7898993609153 0.19882399351432467
1242.5683419585641 0.19885944502716354
1242.13023294579 0.19892958430308716
1241.424073946053 0.1990427413774647
1241.0401218512122 0.19910432107675818
1240.9098000096515 0.19912523125232873
1234.9578482472975 0.20079583053635155
1234.3618142133562 0.20089278845217096
1232.2462357014751 0.2012376906755479
1229.4462257209843 0.20668748288295663
1227.3389350798523 0.22052473008345125
1225.9096613990782 0.22078183727706646
1218.0184698051485 0.2316214701887511
1209.71037924276 0.2388004461975273
1208.1751174962014 0.27176367025053416
1207.7455496109899 0.2793368680935093
1205.5500137140004 0.2798455936662979
1204.7640399617014 0.2800281616082538
1203.9692463176546 0.28663774505213363
1203.2405944878858 0.29008300271688126
1202.9965975378477 0.29014183860059506
1202.8109815072896 0.29018661286455494
1202.1140138418673 0.290354858707941
1201.6349021927458 0.31200617743835907
1201.4404662704399 0.31205667116699437
1200.654492518141 0.31226095004513577
1196.48548395526 0.360220394941446
1195.7988940911782 0.36042722208706757
1195.1829504949676 0.4003505628532858
1191.1541636422223 0.40170465045449155
1188.975433148168 0.4024407515943034
1186.4092476600815 0.40961674088682065
1185.7576696124547 0.4098418267396404
1184.5536254683482 0.4102584120599552
1184.027922137738 0.4154152973361174
1180.394830199465 0.4293880705032847
1177.9538468602666 0.43662863564943105
1176.2240993855498 0.442278476719667
1175.898767823611 0.9374033515475868
1175.5807299225482 0.937656953692286
1175.368239279807 0.9378264693573366
1173.0796258758182 0.9396561168774564
1172.501271986334 1.2264060966036492
1172.334918978474 1.2265801222508639
1170.2320606272447 1.2287842357257115
1168.502313152528 1.2306032192268943
1168.2974987358994 1.2308189564690948