1269.9989031148386 0.2808071266785727
1222.4206285133512 0.4823318605741302
1208.424669920591 0.5443787819155333
1293.2597230883998 0.24937724561817928
1289.298112824256 0.26527518008327167
1282.9127288989039 0.2677533074745336
1273.032387815493 0.28013799670924344
1271.779832997813 0.28041389996567917
1235.5935237377719 0.3377295331299379
1235.3965613432026 0.3776892875414423
1235.2825839385407 0.37772413628400725
1207.6702298628597 0.5663968014286876
1189.3729038373688 0.9852769886246715
1187.8199022596448 0.9870749066913519
1182.2457487333872 1.0260032310137244
1179.9571353293982 1.0279932395290579
1178.4669467798255 1.0292931518929729
1177.83781059696 1.0766270551187191
1218.1186669649128 0.49704986734355305
1187.065467488093 1.0202090803977584
1194.0158815787713 0.8291342651879887
1203.3688370585905 0.7890172260508266
1203.514928532355 0.6963284252492877
1256.7532151297025 0.3265079977965203
1265.5848244235035 0.2975840317743794
1217.4895307820473 0.5069144926153333
1206.0204221659535 0.5684981282533902
1198.138773875961 0.8246678206602817
1258.8592796641071 0.3132587433780075
1233.4259858402766 0.3782927005279457
1230.269778117817 0.4192281308583587
1258.076653816419 0.3164642596291333
1206.8226305806036 0.5667946043122251
1183.1519473223952 1.0235836332761106
1274.056833440364 0.27991274290772034
1221.314214265197 0.49574934505113716
1232.0087194583718 0.38029685080928133
1284.5548716268952 0.2662547132979289
1278.7158662480283 0.2686320983658091
1234.702064355321 0.3779017307535541
1220.828873552116 0.4959464302822036
1271.9484606935266 0.28037672428501403
1270.5042037570763 0.2806954450162563
1215.5664708424504 0.5339350901014756
1224.7503819502654 0.4504150785790497
1198.7008821213408 0.8242811081879658
1268.6735222334926 0.28110048536425747
1276.2534833682494 0.27457618631365865
1234.6600420638829 0.37791459283390305
1231.9432411684718 0.3803170637432975
1187.0737088536894 1.0202019975047978
1292.4883609898418 0.264620401531929
1228.4151749844027 0.4198610616629746
1235.4325348031148 0.3776782899433851
1281.9147693034356 0.2679617511158825
1268.6653502190518 0.2811022960523364
1186.013081490816 1.0211143433895933
1284.5466996124544 0.26625640715410603
1267.8848840054832 0.2812753329324136
1282.9540524915249 0.266586935359274

1213.7270371651568 0.4752393364401841
1209.7779126885182 0.5207454290301015
1209.608000753441 0.5211945850952463
1202.8384761702525 0.6844484483328486
1186.2927850268557 0.9697043259496327
1186.2927850268554 0.9697043259496329
1344.0169825332193 0.1861982577771716
1324.7371431428153 0.234217142927401
1241.1407379666407 0.3753243501847036
1231.0590752892833 0.3972281564486442
1226.261039739759 0.39878240530280096
1216.6536682621493 0.4460468140004424
1212.8703873263235 0.48393159505781075
1212.8075742981719 0.48395665856297676
1211.6934950651573 0.49708663138465764
1211.6903856730348 0.49708790698878397
1211.6306820370057 0.4971124012145521
1211.598194757973 0.4975011206248183
1211.1148372010505 0.5094350622447774
1210.977412545006 0.5112652245385317
1209.7630046966542 0.5207518462114742
1209.6404880324737 0.5208045897990896
1208.8848309918478 0.5454278354067831
1208.452526059839 0.5523232999449136
1207.6754514516492 0.5553395468645881
1205.9792957543157 0.6559785842063418
1202.744766101853 0.7023326337703164
1200.9059268684607 0.7190486008754841
1197.1159299343544 0.7882000049936271
1189.3798786806644 0.9671874109383995
1189.094733507239 0.9674193426880369
1188.4231109534987 0.9679660677083476
1188.0218892318528 0.9682929716279648
1185.563311255123 0.9703009822946803
1184.4126856755918 0.9712436040206843
1183.7299135693647 0.9756177396567284
1182.7502132222526 0.9764258672119004
1182.1616958881013 0.9769119627691889
1181.849814218101 0.9771697628134299
1181.737012298766 0.9772630379022308
1181.5995876427216 0.977376697417902
1181.5995876427214 0.9773766974179022
1181.3593940184628 0.9775754173437836
1180.7878444135224 0.978048603823663
1180.6389511584428 0.9781719479163735
1180.109399093149 0.9786108843197524
1179.7194882914578 0.9789343264246222
1179.3799253214163 0.9792161777943287
1177.7292942869258 1.004082677418723
1177.3547752091524 1.004402078270763
1175.9341696411782 1.039825538315004
1175.796744985134 1.0399470709417598
1175.7967449851337 1.03994707094176
1174.3065564355613 1.0412667580445747
1294.1499357091725 0.31130678407849505
1247.1370864289897 0.3562970366539299
1267.303649284634 0.34005570106092436
1190.2447311547019 0.8535890904161648
1324.7804031996236 0.23420949468103203
1194.167474461026 0.790146107754339

1352.4758278938648 0.2718048910942376
1341.496615892815 0.27402942411720005
1341.1557214101178 0.274099076818439
1339.0918474138857 0.27452153175170535
1329.0311598497665 0.2765996435703098
1217.4564540220813 0.49719988180260555
1201.0074944627981 0.6096615865574503
1197.933565436581 0.6289380671335042
1440.1232258703149 0.23836866501067822
1355.1318852086567 0.2712721537444144
1347.9442686567465 0.2727186528821485
1342.6295321363532 0.27379819697794905
1340.2827884677542 0.27427759893010456
1339.1203916933362 0.274515680134953
1336.2601187561722 0.2751032826231931
1330.9785198679904 0.2761949495208542
1329.9327556750293 0.2764121295152961
1328.842400667944 0.27663893394995637
1324.02184915852 0.277646132004479
1323.8720458226178 0.2776775491772382
1321.7680001731962 0.2781195679272849
1316.9521544134136 0.27913659875670926
1289.8441312750929 0.2969858540613569
1270.4227370272579 0.30498179579093093
1223.4357959184076 0.427822982939898
1220.6990465834283 0.44603579319675457
1219.6164913670887 0.49631930145605496
1218.0325076812258 0.4969647371661263
1194.830415488146 0.6461420504900971
1189.0246679906163 0.688244666700169
1186.7925748513348 1.4099715921920009
1185.3557897134815 1.4116806370594044
1185.2440488914156 1.411813725561327
1185.1663278714002 1.4119063096993012
1184.8010241846828 1.412341635606103
1184.7413205486537 1.4124128088905141
1187.4355392304892 1.4092081305307584
1367.4884004512744 0.2688209603730231
1187.773596086507 0.7208801133908035
1188.1986034092536 0.6977610674666276
1245.7125426474188 0.3950057368781203
1225.3519097266658 0.40645240070654626
1224.9117942631406 0.4154820180447083
1249.6865269740051 0.3100423981447487
1315.962837988421 0.27934644846826245
1355.5805831403177 0.27118236250970934
1349.1027715150994 0.27248446365241674
1189.1023890106317 0.688199682283343
1208.0316799719928 0.5730025702762085
1189.5321677337606 0.687951035303688
1216.8591196340617 0.5202012336424806
1197.718860883262 0.6290508113435014
1202.67351703981 0.5879536711446424
1192.9306665799197 0.6617184213730534
1209.742941519147 0.5502365221964748
1329.9081133232517 0.2764172512563118
1199.694186657853 0.6140052757079016
1211.173397573512 0.5359925377602108
1212.1644713757228 0.5267098997705101
1201.9069562008997 0.5899868344110716

1239.1291943631556 0.44560492186014733
1233.9559448278537 0.46709070573346567
1187.6325663598057 1.2083344630707868
1186.771484809229 1.2092111899945412
1186.6701679844846 1.2093144313513402
1186.252822392013 1.2097398904426147
1186.158821291955 1.2098357603029102
1183.4117882401627 1.2126441308581293
1183.3966167226085 1.2126596773380312
1182.6039624417408 1.213472476816982
1552.6915788998044 0.19997362271314487
1352.2148246784366 0.23509937750437182
1338.7551325914508 0.24701347406878132
1265.9660129406595 0.3248544774583942
1247.3917709560003 0.4198637556508692
1244.0887437186784 0.424695652422336
1239.5761697723333 0.44269431731840714
1237.9347428141773 0.45045671021880207
1235.7488668511846 0.45582309449532527
1226.8696065891118 0.5094749983063986
1223.292071528961 0.5118544455509869
1220.793003001615 0.5410928956181161
1220.3199035523435 0.5413026690965101
1220.2300059487377 0.5413425483098879
1218.343389919861 0.5421808222622106
1217.3371366448932 0.5426289899978386
1195.79193954114 0.7398696213042065
1195.1407596707074 0.7402727438654942
1190.4445156781262 1.0279857709465803
1187.8933560157434 1.1088803282008184
1187.7105321196284 1.2082551434790296
1187.537972590318 1.2084307133922938
1187.3791812514482 1.2085923200078896
1187.3361273492555 1.2086361446792173
1187.2152077426583 1.2087592460395946
1187.1700137044224 1.2088052619521874
1187.030472093725 1.2089473633027743
1186.7382136490528 1.2092450912026815
1186.6870660188015 1.2092972111107678
1186.2256325155295 1.2097676192973088
1186.0858751874764 1.20991016706183
1185.9213232697577 1.2100780475395234
1185.894762074124 1.2101051503826934
1185.725872567701 1.2102775123647471
1185.0663764817202 1.2109510385892652
1185.0220352859549 1.2109963499973788
1184.5497749662413 1.2114791541272754
1184.4515739240458 1.2115795959842095
1184.388359486278 1.2116442617016303
1184.2840882496898 1.2117509418864998
1184.1445314679122 1.2118937522084425
1184.0164249117433 1.2120248749967515
1183.913774066382 1.2121299632056588
1183.225215152743 1.2128353427732725
1183.1231924046053 1.2129399276512487
1182.7918687418514 1.2132796963883785
1182.7541991509465 1.2133183381871977
1182.640954185738 1.2134345206959367
1181.5934961154323 1.214510205172594
1181.5337924794032 1.2145715751272281

1229.4987281895767 0.2992991869531537
1200.2261103999213 0.40413659935622204
1508.3633362336757 0.23511550223778113
1358.076398324663 0.2447011608348085
1247.6809522161707 0.27702509537968306
1209.2429281957825 0.378488519145624
1189.5784576082533 0.5111854300200749
1189.5049736888682 0.5112170094667869
1183.5884263192204 0.5875874302945178
1180.8828909696676 0.590453639157908
1177.569347433075 0.6495552435225752
1170.0418779656493 1.197237205388133
1169.4127417827835 1.2450024798950772
1169.4049429445215 1.2450107828982713
1298.985237908646 0.2516702068077966
1177.2685205163293 1.1898879854090578
1177.1310958602849 1.1900268993734424
1210.5473596937238 0.3651502547745835
1184.6626697831534 0.5585632387852415
1178.1984836159406 0.6057793025510086
1191.6903782652835 0.4689440224940616
1191.3590552367614 0.510421415543985
1179.4655340220306 0.5911631838996387
1188.6535688032923 0.5115831823121584
1187.9278593478157 0.5212955891963178
1216.8273941958914 0.3389197850212162
1197.3628291156633 0.4394545411574415
1184.5001556885381 0.5871351545268291
1197.5583337323085 0.42344654370632256
1193.4236136462828 0.4575781693876135
1176.8284050528039 1.190332984951891
1228.208173942557 0.29978473263558625
1223.924620583324 0.31421526795771965
1193.9012170465219 0.44976126913961284
1231.6860569734533 0.29876766699081675
1169.8810766583267 1.244504071900362
1200.4541243709211 0.4012989313548778
1199.197220935706 0.4156633835198341
1192.2575082162684 0.46872095642095324
1232.8380709596454 0.2884433660701608
1209.340867310445 0.37845786705118395
1205.78009521399 0.3924339627236684
1179.3738511168901 0.6051755810895807
1241.406431283292 0.2851545615557738
1200.979173485566 0.39533847873695344
1239.0399131614968 0.2869996028616185
1203.5477242042452 0.39316185924493247
1235.339009126083 0.2878594137965489
1236.2307254885409 0.2876517754131327
1203.1913634325424 0.39327830577856193
1205.9229867867746 0.3908990438511223
1202.684413418653 0.39344407864495345
1190.6468137303182 0.5107267481696937
1180.296884026929 0.5907467941569547
1217.849145281006 0.3296808327846716
1179.0298336208393 0.6053521593085034
1189.1731616841585 0.5113596530667422
1219.8703212599667 0.3184593340868051
1221.0319093750586 0.3181563783861595
1198.5797076811111 0.41587753502526026

1323.0195405410673 0.21152508517058596
1333.9586578792075 0.2097904753961572
1281.9379644415976 0.22102373474968875
1252.4748282816427 0.314855570054335
1241.748364260217 0.326076972630797
1237.1309576492806 0.34178728777949935
1237.0212848812018 0.3418175902151996
1234.2159200573642 0.36972338709419145
1224.5991234648964 0.4067022553548571
1224.1590080013707 0.4157375152090081
1221.372110403062 0.4797752749192161
1217.6451807149674 0.5841522140273193
1217.5259443877417 0.5967389241033247
1214.423468635112 0.673371959758884
1214.4001826420954 0.6733848715938595
1206.568496729046 1.2043321225641332
1200.4274919096447 1.2104931022306857
1195.9053176338587 1.2740533694318092
1213.2055708071753 0.7087621950878606
1210.635655377344 1.1382035855527683
1213.0681461511308 0.7106117842216765
1218.81102845279 0.5729294324793031
1243.2051687778041 0.32193085062604687
1227.2268362026657 0.40437206533652065
1222.373214914464 0.4661199663061341
1216.0088952113883 0.6348927355889769
1252.0610960096747 0.3149596112315232
1239.5438918849368 0.3281538905944581
1322.5637191902863 0.21159798725359905
1304.2145911690632 0.2145749809043672
1323.078908515452 0.21151559381239313
1231.8129069788197 0.39212424962914405
1235.7677156645505 0.3421643317616668
1215.7509540370443 0.6726367010747907
1213.570874493892 0.6738450371866788
1203.739157479255 1.2071628555539036
1220.201085122123 0.5528006184853517
1262.1093434676866 0.2640289667236595
1198.760950233569 1.2121759541813408
1196.0084136603957 1.2149656993109708
1275.6320937103137 0.22211632806617018
1220.33871692425 0.5023245570600696
1310.7156105647593 0.21351071028651028
1260.513061053008 0.2667094058837007
1208.5616089037387 1.2023459854916232
1214.788919380408 0.6731693860601702
1220.4164379442655 0.5014009907902913
1196.5516523523154 1.2144141005764544
1288.1537764647892 0.21725032065917196
1255.745675712964 0.28491945766827015
1291.4376795585254 0.21669789059505015
1280.5307195032424 0.22126662976754782
1276.7447376814018 0.2219227604829179
1259.3257361459948 0.2841094774957689
1259.5927132176257 0.273839320067689
1233.0536423971957 0.3700718887477173
1216.3900902138182 0.5991048183375002
1217.1076575399554 0.5987516055054988
1220.9319949395367 0.4888607566265884
1269.526515218706 0.2381809787629427