1264.668951504164 0.2273832277059446
1230.2017926779636 0.3906273036353602
1196.6230282636373 0.491446252713244
1319.6417130364202 0.21973462791781018
1274.4576850584892 0.22563676420477796
1274.3585097360647 0.22565432409759453
1273.574839882725 0.2257931761583712
1269.9095737394287 0.22644486987032872
1269.3256902759233 0.22654903337692578
1268.8947211218413 0.2266259788032463
1263.5143048042396 0.22759101901664883
1261.1895938355494 0.22801053035805968
1259.7899495303946 0.2282638532556189
1257.6876648826328 0.22864540712446677
1257.6817357350837 0.22864648503815252
1252.821149041535 0.22953356781413647
1252.1944069475041 0.22964845280974422
1247.478395395456 0.23051662396233352
1239.0708924926046 0.24519739185117004
1237.8348451617974 0.24544223516197453
1230.1398937858203 0.39064695944642536
1228.906348018771 0.39103908119273467
1228.6786422733855 0.39111155078925436
1227.0304240435214 0.3916369144438873
1226.7062065314542 0.3917404237808081
1224.3331706529882 0.3994103391773045
1224.3096450722728 0.3994180140005902
1223.9300826558374 0.399541880607605
1222.5239608409636 0.4000014254282166
1219.0949705354267 0.4605256161435256
1218.671802580319 0.46068552768233817
1218.6631270674225 0.46068880724594186
1218.5737165276855 0.46072260941510734
1218.5303279954 0.46073901448714694
1218.506802414685 0.4607479099260993
1202.5325042894028 0.46787623878877055
1195.444050609833 0.5432677469118237
1188.8192055114491 0.5536305206042448
1187.9020455391405 0.6232717736250509
1188.3270528618868 0.5732979386498666
1256.6616242436555 0.2288320918095875
1239.4280907968098 0.245126726926585
1195.4911121206442 0.5432463607210897
1230.6083294543719 0.2722959077798839
1233.6687411396833 0.2462710945218707
1249.4283116095405 0.23015686894597637
1217.1030172453995 0.4612793284449666
1245.471716114273 0.23088802776644127
1220.4707948740097 0.40067433732162006
1219.1491402671613 0.42921591666130476
1218.8786743346425 0.46060733874909177
1193.5214378836886 0.5441428828337797
1195.3512383710815 0.5433099285687408
1224.8261071801903 0.39234174254132154
1245.2156460010674 0.23093550831617404
1227.2178178316155 0.391577112244238
1243.6915353925535 0.23121851358564072
1239.4224608951704 0.24512784038015334
1222.226536127712 0.4000987644285914
1230.0305645773808 0.39068168144771986

1336.8131403110299 0.22264217759647625
1333.1699656267522 0.2232505954021464
1332.1501944422987 0.22342149544408837
1328.080628423757 0.224106113912434
1326.8869897703555 0.22430771489435017
1216.4332376068403 0.39110530618600065
1345.8583967280879 0.2126419393757522
1339.5990451262837 0.21884309997767806
1337.4979901237516 0.21918687723444624
1334.1427353461954 0.22308781565354735
1333.4406940618042 0.22320526883862782
1333.2920638607561 0.2232301508917666
1332.817023642862 0.2233097141758776
1332.5929034672201 0.22334727119140232
1332.2432779742871 0.22340588503549264
1330.275691759826 0.22373632055524856
1330.1955454628558 0.22374980100754102
1329.9282882448583 0.22379476489760436
1329.6047554835302 0.22384922088383596
1329.2789541779082 0.22390408549159735
1328.6300242629088 0.22401344479893853
1328.4525109703025 0.2240433783975022
1328.0497742609796 0.22411132049930454
1327.861720990977 0.2241430593965092
1327.7194696800398 0.22416707399052904
1327.682057321044 0.22417339072803474
1327.562246036668 0.22419362217250843
1327.4185506465756 0.22421789152596794
1327.1644895818652 0.2242608138891681
1326.6911308772683 0.22434082935462482
1326.516095237992 0.22437043143832575
1326.3187687728052 0.2244038127228032
1326.3005640823683 0.22440689287073803
1326.2371444282705 0.224417623838109
1326.0482878796481 0.22444958552327196
1325.077331768018 0.2246140519220186
1324.7328512699708 0.22467246004589075
1324.5318658816514 0.22470655200153952
1323.5968735629965 0.22486528530188896
1323.3454038817263 0.22490801549270517
1321.9541861396092 0.22514470752392565
1321.4695037949077 0.2252272850366313
1321.245743098021 0.2252654285951033
1318.7574554760956 0.22569046898087958
1318.08442292884 0.22580570972615144
1317.205709625512 0.22595634563643777
1316.9741150084265 0.2259960808694612
1316.135801212935 0.22614002926152327
1314.169947202078 0.22647830992642928
1310.5986654496714 0.2612094211297297
1260.6195232365258 0.2752046606299631
1223.3968964106207 0.3369318655240208
1222.0684916789025 0.3736001564553348
1216.8310381964254 0.3820511142937623
1216.2663119905617 0.39115898315922704
1216.2019020135597 0.39117969891461907
1203.5813967675144 0.4369338575319538
1199.9100312121445 0.5976543514378442
1189.6396759875518 1.189280489876315
1187.0651961590959 1.191859774183082

1245.4283154231177 0.3386345206714725
1244.9312048950287 0.33876974001912663
1243.7661863882122 0.33908706092798474
1219.348913873215 0.41021359513146327
1215.2862892041144 0.4722647256616899
1335.9820435017273 0.229816049838081
1283.9435147247225 0.24594080147667677
1252.5290164812902 0.33671477073544254
1251.3612161000228 0.3370290010572585
1251.2614454389834 0.33705587442281093
1249.436171017033 0.33754827209835714
1248.7246817253515 0.3377405979044682
1248.5345112654584 0.33779204084356884
1248.4601335966995 0.33781216498197514
1247.911562384399 0.3379606643103409
1247.4502046728 0.3380856558796337
1247.2301700110538 0.3381453004943339
1247.0299589214378 0.33819958983884896
1246.1486858440737 0.33843876370043247
1246.048400701559 0.33846600211238426
1245.6038548472884 0.33858679786736295
1243.3040774266485 0.33921309218007345
1242.975932668006 0.3393026441941844
1242.2307935113058 0.33950617133864225
1241.2527346985255 0.3397736889791586
1231.6639776402233 0.36877986444855637
1215.8957414587867 0.44779782421486236
1187.1274217320743 0.9961336596510441
1184.9758426722674 1.0318913997543235
1182.2107155985454 1.0343049380592586
1211.3142266181746 0.5443339326285473
1214.6976155644625 0.5063792174081255
1231.4666741745407 0.3688389497221213
1219.960925215105 0.4023098542251052
1225.3101529430812 0.3990918754586134
1215.7062796167052 0.44786761130248237
1239.2736533742657 0.34031629694996685
1215.9423598026044 0.4463077448493381
1274.078767346121 0.2674649189365389
1211.5461677401436 0.5424582057727391
1242.0365063843417 0.33955927901967814
1243.0458544349476 0.33928355830099277
1268.7931089872532 0.30341135426024934
1218.4309579416204 0.4453961785303594
1215.3640102241297 0.47223452491863105
1255.9333570227668 0.3258708227714335
1211.8169549609363 0.5318946923397843
1219.3414183680554 0.4102161167862456
1190.7786853298549 0.969842605404623
1258.4302010791216 0.30839495430503117
1213.1925671239371 0.5070074154964812
1196.3114965312618 0.9653571883152252
1199.8083250651428 0.9587808497835868
1208.957169094207 0.7979238808679081
1195.476816158788 0.9660311994600854
1235.8726761137762 0.3412528076518139
1187.2051427520896 0.9960684472279239
1212.7398653879552 0.5071966754884231
1189.3188083573345 0.9710330775275308
1214.9987065374125 0.48279146039190174

1238.8652731743466 0.36695986669818786
1218.4458183932818 0.4967961610618103
1212.778902332273 0.8215593675651456
1198.0654573240045 1.0997374382810194
1189.2263736109421 1.2218945281818103
1581.683792384907 0.19610260874522015
1334.0000622782638 0.22029399485163625
1329.098726006693 0.22481949596566975
1326.7364996051301 0.22521978234439996
1326.5836850339288 0.2252457263273189
1274.165292023313 0.2727745030790302
1248.93184786999 0.34744793204000346
1247.4370987137386 0.35518278908409356
1238.3239273373429 0.3671202869176466
1232.0813258050393 0.39689857862021866
1221.8248846809693 0.4481314156590709
1210.091711606522 0.8618707921992907
1198.6860180906692 1.099168103277916
1196.8884466538914 1.1008189114147924
1191.5541133532527 1.2195075174516334
1191.17640297123 1.2198942113528453
1191.007065467439 1.2200676560339299
1190.8265151215799 1.2202526398535467
1190.7487941015645 1.220332286610542
1190.0041002541861 1.221095959563771
1189.8966982593417 1.2212061776542535
1189.8685117529703 1.221235106510986
1189.4409028833047 1.2216741455269013
1188.6355836316166 1.2225018489224841
1186.780980498202 1.2367505811121038
1217.8166822104163 0.5423010786965711
1213.2421932134694 0.8011761938430756
1258.4862644654625 0.3174529161079023
1194.3600445474106 1.1031492914933807
1231.335098443307 0.3971391115016199
1203.2008840984677 1.0515210327706321
1208.7924130316935 0.882772818937912
1225.9477769781593 0.4064121120382442
1194.30389598156 1.2043071041488094
1198.7621278921206 1.067629578127755
1315.4786899868388 0.22714720348105982
1206.006485292367 0.9972330993835186
1304.2880188984393 0.2290961055686165
1219.959961991471 0.4875631300308298
1207.2966630741992 0.9404470016054485
1320.3269214255959 0.22631312050110095
1208.2720356790078 0.9396878296519862
1282.5644710298145 0.2600944182626202
1205.6695825689194 0.9975117582731113
1221.5888044950698 0.4591354601448159
1205.7292862049485 0.9974623648647964
1295.7879741491315 0.2305989186739041
1291.316181246426 0.23572242084650835
1225.7116967922598 0.4079515612243608
1209.9971951405976 0.8619381154804432
1191.6693638496004 1.206969575685694
1269.5431590439462 0.2751783402640447
1232.4675485759437 0.39677420109078204
1237.06749050284 0.36894091392106076
1239.6670906472789 0.3621395949492078

1265.65930441805 0.27947329007946053
1246.7898489568238 0.3354552255435751
1246.1110498046626 0.3356379594361305
1227.995927662375 0.3716663876866169
1227.7451299550805 0.37174230985941636
1225.6536854718056 0.40044125661375785
1225.5410060074285 0.40047807423641474
1225.2422766369305 0.4005757157929429
1225.2068375238525 0.4005873024472558
1224.9650775495122 0.40066636264067335
1224.5036935656549 0.40081733077867415
1224.3920455675013 0.4008538798993326
1224.056775539694 0.4009636740642326
1223.9258624605793 0.4010065617838199
1223.866650726206 0.40102596283049785
1323.8554899393964 0.22246512278448002
1308.9065581127102 0.22500588165967098
1272.5187150278355 0.27453488524264524
1253.9364773127545 0.320473744120431
1251.419954692253 0.3276467764391503
1247.8940803569526 0.3351583892982453
1247.8560375907414 0.3351686071053189
1246.1960331257199 0.3356150708795089
1246.125405254542 0.3356340928638866
1239.5072870861536 0.33874956248392724
1234.2610908138752 0.3453182457848409
1234.122416359765 0.3482267548252326
1228.2320078482744 0.37013677594797834
1226.7678365420484 0.3852695908801426
1226.7373608048533 0.38527916210147817
1226.5857348149862 0.3853267888858689
1226.1703439213559 0.38545732640862707
1225.697661963043 0.3856059754022142
1225.4590024375927 0.40050487287403785
1225.4294466792207 0.40051453252868513
1225.3618975937757 0.40053661122268797
1225.3386177392192 0.40054422090210134
1225.3379720162175 0.4005444319790634
1225.300216223162 0.40055677415650137
1225.2627318741368 0.40056902835271274
1225.259213646399 0.4005701785526465
1225.1633654186767 0.4006015163666691
1225.118739485035 0.40061610859851565
1225.047347986272 0.40063945511199406
1225.0260458663004 0.4006464218779391
1224.980893751815 0.40066118948223484
1224.9048759047591 0.4006860545975776
1224.8973803995996 0.400688506512683
1224.8880583961732 0.40069155595022554
1224.8103373761578 0.40071698205538625
1224.7719331512506 0.4007295470274324
1224.6434729269217 0.4007715819613902
1224.6221708069502 0.40077855332327117
1224.2626485444125 0.4008962476860279
1224.2485115513064 0.40090087703001837
1224.2248555696249 0.4009086237309287
1224.2158960678023 0.40091155780616544
1224.0998185063047 0.4009495749966778
1223.9507658743291 0.40099840260568714
1223.926354362235 0.40100640061743026

1317.9717881393872 0.20271227170514555
1246.8757669249612 0.3446650063349084
1236.6987337071987 0.3541357588455234
1228.5894504863334 0.3846983565603473
1227.9533256009745 0.38489764442647606
1224.6476146747223 0.400770226555314
1222.2352699242176 0.44547517233005446
1217.9465511829655 0.4750633812518085
1351.1374455503783 0.190626143306027
1347.8211904923348 0.19109517058975967
1329.8643050394753 0.19446237699910768
1291.6649242090875 0.2280093456115263
1282.6543943407614 0.2507126701042032
1282.5005286311984 0.25074274890886705
1282.3346977612168 0.25077517483344486
1247.5289850444224 0.3444845364380313
1246.9331975527211 0.3446491319258225
1244.2312271191283 0.3453975713992339
1237.4860139358652 0.34998256912190334
1237.01169369314 0.35404616363581387
1236.9171772272157 0.35407321734060265
1236.2810523418568 0.3542554047035512
1234.1261320311128 0.3629382679944329
1233.4894493181878 0.37001111827947053
1229.5326065266772 0.3733389444800044
1228.5867667974032 0.38469919688416393
1228.3732113865829 0.38476607769389776
1227.737086501224 0.3849654357484471
1225.9519287429614 0.3870642749509698
1225.2837395600811 0.4005621605325704
1225.1074826151837 0.4006197896497367
1224.7421311406465 0.40073929809739745
1224.7104277028739 0.40074967182584204
1223.3001485983875 0.44508738768747924
1222.6640237130287 0.4453189567514054
1216.737171642767 0.4953998888891279
1198.0864710578974 0.9616536438251635
1190.2603539114368 0.9679766420214525
1189.551662560386 0.9685533270834055
1189.5516625603857 0.9685533270834057
1184.858465176252 0.9746884852350761
1199.3064513458198 0.7882537077311974
1215.2478304771128 0.7779135525040475
1272.064028003783 0.29563407319772067
1250.116634005252 0.3380713690576033
1212.6620962221132 0.7795722814495673
1216.5246413875302 0.7770970885563334
1276.6406037814165 0.2518936865031136
1341.6909566317029 0.19196829124363476
1215.178375613299 0.7779580150133649
1196.7411804187598 0.9627346659093855
1211.8905155022742 0.7800686158414888
1330.9111632595584 0.19430941822659287
1191.5548993394154 0.9669249995524284
1196.7849625220447 0.962699446091374
1206.7647758036755 0.7833819613683225
1288.8086732720558 0.24733109009251003
1331.0223034182134 0.19350699057422066
1224.0334397895954 0.41635278312409263
1218.537341162291 0.4748330537306836