1334.6286804495712 0.2196779133328481
1334.46542906886 0.21970478755669995
1277.5470939948102 0.27345432590425073
1274.4466513824896 0.2744647552991157
1234.2205821965015 0.3976617381555481
1418.7999222704211 0.1544899382383404
1356.1388537375337 0.21619352825656735
1356.1250063853379 0.2161957358022686
1355.765322264683 0.21625309246410704
1350.389483066779 0.21711398620307215
1348.588290552464 0.21740396653987443
1347.126994318313 0.21763979552922294
1347.0890703221205 0.21764592264506025
1347.0630041077823 0.21765013418175316
1341.8732463610118 0.21849190628878237
1341.794431109457 0.21850474021785343
1341.7754709163962 0.21850782783731662
1341.250562678776 0.2185933424771668
1339.8102941053771 0.21882832583481765
1337.6887784167395 0.2191753779547632
1335.8085330482552 0.21948388286328094
1334.986492985027 0.21961903370255498
1334.6425278017673 0.219675634102738
1325.385992972383 0.22120985520438005
1324.913179014068 0.22128879706178942
1314.2575233091693 0.22308294865766878
1286.6122359170774 0.2453453941651465
1279.5164973236608 0.27303343108902095
1275.337418589131 0.27392811840004033
1269.4250767347667 0.2840009406734813
1264.8604212679354 0.33484801052316904
1263.8850526342858 0.33510642029375975
1263.1648460393021 0.3352974847099946
1261.2132944923374 0.335816310770453
1261.1636843136143 0.3358295207188543
1260.4642729626328 0.3360158671182119
1260.4043805661302 0.3360318340537882
1260.3841119465878 0.336037237883727
1260.3798133676587 0.336038383953011
1260.2896403912162 0.33606242730011854
1260.1478722456898 0.336100234725857
1260.050540690665 0.33612619650868525
1259.9906482941624 0.336142173931584
1255.4287347561972 0.3373636303882401
1245.6885165837236 0.366387587628914
1237.6958219214328 0.3687536165546844
1236.758311032357 0.3821574015499842
1236.633455707893 0.38219598564792084
1236.2713616810915 0.3823079278054116
1235.9951229755627 0.38239337170816434
1235.8439016160326 0.38244016244400836
1234.2293517570647 0.39765891265258024
1233.2308206520486 0.3979808919502275
1233.129849013473 0.39801347958308236
1232.528652811195 0.3982076204591059
1232.3144626781605 0.39827683342850984
1232.1712559449586 0.3983231223870861
1231.746517930254 0.3984604744881482
1223.3100690440751 0.42922003513303214
1312.5429432774768 0.24049833018838085

1357.5562324179243 0.21344952959345284
1273.8637068355179 0.24023833013574475
1265.2129946630405 0.2418809252209734
1258.8715703995797 0.2528545902724339
1256.3995086730645 0.25385021922391665
1252.6666481804157 0.2752360924766551
1251.64283847189 0.28258599269474316
1251.42763958771 0.28885509776355345
1249.8053368414865 0.30358468287019313
1249.1617565403833 0.3159007281800035
1248.3220730376636 0.3161132187188469
1247.3645369136382 0.32540152585593435
1245.2513264436905 0.32595373720216886
1245.1885134155389 0.3271626486750748
1230.7998407945422 0.3385826232065065
1219.6611108553109 0.36164950841259
1216.913059623968 0.39182298472955346
1210.4663511253943 0.4254875093762833
1209.4368552024357 0.42647121509207453
1208.8620555577934 0.4275871931710324
1208.792066121282 0.4276119506024784
1208.711296435797 0.4276405249054254
1208.6423126565223 0.42766493267211547
1208.3060184743451 0.42778395982796824
1207.9588501143014 0.4279069052873872
1206.5531432707833 0.4298223102002363
1206.4934396347542 0.43048688838757077
1206.4423380538788 0.43783005653342955
1206.0915771098462 0.44481987411487217
1204.4934396347544 0.4527875277209988
1204.3562796592755 0.4539236486949276
1204.3087477440492 0.46472325830461897
1204.039658810129 0.4677324681762374
1203.9799551740998 0.4684003136781176
1202.0580067752812 0.4883163894417159
1201.3807083168351 0.4885916859697134
1201.037085386965 0.4887314745813107
1200.9891746997241 0.4887509713938688
1200.9882433690939 0.48875135040569734
1200.4845749423484 0.48895640812061253
1200.1550273621133 0.48909066944307755
1198.7493205185951 0.49109029039233765
1198.689616882566 0.4917622467795363
1198.6385153016906 0.49915583550638
1197.0331278988037 0.500793482290815
1196.7841333484905 0.5142701027188951
1196.6896168825663 0.5143107205967088
1196.4677326315475 0.5144060992232427
1196.1761324219117 0.530051774133852
1194.9798532852817 0.5446247668617697
1194.8853368193575 0.5446678471529344
1192.8285334789052 0.6881163317896517
1190.731618295908 0.7053578569264879
1189.3322377557301 0.720557153296426
1188.9487525763575 0.7980001307395768
1188.3444602611485 0.7984059266705272
1188.082648403527 0.7985818674092281
1187.1545789059544 0.8956362068763691
1186.242894565026 0.8963245460931676
1184.8146743064274 0.9191766384150899

1289.0584166146498 0.32232019446823434
1285.8435919362473 0.3231260490231912
1255.8553696689132 0.37601036253396186
1254.103634017253 0.37653557491639833
1250.108441689746 0.3777389361527292
1230.3052450359853 0.4440798055912863
1224.795661111121 0.48915046264173484
1223.2890939723122 0.4897528860726151
1351.7644063255398 0.2336399005010334
1299.319608287166 0.2756785256121016
1296.0527716726904 0.3021085483507168
1292.8029756250764 0.3213866051965551
1292.458338483903 0.3214723037119567
1289.0646583031648 0.3223186337844912
1285.0126618868487 0.3233349926016012
1259.1903196042047 0.3750145037549683
1258.5014903738581 0.37521976449877054
1258.4019758264944 0.3752494369132639
1257.7658509411353 0.37543922224163717
1257.7030379129837 0.37545797267295916
1257.5922771111157 0.37549104064489086
1257.537756891532 0.3755073199604625
1257.4329755357312 0.3755386108259512
1256.6502401748342 0.3757725242416959
1255.9621022489443 0.3759784088977496
1255.7925566407616 0.37602917005863007
1255.3259773635855 0.3761689324960581
1254.9084536139096 0.3762940886082471
1253.4675091318938 0.3767266637541084
1252.6791653541839 0.37696374770144464
1252.0430404688248 0.3771552714854044
1252.0189229619682 0.37716253658713667
1251.8660562862306 0.3772085922996399
1250.1325591966026 0.3777316488284246
1236.0861706121134 0.4420029339564282
1228.5224156701884 0.4447242533506979
1225.7368982691332 0.4887748464781459
1225.2073320876573 0.4889861075621046
1224.8004399276983 0.48914855411830244
1224.2123588831412 0.4893835288680361
1223.8451310557605 0.4895303736325424
1221.9719093362387 0.49336645865929973
1219.3855326048101 0.6195079998728021
1218.6611866883045 0.619876222061916
1215.4580725389922 0.6215097907900919
1213.977139167704 0.6222679719452943
1212.795534096369 0.6637727036568184
1211.3351802418022 0.664572930581746
1211.012704730572 0.6647498969295819
1209.8542468705145 0.6653864072737514
1209.7765258504994 0.6654291544333899
1209.1473896676337 0.711348073343052
1209.1473896676334 0.7113480733430522
1219.5245129857585 0.5322569511625933
1277.9560509802095 0.3251203820393213
1262.406467384894 0.3370236379772352
1246.3135812465744 0.4226970237076657
1259.291278943579 0.3528081667702027
1248.432823772396 0.386488388048087
1213.899418147689 0.6223078132210863

1268.8163210115667 0.24656163331892586
1268.4384439560818 0.24663508582617058
1268.3879297122733 0.24664490820350904
1268.343927490157 0.24665346497095936
1268.2982060157576 0.24666235669691994
1266.5717765996824 0.24699857542238635
1266.4315386593587 0.24702592674018184
1251.611127460957 0.28865454928943907
1223.286278666856 0.3385193837377001
1223.0286742482838 0.3385906854911744
1222.6460044233902 0.3386966592872353
1220.9280112277443 0.33917324640022845
1220.779337066991 0.33921455304445763
1511.294980853697 0.19670643705767987
1310.5727526143378 0.20953284648602477
1300.5760260650168 0.225429684785438
1290.0622304155077 0.2272668997532803
1281.3264576209222 0.22881635031536482
1274.439194860681 0.24547379408283315
1270.4933855022216 0.24623616939702317
1270.1059229079192 0.24631128699413446
1268.9988468546842 0.2465261692441448
1268.8211137809753 0.24656070197167712
1268.770599537167 0.24657051842503558
1268.726597315051 0.2465790700316165
1268.625672119093 0.24659868656745448
1268.392722481682 0.24664397622703996
1268.2430022941992 0.24667309334599544
1267.1369722676939 0.24688840380882832
1266.526055125283 0.24700749204829953
1266.3763349378 0.24703669506402154
1264.0317188001525 0.24749491633586432
1250.0115808710984 0.2890239189873113
1246.1383337646437 0.31766691539601366
1228.4119337166226 0.32225095652242425
1224.4423058567465 0.3343931318752639
1223.3647725196138 0.3384976635678377
1223.178625112858 0.3385491772723551
1223.045420548909 0.3385860494070904
1221.37506160842 0.339049101464177
1221.3138069879458 0.33906610636816925
1221.310681052638 0.3390669742052643
1221.2192905220213 0.3390923484447049
1221.2161645867136 0.3390932164161381
1221.158585548514 0.3391092050530705
1220.9141182180153 0.3391771059159321
1220.8334947618198 0.33919950506426694
1219.672261013756 0.3395224524044645
1219.3494972303145 0.3396123245465783
1219.2112947359194 0.3396508209668315
1213.6405891520426 0.39896227434885073
1211.2575211191572 0.39974720589788215
1192.7222706593302 0.7268684370575218
1197.9008136242894 0.5432967542871464
1236.1324274979067 0.32010552117384283
1209.658007884254 0.4610080838300944
1217.8588419483244 0.34002800893295954
1213.735105617967 0.39893120619894384
1198.7218394782315 0.5429246407017072
1211.853245660586 0.3995506975980747

1282.1540574597623 0.1837451145549239
1307.5032844747489 0.18018275515051246
1298.2812189315578 0.18146264517242794
1291.9249451986286 0.1823554418084121
1287.0452628081978 0.1830468212524032
1275.5600518118954 0.18469498463075612
1255.8836773623534 0.22194184124738947
1241.6684901820827 0.2504508317313658
1208.314412006232 0.4072474174934143
1208.2198955403078 0.40727927559043814
1200.9763879717948 0.5443184282789924
1200.8818715058703 0.5443612693405482
1247.887508090468 0.22336399229836337
1263.145010098748 0.18651029159873497
1218.6808575390812 0.3430766949344875
1236.405998825417 0.2644351855819736
1204.1471075711047 0.5003919268230421
1229.6076970653855 0.26689647811600387
1239.4238253509413 0.26379132227951907
1207.590759357442 0.4498635056331214
1235.4341015510365 0.2646432127327498
1229.70221353131 0.26587676768928575
1258.2072762143582 0.22153196934688205
1207.6852758233665 0.44982829819161985
1254.952596384086 0.22210650549627226
1281.9968363832443 0.1837676486235701
1275.035179068712 0.18477101497472367
1226.4317963053686 0.2675876186508856
1280.28755207793 0.18401299284886302
1232.3012275620506 0.26531601400811033
1210.2069445833495 0.3896030042423422
1212.8346573211188 0.38727895849957367
1201.126338836369 0.544250474545663
1258.4327641881446 0.20141608222470817
1250.2849787716837 0.2229356830473791
1243.9853990950655 0.24998436985430156
1240.5999623906873 0.25066654483969714
1220.8232232761718 0.27894583859996097
1220.0675595678952 0.3323222053030038
1201.6055241546603 0.5014503339270131
1274.7217072306817 0.18481645274310116
1240.080785903459 0.2507714897575565
1244.0870876824756 0.24996393675303658
1203.9971567065304 0.5004542477360403
1207.4335098219758 0.4996719168955156
1244.9488826577488 0.24979090341191384
1236.4277662138068 0.26443053018394247
1212.1985056082044 0.38748219928207367
1201.511007688736 0.5014897803516368
1245.4464732936785 0.22423949535556237
1255.3662664613253 0.22203331664474849
1242.4433127131513 0.2502946435613586
1209.5520617177365 0.4068307098007699
1243.5118405045466 0.25007956978886103
1229.2020392657882 0.26698455854100667
1244.5711705955844 0.24986671188270823
1241.924136225923 0.2503992772422943
1243.1055323352848 0.25016130812042475
1242.9834663169606 0.2501858749756151
1213.369544509873 0.36570546313283925

1214.659917990043 0.2056821037939807
1196.982082146702 0.30527306443150865
1196.8820835065537 0.3052985697772212
1196.518146389081 0.3053914304511597
1256.4858887543662 0.12385282355524127
1254.0636757043667 0.13565083843398656
1210.570277851066 0.235001460318992
1204.0978365706621 0.2893531433449264
1203.1011875902843 0.2895928434784301
1202.4272091015512 0.28975516461148343
1199.7066314908802 0.2904122430944444
1197.0714852584083 0.3052502651565978
1197.0084650726574 0.30526633599399955
1196.515586989307 0.3053920836969399
1196.372430651316 0.3054286265085538
1196.0144424471464 0.30552004668010463
1196.0118830473723 0.30552070047623286
1194.4186431394025 0.31510632897986235
1192.9690289353061 0.3388064024216494
1192.2083402061999 0.3576067875676852
1192.0062223006535 0.36082486904022615
1180.4211816067598 0.469226084920852
1199.690896413677 0.29041605212482013
1207.5778608240469 0.26740250502662344
1211.1388334542416 0.2292578754854619
1214.5530424723597 0.20570020294696328
1210.7482128562685 0.23320336966283586
1209.0285900898944 0.2506028713723798
1197.1996934383544 0.30250999053896505
1193.2414804064329 0.336939614850337
1195.193280102768 0.3057299554554994
1193.917508496301 0.31757785577063435
1199.7468859628318 0.2904024990462366
1193.0635454012304 0.33877956161848105
1209.7029371754122 0.2437737912004863
1186.1136857441131 0.374214435277384
1194.0243840139844 0.3175494298036317
1193.9200678960754 0.3175771749807605
1210.3511329591731 0.23929426055843406
1252.123238460114 0.14445316213994516
1195.4231648846023 0.3056711623300401
1209.206525095097 0.24880019247476107
1181.6882320128498 0.45259372194920705
1248.662159640996 0.1571117999677486
1206.2510183822292 0.28630625088567446
1217.2581416650248 0.1841722488484471
1185.2597226490423 0.39559654032308134
1211.2446249365837 0.22818975820183807
1193.7378924867483 0.33180933801362356
1253.822750883085 0.1385858715124435
1214.9696669730577 0.18451914930358554
1232.6102145486022 0.16409324345766085
1190.79909052945 0.36119064288631225
1219.6818177472671 0.17349718032854303
1188.7703131860478 0.3618070574996387
1217.279084972932 0.18416908016169053
1187.8410908731505 0.3654588966363485
1200.0167397396235 0.2903371947812524
1205.412092334622 0.28903766282263926
1188.9307320453822 0.3617582399580454