1215.2394853143974 0.49810692653966443
1214.0604665542746 0.5802026368541848
1213.1623426189046 0.5806321703611338
1212.9989142467846 0.5807103994257174
1212.8881534449163 0.5807634298303026
1212.8798224691968 0.5807674189526733
1212.510962427055 0.5809440952065529
1212.2937025941274 0.5810482084398352
1212.076209212228 0.5811524709762497
1212.0590463983951 0.5811607001229215
1211.9760221123388 0.5812005115146747
1211.5625705029895 0.5813988490109714
1496.3493006444971 0.23840608301491562
1279.958847991912 0.28816790119172564
1276.9060704557046 0.290642364446589
1276.550878650524 0.2907232337545157
1275.1605734463758 0.2910402087561528
1273.440167538393 0.2914334013908507
1271.0590519613575 0.29197935290321314
1264.1825591495988 0.2935675680758473
1263.3920611392803 0.29375125181551615
1257.285596901782 0.31130945305861807
1254.954742124478 0.3161424661111012
1247.8992468104555 0.3179299034333942
1227.8133063012654 0.38494153798778186
1223.6509506808188 0.40109665400132216
1222.5998801792994 0.40264773344975724
1218.3122459013296 0.4548989016215439
1214.6271445774405 0.5437251286254962
1214.5326281115163 0.5437674420030065
1214.1903587189408 0.5681849422847495
1213.9811094724782 0.5802405642879415
1213.965354059701 0.5802480949226254
1213.9425414711143 0.5802589990310288
1213.9182964443266 0.5802705882747337
1213.91682843158 0.5802712900070107
1213.7123375165474 0.5803690563420745
1213.638760067005 0.5804042415029015
1213.6234659404574 0.5804115557780185
1213.3332302867577 0.5805503932573698
1213.2690751989358 0.5805810915272144
1213.1056468268157 0.5806593068276872
1212.9556908623001 0.580731092901215
1212.9188608722998 0.5807487266614232
1212.8973418496107 0.5807590302086357
1212.8406339152789 0.5807861843491112
1212.7894316034178 0.5808107043478519
1212.770738398968 0.5808196567515497
1212.6433168065598 0.5808806878598232
1212.4507984234403 0.5809729227042866
1212.3534062301565 0.5810195941013313
1212.2764468964237 0.5810564791542102
1212.2321879373792 0.5810776936997151
1212.198678998856 0.5810937564929295
1212.1804276709402 0.5811025057949785
1212.135912848257 0.5811238463680379
1212.1113744415077 0.5811356108425034
1212.08275469237 0.5811493326410629
1212.002685966515 0.5811877252016858
1205.759727845402 0.5841968907469828

1265.8068261095464 0.32066055833953266
1247.1205991291235 0.33817500963298625
1246.7544373170062 0.3382743289300617
1231.22023749306 0.393414369292344
1336.5965217693754 0.21801453454517908
1335.2043513294905 0.21824185060369614
1311.8168577711172 0.261553538635089
1272.8392812312527 0.3100243010445129
1272.696209093179 0.31005915291198005
1270.6162230330822 0.31215758009417344
1270.0789590370446 0.3122896278126885
1269.4428341516857 0.31244611788718946
1267.3355339221062 0.32027376550717485
1264.628264886912 0.3209593956423041
1261.1289993792088 0.321849964444621
1260.611690359594 0.3219820399210292
1258.2993288918033 0.3237537863964288
1256.738450433887 0.32765110745050413
1256.54113338134 0.3277025591292979
1256.414797485991 0.32773551050514815
1251.5039592609671 0.32897579593144294
1247.7367006777235 0.3380080271702443
1247.519185646726 0.33806696159574506
1247.3969067450469 0.33810010137389784
1246.8770813152994 0.3382410559500369
1246.3688325774071 0.33837898509692876
1241.6868188509377 0.34489845496556126
1231.070286628486 0.39346228924090587
1212.770919261325 0.638978945112101
1206.3794017974715 0.9002960839738527
1185.3741513722036 1.023295435157351
1181.3575768448854 1.0267746039199124
1180.72844066202 1.0739912834821537
1211.7609346096672 0.837545215286784
1214.3093559306765 0.4948255535004836
1213.4000554441907 0.593234674784101
1226.8179939863676 0.4154798891839024
1210.9952763522895 0.838074757740445
1190.3150381512557 0.9124463830280282
1240.945628747981 0.35004054339932417
1197.169544292469 0.9072220859634968
1187.808190063755 0.9828949850943515
1187.5060498883645 1.0197227974595502
1206.7018773087016 0.9000554914585038
1210.3661401694237 0.8840371790983687
1188.4373262466206 0.9360078090134258
1241.4432431598786 0.3466566042583885
1277.0368471996553 0.3002761481902121
1230.6159394886383 0.3936075567122737
1246.1469483263886 0.3384392355896732
1246.782564849375 0.3382666974292654
1184.1667071182958 1.0243388458408331
1231.4502276427918 0.39334089378544235
1254.531316745178 0.32822755364020395
1220.9669751777694 0.48221075750202397
1283.3979750022943 0.26734524120671577
1314.5576211723583 0.2261653002409966
1236.822736450791 0.3910660419885344
1237.9217825231253 0.3805112061548745
1259.975565474235 0.3221445992545947

1368.3612849254935 0.2098749082494542
1366.9829131054528 0.21008653171342823
1361.3803152546616 0.21095111770594546
1358.2553501768157 0.21143645713485168
1355.157627004188 0.2119197747945492
1354.9594644921995 0.21195076801317592
1354.8088632866677 0.21197432856259446
1349.1477813890563 0.21286378192770214
1341.6629588302528 0.2140512989761819
1315.7314728389065 0.21826999281714765
1388.7249344601241 0.19356216072346874
1370.4844982468826 0.20954976104670175
1367.3902697559688 0.2100239452318873
1366.363302624967 0.21018180053147134
1366.3343892478508 0.21018624824625445
1366.3028625506051 0.2101910981798931
1366.2465632811468 0.21019975957791026
1366.0496007122651 0.21023006703131691
1365.1173619838958 0.2103736331567008
1364.002419343493 0.21054559365376188
1363.897336208552 0.21056181539600144
1363.7816895226188 0.2105796707289493
1363.5347491776947 0.21061780735623742
1362.5876661781485 0.2107641998047382
1362.0725427194416 0.2108439089099216
1361.9755236658505 0.21085892817872814
1361.8196281536787 0.21088306644192018
1361.6340435411882 0.2109118088579548
1361.508501232517 0.21093125666557858
1361.354153990296 0.21095517157241533
1360.350687527505 0.21111078324061686
1360.292908049298 0.21111975033206265
1358.9394294501537 0.21133002170820978
1358.5757354127845 0.21138659527036682
1358.4128086980338 0.21141194877357966
1357.4883282074206 0.2115559251290757
1357.3583635204645 0.21157618123853217
1356.683614967459 0.21168140895748308
1356.506517437328 0.2117090448399644
1356.3623580116455 0.21173154609424621
1355.8597909495961 0.2118100271449965
1355.8111747028454 0.21181762216171865
1355.7805116144689 0.2118224127472245
1355.5967847244892 0.21185112148536892
1355.138497529219 0.2119227663072505
1354.9721463998792 0.21194878425278663
1354.4545126982548 0.21202978500454242
1354.306118295761 0.2120530175904634
1354.2366274234682 0.2120638988123018
1352.8803597681936 0.2122764936694404
1352.3387363004501 0.21236151225800515
1352.0058771615404 0.21241379492282325
1351.8296681363865 0.21244148275111613
1350.0983324394108 0.21271391292436204
1347.6431077907062 0.21310144908962356
1337.2438913256328 0.21475865471417643
1334.927013855826 0.215131386319267
1314.7982226951121 0.21842492191475857
1307.2173379592593 0.21969162340990434
1304.0279120002983 0.23858219162541786

1266.5459561034224 0.27582953284543765
1247.6096562168816 0.3019797231737769
1234.4670014962091 0.369718113141117
1225.881399549219 0.40036687249198094
1224.5621850403033 0.40079818565315234
1224.4978963973508 0.40081922837730016
1218.9269867385083 0.4298707816253171
1372.897274869806 0.147653490854903
1256.9504845427812 0.29525665812400365
1256.3621814400933 0.2953949147594147
1256.0058208389753 0.29547872576382594
1249.7302616172713 0.2969624813383168
1246.6419911489354 0.33621634027383696
1243.9195050746248 0.3369521952070678
1242.5548172347992 0.3394176375755758
1234.5421022896726 0.3485944288616462
1233.8183151867336 0.3699124943359881
1232.1391559358096 0.3704166110860356
1226.9873780478533 0.39854633854062593
1226.954263572075 0.4000167867339435
1226.7512978619538 0.40008296941605787
1226.6770644846565 0.40010718076791135
1226.010875883732 0.4003245906198293
1225.9456881921715 0.4003458772365112
1225.9362642558392 0.40034895474891374
1223.6240172668827 0.40110548261375395
1218.1501543617317 0.4469690912469224
1183.2396159366501 1.195713224590449
1182.9740945121457 1.19598160534381
1182.9112814839943 1.1960451124110103
1174.8094955092267 1.2042933446171353
1191.6637887562229 1.0883854019572399
1214.861281881368 0.48461275780602386
1205.4064777464089 0.6074367012781379
1183.3444291306678 1.0960371636482453
1193.8643359729997 0.8386794831661118
1193.7269113169552 0.8387760339252621
1235.0953765792576 0.34291764318970935
1274.4320241877667 0.17387975266067318
1215.706279616705 0.4478676113024825
1220.8335230605398 0.40733611801416236
1250.2500870470187 0.2968390111213739
1242.3187370488997 0.3409237766607029
1198.287028471108 0.6534730815528776
1259.3753329404926 0.2873035200069328
1225.8734512276876 0.40036946839176973
1251.1132394617953 0.2966342196595239
1218.849265718493 0.4307909153181215
1258.3365999314374 0.2949314193941986
1229.3399213920557 0.384463511080221
1195.3373309464914 0.6660141918017836
1218.9674970876663 0.42939122896696763
1230.49931653215 0.3709102511445614
1266.6389468605446 0.2758092827203649
1230.365418900043 0.3841430645149418
1175.2968035759527 1.2037940138440482
1249.7271240731393 0.2969632268873833
1219.0387275605744 0.41748372114939664
1254.694317078212 0.29578758303271613
1260.9154896861892 0.27706121643904147

1213.6020346535922 0.36016447530473966
1295.7816089398523 0.1929858481075808
1284.3748508837534 0.19912896355085521
1275.6638900331345 0.21744490324874466
1275.1146396428028 0.21753856674712505
1223.9093969568682 0.3282765777946767
1219.492776766221 0.3311714635181714
1216.1673507683918 0.34337754482126165
1211.3949817033651 0.394896942022308
1211.2086970745006 0.39495767741040594
1211.015503831712 0.39502068498893955
1210.4236268358636 0.3952138435254599
1209.8799155827708 0.3953914497583887
1209.8418775500145 0.3954038810630051
1209.7846152755867 0.39542259656431117
1209.779064521863 0.39542441085711444
1209.7041644354763 0.40831552207421234
1209.6772279101674 0.408324614252804
1209.6716771564436 0.4083264879094464
1208.662269067853 0.42916461226074476
1207.314811073751 0.4475115101810845
1207.2074237083316 0.44755131865237896
1204.7047470102284 0.47086317479539824
1203.8388780166274 0.487744023107372
1203.49536747003 0.4878832386128953
1203.4898167163062 0.4878854888352618
1203.1781077027447 0.6164211261534532
1202.0761155279654 0.633552659389946
1201.968728162546 0.6336092628184314
1185.6233150223588 1.0657258422509694
1206.4712332802005 0.4536127211327271
1229.910984639679 0.3042443694573655
1248.0187950955878 0.23492451764044328
1261.1930526343235 0.23005645852904674
1268.2156212348593 0.22878255270817105
1216.1729015221156 0.34337597760644933
1211.5075631264374 0.3874876782364928
1217.682233514661 0.3412418513584765
1276.1663767299694 0.21575978096933401
1272.7351490423887 0.22008767297737125
1219.652809017587 0.32942226295315624
1213.0765564640021 0.37069181995349504
1213.1455408636527 0.36941201786800565
1222.62396115641 0.32862171945634516
1271.3454747641235 0.22687774279651976
1265.5238641567473 0.22926917099569824
1225.6543967003981 0.3235811255431354
1225.3387054904542 0.32789365631189327
1271.8438074032529 0.22678884777366445
1207.3308953090445 0.447505548368582
1228.555423959993 0.3169231406012393
1265.0255315176182 0.22935948720529772
1198.7360432183584 0.9967327763701403
1204.6991962565048 0.4708653443374125
1192.2895610316607 1.0025934656513447
1213.082107217726 0.37069012376245586
1198.3869819180372 0.9970231006512299
1211.54005040547 0.3874772878079466
1197.655138273425 0.9981017780944443
1242.7452967449308 0.2758188936883733

1167.2650622992076 1.231907605807341
1337.7199181425221 0.12253919245810042
1315.108178660544 0.1419258324775012
1314.9376636599045 0.14194423675938048
1291.8246320896556 0.14448387065699975
1236.3615093122144 0.23978132567765748
1212.5340504793503 0.30786037987953724
1199.7022752213875 0.36121067897866793
1171.3135918356647 1.227649639056967
1170.510126170996 1.2284923266264045
1170.3052255043506 1.2287074148710857
1170.119333693442 1.2289026143177146
1169.9311008731959 1.229100335196088
1169.8858125481954 1.229147915818779
1169.809027413601 1.2292285959006908
1169.6502679845066 1.2293954420387658
1168.378841698919 1.2307332664024087
1167.3861299797265 1.2317798467115126
1167.1542372920856 1.2320245793527602
1166.415111309359 1.2328052802962994
1164.92788700066 1.2343791613933257
1164.8850259329968 1.2344245794453914
1177.1927870301524 0.5936233541723615
1178.6000116000891 0.5415740815528188
1246.4262842603362 0.20849943235810126
1276.073781774761 0.154349697517532
1266.8656955502825 0.17098058584013687
1203.1658212106645 0.33284323211220207
1232.9066994612313 0.2538289600188792
1175.5483185609178 0.889549870678079
1172.119795856295 0.9341775085333036
1212.5921956600469 0.30492700854650434
1179.887417763899 0.4698551171482615
1172.0161217739276 1.2269137612741343
1181.2605104404456 0.4354063955128951
1188.8788365953874 0.376449133682495
1236.935720170507 0.22983449324964986
1220.3233685136252 0.26556664013623743
1243.4759187161112 0.2214566304114472
1193.0593701369894 0.3632218850560744
1216.4237856206555 0.28997633219799096
1217.3728564836601 0.28291108176753277
1225.7952109371645 0.25710874587592425
1223.960194570292 0.2629353489395162
1280.110596000617 0.15386295749941012
1188.0109142024544 0.41633725069619837
1184.478273976159 0.42393859614224966
1182.0470529476015 0.4351166730038762
1195.7922780369063 0.3623917643258067
1185.6816327799556 0.42350833710151475
1180.5264190181247 0.4682093520691668
1187.7205888972976 0.4164390197827044
1256.608534339929 0.20311267308563608
1201.0931620003757 0.36079239072783476
1197.8874699770986 0.3617579148843212
1175.2707840685598 0.9316729092890671
1201.233958123406 0.3436694546247327
1177.235648097816 0.5936017413960316
1172.085560915984 1.2268410738852602
1183.7014937796444 0.4273183898202529