1259.1288436861973 0.3147821286997665
1220.3830548191513 0.36022451599666155
1184.9121122247313 0.6248444987416788
1170.2575579524168 1.208977670787496
1167.8483764508806 1.2114716988642258
1327.8300923401418 0.18051979394653817
1283.2627522861876 0.25661709942717753
1226.0528378295126 0.34456575075159557
1203.777034271093 0.39521728717571686
1201.019099078006 0.4169993027160356
1196.2226999902498 0.48938916005857114
1184.0667406039354 0.7177207900109843
1183.7791579372333 0.7178951502853269
1183.6417332811889 0.717978500247845
1182.7868774352169 0.923990755386219
1176.3364965554615 1.0050391112038892
1176.0489138887597 1.005284876345395
1175.911489232715 1.005402360466967
1173.1065453112972 1.20604156740029
1172.7125343142725 1.206446776372242
1172.6010463121538 1.2065614823425148
1172.4812186267397 1.2066847930339288
1172.4790688036298 1.2066870055756478
1172.4471461056603 1.206719860536275
1171.41899834449 1.2077789916624762
1171.145996065276 1.2080605333478156
1171.1176237111968 1.208089800707906
1170.2605139909147 1.208974616950769
1170.138679736614 1.2091004947834356
1170.0272931837142 1.2092156011036113
1169.919970489007 1.2093265285858887
1169.5684108283817 1.2096900391082648
1169.4454500748877 1.2098172313588254
1169.0552027961426 1.2102210855833202
1168.782750699628 1.2105031972690172
1168.6281117671447 1.2106633773299864
1168.291039172807 1.2110126750920878
1168.178745070684 1.2111290867128117
1168.1536145167622 1.2111551418004662
1167.986042304496 1.211328907529814
1167.9628188872996 1.2113529932251175
1167.7109517948359 1.2116142736009519
1167.6790290968663 1.2116473974265476
1166.8121933077684 1.2125475417118754
1166.3517666833247 1.2130262044854532
1166.0690134525216 1.2133203440898934
1165.643565007034 1.2137631940911873
1165.151853480213 1.214275420331555
1165.0741324601977 1.2143564235240716
1165.0144288241684 1.2144186557953003
1164.8788512009987 1.2145599992446348
1164.7733492429236 1.2146700107401789
1164.7414265449543 1.214703301857848
1266.387925699719 0.27179585099039993
1183.6092460021564 0.7183550263664155
1231.3296440490285 0.33959123520146545
1300.057467639324 0.22141380646635886
1298.2571734649853 0.22172084115412852
1195.1871164481743 0.5280781359057531
1175.8030682819647 1.2032756970961527

1312.5693013297068 0.28365101856693475
1286.7610525907933 0.3064661269031508
1283.5520221616373 0.30723232812426027
1279.578870244711 0.30818629879524767
1359.4158160968313 0.23751888233448723
1351.6577021469775 0.23888217020793767
1329.270738219944 0.27978534392679655
1288.5161048948546 0.3060486978309841
1280.7285251092433 0.30790965322154035
1277.9190286434657 0.30858659054160126
1277.3565796922067 0.3087224681868744
1277.2365305257554 0.30875148542376424
1274.7181311436939 0.3093614709029887
1272.1487825154084 0.30998628576885473
1270.5960159117055 0.310365112985468
1270.3611423232535 0.31042249554023027
1270.0885128400828 0.31048912894701103
1267.0063390715966 0.31124443807146407
1266.317417933049 0.3114137659742523
1247.9072800900522 0.31719786469014377
1239.9304298786553 0.37906472282006937
1231.562395479822 0.39852004558193305
1224.4608662655637 0.39936868578573
1196.062319593982 0.7292931520820192
1195.759628786501 0.7362612090819619
1195.647887964435 0.7480200057908627
1195.282584277718 0.7968879660951154
1195.1451596216734 0.7986471522921567
1211.7438925636538 0.5219026776259804
1233.7677428075876 0.3830837248297086
1322.6717126598135 0.28118123877980583
1195.5701669444197 0.7489137301138544
1330.394680813235 0.2745462876757513
1340.3097995895885 0.2713929425146368
1213.4211927244803 0.48786240588924523
1279.6308203752344 0.3081737871253246
1220.6945666286178 0.4154502387774011
1217.5440850216703 0.4457206101581315
1251.7131075325901 0.3162334261691381
1241.0457214237008 0.3387683245235574
1243.480258599428 0.33009822959348134
1196.1997442500265 0.7275432823932296
1270.3539311900695 0.3104242576459739
1239.3892890002073 0.37991892930478766
1260.8635737854413 0.3127607809728251
1255.3669456750588 0.3141302050336092
1208.5900593235974 0.5795090529041059
1312.9188381677886 0.2835755024898809
1198.2278582473286 0.6386955039309543
1239.357366302238 0.38028931949351424
1304.6260869829703 0.2957486546426966
1221.1346820921433 0.4063894488210349
1265.4931920890524 0.31161659225233646
1196.596618145202 0.6884554786414974
1243.5121812973973 0.3297303559171837
1216.5716743314279 0.45738031789635986
1340.5869986770067 0.27133682539872334
1293.1409880548376 0.30495412308483644
1281.9731600941902 0.30761071160674536
1220.3379739683737 0.4411150258442791

1205.8449525681601 0.3728748702598607
1181.6949272129666 1.0105952899445416
1268.2225290592842 0.18432387969965205
1248.3172725489555 0.18510042608143182
1242.1774326812729 0.20018586474893268
1240.577931002234 0.20044396834628353
1205.653768649081 0.3729339980798669
1205.5499830039655 0.3729661039204557
1204.1562721850612 0.3733977811920239
1204.013862922076 0.3734419462174089
1202.9025624829164 0.37378695022004016
1200.4223810101273 0.37455922794775626
1197.715594852905 0.3754057158265363
1197.0948994481455 0.37560036422311827
1195.0716512290219 0.37623625309826236
1191.7687402730605 0.3944771820683275
1178.6592520135234 1.2199986601582071
1178.4342821930993 1.2202315648552624
1178.0604114274645 1.2206188191123266
1176.16507083401 1.2225857950533463
1174.8980204279203 1.223904273594605
1182.4728972943585 0.46841192797766495
1208.846373776756 0.31803232606121784
1213.6817885283606 0.28615949639771965
1179.2958080907822 1.0126512104932803
1179.0549775978589 1.2195891926678422
1221.0186750081327 0.24280333259636605
1235.6454016540379 0.20124411356206587
1187.2912113426555 0.4331948018304336
1216.7187887599791 0.27926007497744837
1224.5226115121673 0.22464418118473609
1206.0292174704384 0.34828755916000226
1190.2767200465466 0.4109845219972205
1192.164465857396 0.39434623980503103
1183.7399477004483 0.4518092644834979
1243.8446618701003 0.19991753886618274
1202.327605854972 0.37396569624851156
1195.0950340948436 0.37622889177420654
1185.0318192295945 0.4437046193492476
1191.5437704526364 0.39455166146473064
1190.8974154513062 0.4107703169776099
1180.698366968816 1.0114482758697023
1183.093592699118 0.46816618145936373
1216.2472301895637 0.2793683485902976
1184.2115062708638 0.45162935191743003
1197.0390445456887 0.37561789006891416
1200.839542207079 0.37442910933459606
1184.8322016756233 0.4513927578554242
1205.8900017224248 0.3728609405502456
1197.9010804900388 0.3753475871800915
1199.5361924446204 0.3748359433207505
1201.7988044927204 0.3741302442318115
1198.4194959680742 0.37518521832720475
1176.3900406544342 1.222351990875088
1195.3200039152678 0.37615808216176505
1199.1681308961286 0.3749509919900526
1204.4095885064114 0.3733192466525827
1205.2172638401173 0.3730690670740408
1203.5047372198085 0.3735999255649296
1228.1790768265912 0.21044955839977658

1232.5728437110522 0.30815929140188975
1209.0575736318744 0.3806440955674212
1208.3537822299686 0.3808657972292906
1195.7586118669358 0.3967267304175427
1331.9201259437862 0.16098928130917947
1246.6317626788234 0.2776697932815887
1235.3068338120959 0.30747727100891786
1233.7170973863574 0.30787347838810153
1232.0814538133923 0.3082821942848089
1204.767791290145 0.38199944415115134
1195.3312553843475 0.39686856870654946
1189.298737284601 0.42313146368975907
1173.9873164913506 0.5638133599427168
1170.5757123716464 0.5945371299730211
1168.5272250668 0.9983954030240565
1167.6600630246546 1.003775776818459
1187.729314907861 0.4574336437127921
1183.8275109374517 0.5197931737816501
1278.5697664497313 0.24882464663842663
1185.5674192358538 0.49995187251604717
1192.9040539554303 0.40008467347389115
1170.6751469759806 0.5700355151232465
1192.1191495276644 0.4141894445799658
1240.6816487580982 0.28228187010754474
1250.7871085268503 0.2605109946449613
1230.5829959677556 0.3377853880841348
1185.9426490808492 0.4956805151679528
1189.2904959190048 0.4231343958422478
1272.134941259538 0.25008327341786607
1275.5886392331872 0.24940616477321237
1230.9505290822847 0.3238009947115715
1266.1699185382276 0.2501724908900794
1248.507022871256 0.26098675278739336
1182.3407929153384 0.5500726439516398
1231.0544912164694 0.3137350739925289
1223.9703596728098 0.34043014529925447
1231.0219806775926 0.32306354186570074
1213.9575933368376 0.34522574600871203
1199.2656701758706 0.383752022632779
1184.6535755188145 0.5103657575993961
1316.6744018310485 0.16285337023240484
1178.382101083833 0.5608793718685235
1176.0716410057482 0.561981251509304
1250.702125205793 0.2605286959737195
1296.897168895031 0.18622877858803674
1190.5122747147757 0.4169347115329323
1207.5952645780715 0.3811840655236644
1234.2084872840173 0.3077509011099544
1179.5786993146828 0.5513606903792645
1203.0423825271282 0.3825473094616164
1258.3862718757246 0.2589378166417287
1223.6849062171864 0.3424814784045952
1290.830224203275 0.22475135847172784
1200.7295973203118 0.38328415292762635
1181.2479866524457 0.5505815318711527
1296.824277306892 0.18623924609058587
1303.5143432583416 0.18019587526978992
1195.632766641915 0.39676848752395044
1263.0314792036409 0.25079413112531407
1188.5050748670303 0.4287957401444468

1328.2742580092447 0.1988315633133626
1290.0971095310324 0.22589961707355222
1287.1302080797905 0.23231100382762632
1275.8579162350786 0.2343634874157757
1272.9971843748674 0.2558216548767562
1271.4666837220154 0.2561295946873821
1249.9724604600142 0.2695116254396956
1244.8540647152872 0.2934743920108357
1240.8940478782883 0.3218459619790398
1240.3850758979688 0.32197802627085476
1240.0959785546952 0.3220530873899916
1237.5729191132937 0.32506680734766596
1237.540431834261 0.32507534083538314
1237.2528179476526 0.3251509083999601
1233.5047111428833 0.33064904519937666
1232.1640168286112 0.38358232835427325
1231.04835192569 0.3986864538796277
1230.645131230668 0.39881708343720657
1227.7243879244133 0.39976586505165224
1227.366531955036 0.3998824224103853
1226.9049546292974 0.4000328632888328
1226.3121245474292 0.40022624922243516
1223.3161170296175 0.40120643809986734
1219.5733594900244 0.40837824272171497
1219.4434303391395 0.4101818003484325
1219.43593483398 0.4101843216123325
1219.3414183680554 0.4102161167862456
1219.133244026499 0.4174513546413899
1219.0215032044327 0.4298374517234437
1218.5088253661452 0.44683752481953015
1218.4501756197235 0.4468590332144131
1217.705212109176 0.4471324110983155
1217.4025213016953 0.44724358457479335
1217.2907804796291 0.44728463915814
1217.0379122427394 0.447377573056874
1216.292948732192 0.4476515859644651
1215.990257924711 0.4477630177947307
1215.8007960826294 0.44783279403310844
1215.7062796167052 0.44786761130248237
1215.349102232266 0.4710185710273926
1215.2862892041144 0.4722647256616899
1211.6800013166217 0.49709216713831955
1206.5526494027827 0.5413904735303333
1204.303170996853 0.6855482760267623
1204.288503978815 0.7313131821473722
1202.1310503191794 0.786401579701551
1195.629057117626 0.7906781383001159
1191.9983174699983 0.8441299620767706
1191.6956266625175 0.8443443711709412
1191.506164820436 0.8444786306860291
1190.1348677162387 0.9680787041567137
1187.0685949847837 0.972873772855057
1182.485167830309 0.9766447259204236
1181.8106482536646 0.9772021468473997
1178.4601670520856 1.0292990734570013
1177.2476404929494 1.0303592178318404
1176.6331713281218 1.030897298844242
1176.6185043100838 1.0777427422612538
1176.4290424680023 1.077916310847091
1176.004035145256 1.0783058693109453

1222.9410738494473 0.4013294773383616
1222.047275098974 0.4016230075418834
1216.292948732192 0.4476515859644651
1434.2391666245685 0.18351153127800826
1380.0865567584276 0.22091595197326397
1374.5521330452539 0.22180543623059112
1283.7330357352862 0.2525001106967226
1274.3825022497083 0.26739200949061576
1263.6408582382828 0.2794458240166284
1255.093118938449 0.33323596765553004
1241.28094874204 0.34047782846272295
1239.3014841694014 0.3407734023407787
1229.9146153214529 0.3842838654014559
1227.6721138755433 0.3849858094417763
1222.0397795938143 0.4016254709374092
1219.0215032044327 0.4298374517234437
1213.4444787174966 0.48785304381230177
1213.2796290045053 0.4989115374303794
1213.1678881824391 0.4989574904974477
1213.0901671624238 0.49898945801821043
1211.5544307215723 0.521984292318794
1208.1597809655027 0.5419543145412579
1195.5865918955178 1.237173408595592
1394.6169699811962 0.21861424466669355
1205.8064179284224 0.5549979791381408
1355.2949977416934 0.22495702854346397
1206.2264083410132 0.5428229737152012
1206.3446397101868 0.5427697727465155
1208.4936928973032 0.5322348851224458
1267.4196034169631 0.268860996955973
1255.9110876452974 0.3156290978177529
1219.4359348339797 0.4101843216123326
1215.159728355769 0.4783330125481622
1211.6489471874966 0.5219435741630175
1207.6676283159404 0.5421751735305934
1215.990257924711 0.4477630177947307
1255.1074743883285 0.3332321562271629
1235.0751437362553 0.34980896070996526
1241.2857415114481 0.34022865901298893
1245.9933676063738 0.3380431209901726
1369.094991309115 0.22268954121310885
1213.0733717165149 0.4989963667103363
1245.6073365559 0.33904824649965504
1301.037109226364 0.2409105766052702
1233.1609979950185 0.3805315809235511
1248.6320589556058 0.33364879257081215
1310.1026798201124 0.2256793932512877
1215.8007960826296 0.4478327940331084
1217.449139645513 0.44575537063363263
1221.4201921760264 0.4018292026998689
1218.9437821844174 0.43075751194426354
1367.2172541199425 0.22299538319390272
1400.2564597447729 0.21773378252964007
1384.3063168906208 0.22024253719842124
1238.9361326948642 0.34687376755350396
1220.9280395264643 0.40730458464849983
1225.967967693612 0.40033860175559843
1211.7438925636538 0.5219026776259804
1218.8567612236527 0.4307882661179602
1219.1332440264987 0.41745135464138994