1278.5159621005355 0.18588553996151408
1231.901109838941 0.23408025191768628
1222.8813477590145 0.2500580082488541
1217.213306007641 0.3216708351041373
1175.1919513531946 1.0552158170510644
1186.3361491323133 0.6498413992777159
1183.2044270645572 0.7982079516692568
1188.2204405229747 0.5332838899523243
1182.7938739457602 0.9522757818245026
1175.6822130616936 0.9794346621964855
1186.187334800656 0.7749916096820587
1207.0821144467016 0.3473006790823406
1195.6759265883188 0.4388992892211166
1220.8025526889624 0.2906059224910146
1187.7773691072402 0.6278722026627374
1217.610495868667 0.29546385995243496
1216.8082874540169 0.3231610119009664
1193.7845527950917 0.46451618452455634
1189.0828609520552 0.5328971087310173
1182.114606613669 0.9528229790472728
1193.0345911475417 0.4732911972845218
1179.6462293212862 0.969204392200355
1222.0206195575524 0.251334634884108
1189.6616604979017 0.511490694116106
1206.7411937908357 0.3570567407836226
1197.1574834447317 0.42658059129693865
1210.3315528521046 0.3463682633635457
1246.3852749439443 0.22310758545773693
1184.6456470394844 0.7760001771660514
1211.8303038112485 0.3459398867457136
1185.3249143715755 0.7755554792071586
1190.5240809269822 0.5111201682015468
1184.1363585315473 0.7975797511229238
1224.9628026327441 0.24963311007328004
1214.949655747077 0.32882301335671754
1212.9116574990435 0.34338767474745135
1226.819672541564 0.24925527442170473
1228.281216099315 0.2489586831885314
1205.6469580696864 0.36917950069883304
1229.7121202553801 0.248668992610879
1183.8836943966485 0.7977499703756968
1223.5857605103324 0.24991405099202382
1240.776672693777 0.22943648408021544
1200.3689667390481 0.3708027734242445
1214.0354378333495 0.33162976269816113
1191.5587294439647 0.4899791825326293
1231.777638238228 0.23410371578202535
1177.5258048975122 0.9709496827547557
1220.7397396608108 0.2906208755865823
1179.9472279340796 0.9689571530267215
1221.0577896022287 0.27112678125665013
1208.8859246189004 0.3467824626940261
1229.8780898838545 0.24863543521957637
1237.437635682387 0.23303293338880707
1224.5769071402901 0.24971177584868612
1229.9716063597116 0.24861653111678678
1185.5775785064743 0.7753901968521508
1228.1589115040924 0.24898347541263965
1180.366769508531 0.968612753455285
1220.4659391736677 0.29477258273306245

1271.395891291604 0.3117849335898792
1250.6672114938624 0.3386480366309212
1232.3276760741971 0.3703599451585078
1214.291416603031 0.4984958279067581
1173.2798677178812 1.080809522366578
1376.3681342295977 0.14966864882953493
1318.737358071014 0.2242017154281357
1318.5147882839544 0.22423956144132012
1318.0711988044732 0.22431502800976427
1316.845803324198 0.22452376514571984
1315.686829985995 0.22472154553818569
1310.5540802836924 0.22560166140926247
1305.206604014232 0.22652595916183785
1304.8915394729243 0.22658065359065332
1304.3457456272756 0.22667546459202115
1301.0870128512963 0.2272432012296789
1300.4760866591494 0.2273499535375781
1298.1685368522499 0.22775407775295642
1295.5807939897181 0.22820898492034558
1282.5999079473788 0.27253374456965823
1252.9861174188977 0.33659193406928173
1252.2369154642988 0.33822353455698023
1251.9444897381588 0.3383025358733334
1251.9155574443935 0.33831035418687005
1250.8645285464095 0.33859461675137875
1250.8046361499069 0.3386108297093852
1250.8011629762734 0.33861176995012093
1250.727103890365 0.3386318201098099
1250.6815669437417 0.3386441495944084
1250.582751898888 0.3386709076292372
1248.0600903390623 0.36569137500755977
1241.536643269167 0.36761283930079036
1228.2799637041455 0.3847952880906197
1225.6400446769771 0.40044571333581586
1223.6604729043502 0.40109353276623966
1219.3254856999354 0.44653824912452605
1217.3080048357708 0.44727831028336795
1215.742216249007 0.4979009505051335
1215.5075600532748 0.497997071291821
1215.4395254415263 0.4980249468353491
1215.3940537594065 0.4980435795018495
1214.3194502123388 0.49848431970166546
1213.185112538581 0.49895040648246336
1213.0733717165149 0.4989963667103363
1212.2103565971915 0.5349919906198424
1212.0410405669677 0.5691925073500044
1197.7042768375823 0.7837534397944153
1190.2403661653198 0.8279310705985705
1189.6112299824542 0.8746900245906595
1183.7873295650659 0.9755704202923907
1176.4834425879517 0.9913066193998373
1173.8156747354096 1.0333717500629858
1173.1436774848805 1.080934993528811
1206.6865732187875 0.6289399056327817
1277.0828541284864 0.2737111022731106
1260.2368300004468 0.31454570608974936
1290.06448615989 0.22918480514007777
1220.7536817450396 0.4097415466849638
1282.9401203085692 0.2403080370347669
1216.6307894478498 0.4611400961473544

1304.2954825295792 0.21343621402624452
1303.7907052185203 0.21351884826943057
1260.5661593226118 0.3038711807311271
1215.3808056700389 0.4722279990714376
1208.5714139173185 0.5322006580691802
1202.958354760443 0.6863146670234208
1199.6742660957614 0.8252235699090827
1198.3699602085096 0.8261217432581076
1198.2517288393362 0.8262032566016385
1179.1924680697987 1.0286598590968068
1341.5262381761331 0.1927953461635306
1320.2305143433728 0.19588137907330813
1316.1815298759516 0.19648397122592678
1300.1281505320326 0.21412034625104312
1299.3288956600977 0.21425205788348134
1294.1593696592126 0.2151078887880348
1284.059264651931 0.23216923041302479
1283.527994794152 0.26854304228085474
1282.4973144401959 0.27380652886499013
1270.1343200261792 0.279017226439269
1266.4805414362213 0.30245212199523885
1266.3111650321136 0.30332821806394666
1247.1502114870261 0.33116255715153103
1226.8071736893348 0.3852572373440968
1211.2225067148427 0.4976554318446202
1205.3814106056764 0.5674722949570519
1204.303170996853 0.6855482760267623
1200.6791360435288 0.8245329254723655
1200.0886977253087 0.8249385920158099
1199.7860069178275 0.8251467135700703
1181.8106482536646 0.9772021468473997
1181.7431791934375 0.9772579380816209
1179.632583533324 1.0282760708588283
1177.5503313004303 1.0300943626869257
1177.1764100200417 1.0304215644552743
1177.1358996708834 1.0304570257281553
1177.058178650868 1.030525066690424
1175.1919513531943 1.0552158170510646
1185.590632634492 0.916082348602545
1256.3362985564784 0.3287411608362039
1237.4572836667473 0.333756533368421
1202.4254053651255 0.7749997804649963
1205.8064179284227 0.5549979791381406
1235.0248903917939 0.35679670258777346
1199.5965450757462 0.8252770355662299
1250.7923574507217 0.3301982545127503
1178.1407696186504 1.0295781194681208
1290.660878475164 0.23098170576856916
1304.9842224759993 0.21332356741789424
1185.0346339760313 0.972245188011747
1180.7560636253115 0.9780749286137661
1222.2379978662166 0.40009501243640827
1229.685929850526 0.36994809076568114
1266.3708686681427 0.3024783155553176
1219.0215032044327 0.4298374517234437
1221.6777001682499 0.4017445042305511
1199.7147764449196 0.8251957048734868
1215.5213397182056 0.470951828427445
1237.6072345313216 0.33371609478714936
1227.400594031413 0.38507097420988895

1289.8426259522685 0.2372621927615064
1245.2216770892528 0.3306814783555838
1244.2969702053326 0.3325937142283755
1444.5198457731005 0.20803135538795856
1315.7043733256326 0.2224821206235739
1312.5394941899763 0.22301858373552974
1291.0180127920908 0.23704618116740314
1283.6449043931611 0.23840774711396515
1282.6743088691778 0.23858814948940194
1279.201558408889 0.23961028260367964
1273.7176515744125 0.24026587789877696
1261.3247015264185 0.25035115595535307
1261.1287846135597 0.2524320205761719
1251.539828638584 0.3278256809198577
1250.952163313817 0.3291666597142256
1250.9231251377928 0.32917430079081456
1250.8885211261354 0.3291834069190982
1250.8576468478927 0.3291915319844273
1250.6167741749932 0.3292549352953715
1250.4315884311231 0.329303697115434
1250.1937495532006 0.32936634438258405
1249.2739566910811 0.32960884428499776
1245.1219030504014 0.33214636982466733
1241.3753047926514 0.3411828751674816
1231.1133382997746 0.39866540854917093
1230.8088930365084 0.3987640199550095
1227.0117022750499 0.3999980612031636
1207.9342556017577 0.8516302593975917
1334.4796471841346 0.2193519396933948
1214.8783947228492 0.5205561189275835
1214.4533874001027 0.5571841602265613
1259.6156055285378 0.27207355386420184
1255.932209217369 0.293800443694526
1215.0678565649307 0.5204749501923018
1273.623135108488 0.24028370819805092
1210.9620183510929 0.8279544153229721
1253.8798617310463 0.31522741913156543
1235.4726340665302 0.3536928961189084
1286.0439191166333 0.2379630160382884
1241.5459066886506 0.3396934566429611
1307.9388891185645 0.22380303967295062
1320.7416791336327 0.2216335743134972
1318.5086160547385 0.22200893913540012
1219.0163096047809 0.48070246101733866
1231.9935602570347 0.38363540016464454
1218.5761941412557 0.4898058420190704
1238.1147698853456 0.35293811579286244
1303.0272606925014 0.22464664241608345
1227.734474201243 0.39976258083241206
1261.8643072376299 0.24809832894143805
1223.0307338438695 0.408978685357739
1284.550551021252 0.23823966250872103
1266.5041652073014 0.24163433343356086
1299.107994840399 0.22568527939794975
1255.1881781841969 0.3119817179423918
1266.0310542810753 0.24612964218578934
1239.400626328016 0.34944191991643797
1261.3901798163186 0.25015998437475484
1236.5780251459844 0.3533767260396366
1233.626750912967 0.3831275076839002

1376.427117110925 0.20047312220098418
1371.5296330914948 0.2011889754269123
1365.4914215623996 0.20207863432316495
1365.2918583316723 0.20210817193805689
1364.3981815720097 0.20224055219085876
1353.5855852632237 0.20385607282872112
1352.0233981408269 0.20409161707465157
1344.5715035523922 0.20522273521363138
1256.5666195450715 0.3083448197059998
1221.3420405605727 0.4066074994513226
1203.415419988782 0.4821173291753196
1392.0162606611866 0.19822803040983236
1391.5255716128424 0.19858854073367874
1386.061736414958 0.19937137387180695
1384.9120815504257 0.1995368777134397
1381.2276210931905 0.19977637098723322
1380.909374690871 0.19982241174305718
1378.3866821791923 0.200188122256868
1377.0432521611804 0.20038342384399482
1376.962023465994 0.2003952447103502
1375.893597296648 0.20055085814156443
1371.8391687052945 0.20114358005228014
1370.7307186996054 0.2013062360717387
1369.5324226392195 0.201482372441808
1366.641076426932 0.2019086403950042
1366.3181132985985 0.20195636650322513
1365.1684584340662 0.2021264408392818
1358.8109673804265 0.20247407413909324
1357.5942662670664 0.20325413012244153
1354.8896825974239 0.20365985894905914
1347.435449735196 0.20478653853403897
1337.3054833917101 0.21025491558227702
1311.1444334374385 0.21445009744737362
1249.3490917751196 0.3275066591632302
1248.2576724117475 0.32779301599270866
1241.6969821217012 0.3607253680206981
1224.6118641844564 0.38409908264512027
1207.6282415852734 0.44396043566241467
1203.9069523493451 0.48192048981957414
1194.6765663087806 0.5436167530602504
1188.2040405481928 0.6231133623097426
1187.2972519072011 0.6235892600835182
1185.8070633576287 0.7311072766450378
1268.139488841595 0.29732525467716675
1216.754092154942 0.40814067221059497
1192.8119168351254 0.559123192512055
1199.235018016341 0.499152144013038
1247.0602152498864 0.34626481215864546
1281.6909249391406 0.24285512496524475
1224.9465273195653 0.38399414434755086
1248.262257418671 0.32779181197228846
1256.1577417366475 0.3084451855676518
1242.078479240979 0.3507460917705494
1251.60160018874 0.3162615999501427
1277.370729176268 0.2913084970446378
1196.9766720668504 0.542572141203498
1225.434044256733 0.3672385926327294
1283.5516836044267 0.22400553055196387
1254.1621061958936 0.3156159180861286
1233.494722998241 0.36483875073514854

1325.0892670346068 0.26898191308154684
1278.981910081501 0.2996989183792499
1272.8002402684567 0.30115448045264814
1269.7356340112442 0.30549773618506915
1229.8355112171355 0.3106913061440276
1229.1066033283028 0.4333802797400157
1228.6890814830576 0.4381168719071401
1227.2265039770389 0.4536560718208816
1226.8052516414477 0.45861907338118585
1226.7107351755235 0.45865440938402535
1226.6662796362546 0.4602571254890074
1225.8243168980193 0.47000784298089876
1225.8153764658894 0.47029475339660476
1225.720859999965 0.4703310182587642
1223.3223882690404 0.5103075938441648
1221.4579274502976 0.5143743196804452
1219.541602039942 0.527413333611993
1219.0397549706465 0.5371173526373153
1218.7155374585793 0.5372602431202933
1217.8133459994438 0.5616793062927101
1213.6105891520676 0.6183888430904496
1213.5328681320523 0.618428447960588
1212.825034919863 0.6283248864313696
1211.7057679347733 0.6431433167846533
1211.1883725739738 0.6558778681765582
1211.0766317519076 0.65593838320116
1210.6808728308295 0.6561528026015612
1210.3932901641274 0.6787037961994432
1210.255865508083 0.6805542701036787
1209.2074333442984 0.695783093501622
1208.782426021552 0.7202282390457473
1208.763535582732 0.8088924023384083
1207.9495447339734 0.8094374838908658
1207.884914475687 0.870547688673271
1206.1560717697957 0.9156695846759126
1205.189450702672 0.9205305344605844
1204.090315054435 1.045014363857009
1204.0446422473692 1.0450540041973642
1203.5711148143848 1.0454651653941116
1202.5795262770214 1.0463272050776133
1201.9594755986313 1.0592766327157104
1201.936825071104 1.0592965948085824
1200.9447166491195 1.0971008229310775
1200.7891078992382 1.0972429948465512
1199.3009696493516 1.098604495680265
1197.5859078630376 1.1001778062682093
1196.1124683765067 1.1015330679721198
1195.5353128724237 1.2030666521990687
1193.4217876786965 1.2051972582474981
1193.3495851971304 1.2176726893022443
1193.1029813005732 1.21792437154143
1192.3349743802282 1.218708861106778
1191.8614469472436 1.2191930550372334
1190.3880074607127 1.220702148860203
1190.0215425771848 1.2333827706221923
1190.0068438138294 1.2333980051576627
1189.7749386806279 1.2336384130864042
1188.5334043272983 1.234927063841913