1355.1222912071084 0.2023752441824617
1341.5334132981275 0.20442517634049476
1220.324163055284 0.27308721582362705
1220.318096336148 0.27308857345606985
1219.3873152715355 0.2732970270539969
1212.0861119811734 0.33725745846599714
1211.158018983258 0.34631202457044835
1204.3129805856386 0.41888522799950073
1192.3918127316838 0.46682950042040694
1192.1586015456633 0.46692082204600377
1188.5885708666208 0.482134158163032
1177.4040049681516 0.9864961218373859
1168.639285214308 1.0395634690221376
1168.3959920676466 1.0397799355876254
1168.367864535278 1.0398049674672947
1183.6616204741217 0.5689855299660744
1179.205919920298 0.9849886818880569
1184.0804252381859 0.5571233942889455
1183.6082703043573 0.9813250835415456
1186.4026773140176 0.4985554903213385
1193.4236136462828 0.4575781693876135
1196.7431957160802 0.4274967256089313
1204.97594944728 0.3926958551788516
1175.4513525278007 0.9881348830294674
1170.1839192356588 0.9925828458620075
1216.126191048748 0.3114984199162833
1212.3221921670727 0.3269766712428874
1205.9279558006288 0.3923858458227655
1213.2741985204214 0.31708046250547456
1269.2411402023213 0.21348462995779766
1339.341230046857 0.20475977176521412
1184.2907566569875 0.5254775842526697
1235.4584357959075 0.2527485458685976
1282.8300181113023 0.21122321064971844
1196.518225895656 0.42757710370891394
1169.2042188885466 0.9934145515152363
1339.874493591742 0.20467827836992702
1248.2566539563798 0.23534743247710913
1230.698810767403 0.2537260297942415
1181.1258572303545 0.9833875684175797
1207.3055837064678 0.378765405120686
1235.4296649555517 0.25275443190830477
1252.7820753813303 0.23449728756031277
1220.442374226521 0.2730607647921699
1219.7595205152575 0.2732136314462133
1261.196393664355 0.23293279306607656
1223.9208909574218 0.25807952886399477
1255.302623069796 0.23402643568344328
1260.085813124481 0.23313808910574566
1218.5151102002774 0.283655846281864
1217.2711357343724 0.3023056728319381
1191.6903782652835 0.4689440224940616
1211.5039219997734 0.34621314715719426
1210.8660144915395 0.347638944878007
1255.6658336826538 0.23395874180912624
1235.3402246246703 0.25277273167671754
1177.540944380812 0.9863813995424534
1209.576249667446 0.3558168664894735
1218.7511903861766 0.27343967392185226
1223.7893826191057 0.25810726207567014

1376.9024533103434 0.3572801536790709
1196.8520933239342 1.273045523295461
1195.3480475936194 1.2746473318127907
1188.90571130149 1.2815542771553394
1607.9304848789923 0.2142824339350537
1591.2968926077447 0.2724123343030834
1475.1589881073878 0.2797743980748253
1422.2703465354277 0.3319046208076194
1229.7448194227748 0.44492205787124384
1226.0331981367426 0.5026313206848013
1222.3079796689315 0.658606982888311
1212.5495001588652 0.6956276182660696
1208.009734721235 0.801071695680505
1207.4648410367568 0.8014331959850736
1206.2568684602727 1.1498809066316196
1202.7068690655242 1.2668483390609342
1202.3592293693812 1.2672146245776856
1200.5772341153765 1.2690955285150876
1198.0648807554546 1.271756833813609
1196.7409234559389 1.2731637813912637
1196.4845107742774 1.2734366268284099
1196.409478855475 1.2735164894467463
1196.3035031068266 1.2736293051854235
1196.2229571410687 1.273715063197165
1195.8321647596354 1.2741313073470406
1195.7182864758404 1.2742526535606522
1195.6115538958095 1.274366406453791
1195.585182181672 1.2743945158909755
1195.5007930939412 1.2744844739999344
1195.1442177872505 1.274864720739554
1195.0334569853821 1.274982880643712
1194.9388951759356 1.2750837767553822
1194.505152800251 1.2755467784136256
1194.3677222978206 1.275693549823601
1194.3309820957402 1.2757327929140978
1194.2231798282176 1.2758479530367215
1194.2035100950784 1.2758689675359673
1194.1605949930483 1.275914819029601
1193.7727574799922 1.276329343173483
1193.7645648420535 1.276338102441857
1193.6793558312306 1.276429211923355
1193.5951133328433 1.2765193007521596
1193.2475094797846 1.27689116243544
1193.1144921010111 1.2770335198676315
1192.5152561989803 1.2776752259835271
1192.2021328955786 1.2780107981792106
1192.0550176293705 1.278168521519166
1191.5143736558398 1.2787484843996773
1191.4762600453994 1.2787893897229472
1191.4134470172478 1.2788568093362962
1190.2211199899205 1.2801379288797523
1190.0377026958586 1.280335233078106
1189.9767051214324 1.2804008623827252
1189.9515564516505 1.2804279226258939
1189.9317269472103 1.2804492601956063
1189.9269418939903 1.2804544092662258
1189.8983666018155 1.2804851592528534
1189.8934524023016 1.2804904475915146
1189.6785541724366 1.2807217496769236
1189.5969036811246 1.2808096547141439

1214.23051171441 0.38265619090124714
1320.7417553219616 0.16679101609395092
1299.2330884162984 0.21374350833285416
1297.362409522734 0.21405170708035892
1295.1232249344866 0.22486222397755454
1293.0888738745145 0.22521598829564488
1289.5906037960083 0.22582693129626596
1244.2371310883404 0.3355577450902825
1239.412376639532 0.3368639961443877
1214.2629989934428 0.38264595303806775
1208.9446619547268 0.41834435588239127
1208.7396966273225 0.41841529430537056
1208.7395245586733 0.4184153538683723
1208.6796321621707 0.41843608715253616
1191.4531507783167 0.6008213007734935
1191.1894883656266 0.6009542888457563
1189.4533248327664 0.62835775897875
1269.1388208782375 0.22946606304440798
1291.5296299021875 0.2254878881143492
1280.4487308790788 0.22743924193186107
1294.010251232121 0.2250556271918677
1265.9216327810755 0.26441890323266565
1205.0583235840134 0.44979604247658456
1254.4243488901882 0.2899149160944106
1240.2252095027743 0.33664321839820804
1258.4976816510741 0.2682613479346202
1233.0585155719828 0.3385998318757261
1228.4028037357914 0.3398831432131816
1195.7691439375783 0.5613813439641023
1218.0491119017224 0.36633483450319726
1222.4778026347146 0.3445050505958582
1218.8236066632373 0.3515659924062142
1211.6798514252212 0.40753255890738205
1268.020050134124 0.255408369174395
1211.8610238542044 0.3947450775621123
1286.9544576900948 0.22628950616205842
1200.778239440418 0.4786874283014052
1208.2980835828168 0.41856821820262446
1199.4555101320148 0.4793922310703098
1230.6595919329588 0.3392598642243794
1244.5526725795537 0.3354726684249016
1213.0356847049238 0.383033103104244
1202.1491845662003 0.4762570958413586
1208.3305708618495 0.418556964541725
1213.517370646037 0.3828810643570375
1248.805464804644 0.33433022022442793
1234.0129522616276 0.33833794475204765
1250.7522353120446 0.3124223207356865
1208.3880759272272 0.4185370461511932
1214.7121976555236 0.3825044511658654
1234.6396217010326 0.3381662136278876
1242.9140579819948 0.33591494390487775
1209.6050602042492 0.40823158456732633
1214.7887659574385 0.3811757796965122
1215.6001019797977 0.36961491734906005
1234.849246698524 0.3381088073559294
1208.4379582272686 0.4185197696411561
1215.6325892588304 0.36960503954300195
1197.2435671095425 0.4802779224447922
1231.6365947092509 0.33899074439580695

1300.5107027385823 0.19669857488641232
1201.674896255403 0.48054799654582153
1170.7960139699492 1.0792225041065275
1349.6839880191724 0.13717178140870867
1323.0866259998006 0.18353675610216014
1297.7305180547555 0.20974386574548975
1270.2919791886986 0.22646032971254082
1229.4589218076924 0.25044976798956525
1223.444492257187 0.3101819934114759
1191.5512425595443 0.5135590942758838
1189.9988799457335 0.5651956874287056
1187.5388039081272 0.6017370937817104
1183.7763514870862 0.6409347727988621
1173.6815465649456 1.0168505392169085
1171.1832829630944 1.078865643298638
1168.2970020889375 1.081530983761269
1167.7298677929684 1.0815747907681736
1167.6455453048814 1.0816528975855864
1165.8775439610579 1.083293176006238
1165.8716570936213 1.0837808761424628
1165.292164174396 1.084319833978982
1157.3813221700336 1.2424277813153777
1157.373523331772 1.2424361532827013
1315.834172390634 0.18847263509837237
1177.6299375203894 0.6476705898046691
1215.6174752868505 0.3434578842057899
1244.056511030799 0.23674295669094403
1269.0206267109902 0.22668720616767687
1226.2910395258343 0.2983523534446179
1164.1097224689338 1.0854212292933663
1205.6927443719997 0.4521380570420658
1164.059140438357 1.2353003883445912
1190.2135104541553 0.5154355265349845
1296.870548827352 0.20988294922636677
1211.5425910466176 0.3604511500062326
1221.7204160435072 0.31789191758651647
1196.6351583705264 0.4922481788304369
1274.4619517219296 0.22571936341418108
1227.2704197790747 0.29811426377932315
1280.1444627646808 0.2206921066378157
1224.2136530860635 0.30998710925987905
1216.579514843886 0.3431862866104415
1187.546602746389 0.6017331420628812
1187.6695985232348 0.5918000211142495
1192.0329285006578 0.50809843016629
1163.6733721152839 1.2357099016760142
1222.18875091905 0.3177701034464771
1159.326149746883 1.2403435465968964
1215.1413415730458 0.34359246268843024
1157.7685911631788 1.242012194159535
1213.8981772429097 0.3439443389015472
1219.8325178539812 0.3341143591469108
1164.9048951812508 1.0846803127202849
1170.3214583330698 1.0796601198736522
1166.631477547197 1.0830750158148992
1173.2616878460572 1.0172144252698834
1181.7520112993966 0.6466162922389647
1208.6009467394722 0.37514653870104364
1161.206635453709 1.2383349046896632
1218.1138666788172 0.33458576502422227

1202.1088009790353 0.4896127870488846
1278.5157193206828 0.11746968492287178
1267.9658477338517 0.11844706936386182
1256.8550403677768 0.15223755797684602
1247.9265188710558 0.1663497565637617
1225.7004864964483 0.28426114131343533
1213.4971988773234 0.3069572489718546
1203.6202162966522 0.46502737973388397
1203.4799004516335 0.4650815980965834
1201.893826811743 0.4897003605922738
1196.3797755866324 0.7037287064667187
1195.8596821050448 0.7040347663820385
1180.8723913791252 0.996149431066659
1180.1521714513751 0.9967573583226745
1179.966555420817 0.996914154414421
1179.4464619392293 0.9973537577115141
1177.6889429540263 0.9988421542653146
1208.7157097121885 0.430047323976376
1208.9180159264067 0.3180185435652492
1200.86546643304 0.5346773436209632
1218.032081723385 0.29230882756498
1208.7323998958486 0.31806737930399964
1241.426176565614 0.17202617584272661
1224.7779962477973 0.28447524389507495
1247.8766355188243 0.17113694708840357
1262.391880339385 0.12658168977439996
1188.1568213496773 0.8121019910331702
1196.851270642408 0.6194489634406427
1201.3855599146275 0.48990753678208276
1182.2014895180223 0.9949250334107571
1230.0262096987574 0.24775685772989023
1259.336023143166 0.13698578734827024
1189.9143403348805 0.8109025058107628
1228.045914478638 0.27066291467202697
1222.4301098850701 0.2850216273163223
1198.9632306607425 0.6010976780473728
1204.5589581502713 0.44465242190144766
1234.3955166789249 0.24687988940552688
1213.8211957406766 0.3068753150048095
1264.5038669283208 0.12637027181182955
1214.6053723148987 0.3055072153044897
1202.9358463381047 0.4652919414472627
1257.3181883229483 0.1438946874176588
1186.1556151795764 0.989196887053562
1267.8211970628317 0.1260396164230737
1267.199004148906 0.12610150169599108
1197.3713641239958 0.6191798979044901
1204.1452258783033 0.4448052000321878
1265.3100654193083 0.1262897543756495
1265.08701755997 0.12631202055890714
1201.9231849484772 0.4896883991871481
1269.8192114068065 0.11827419003304454
1255.4604575987798 0.15240666555316487
1184.878152096963 0.9927817124088364
1208.2123064142609 0.4362879347068395
1237.4091205018974 0.21964223539071362
1234.4424624437593 0.22487666560821382
1196.5653916171905 0.7036195412426539
1228.0455662098245 0.2711285884667798
1182.0158734874642 0.9950812699212362

1249.548360419676 0.3032092205778833
1336.7938700548461 0.21355561832592196
1299.5992256886475 0.22844823754152896
1291.7455061572539 0.2298371863526843
1252.8403970198156 0.3024124903207679
1243.5291403401873 0.31572877793353155
1213.3534096751705 0.38689653348431197
1192.553788016991 0.5518967800572288
1182.766436909212 0.6072709445611802
1174.875858223575 1.2042253202597866
1174.464273601056 1.2046473344793822
1174.2195531741495 1.204898396394651
1172.9455660801705 1.2062070888446275
1172.2034835556515 1.2069706979058012
1171.3915306180213 1.2078073126312645
1171.1776739632232 1.2080278578459338
1171.08727246048 1.2081211109588939
1170.9967772025652 1.2082144752051984
1169.9193114646378 1.2093272098086405
1168.6640857837651 1.2106261104840315
1168.2164275449138 1.211090020030027
1167.7418421250181 1.2115822227112645
1166.87500633592 1.212482270125408
1165.9944018246288 1.2133979840904683
1165.9315887964772 1.2134633543081264
1165.07724185232 1.2143531826142322
1165.0144288241686 1.2144186557953
1164.7414265449545 1.214703301857848
1327.3760562654734 0.21993929311597063
1182.3414295864657 0.6262030546243842
1294.0208781741637 0.2294330467355476
1269.5367987886589 0.2592993860247091
1204.3867332032962 0.45750506655245593
1264.3518354987857 0.29394491146872187
1179.7980326360494 1.0020903190804942
1175.6864154992988 1.2033950873149473
1212.786559880216 0.4256684663394101
1263.7686038225943 0.29408056761883133
1190.00718185941 0.5530778348944331
1223.5791509863607 0.3616778714107613
1219.1810163653784 0.38232087135596576
1275.5129404345232 0.2561605147029891
1184.0454843098448 0.5979753894217135
1176.8286492050238 1.004618801363687
1278.3220707079336 0.2555975984605229
1282.45519909398 0.2339913744155547
1176.3364965554613 1.0050391112038894
1291.2117479007532 0.2299321959404348
1279.6460688205696 0.23450504164714592
1225.874483947632 0.33151836469124124
1224.0283496484412 0.3567743511412226
1247.4703027922703 0.30371431174687646
1215.0556965632911 0.38635449339687195
1175.911489232715 1.005402360466967
1274.8197349869897 0.2562998064470386
1228.2915359467613 0.32611176573747114
1279.005379452214 0.25546104541950293
1277.6288652604 0.25573627852047376
1183.2585895587742 0.607018362406269
1233.5929474743386 0.3172630121366548