1234.6989420350073 0.43108579355552473
1215.0933177574552 0.5297933120758196
1209.0470399190776 0.5590756516198425
1207.3523400944048 0.6714266388086687
1422.6526542139845 0.27289700563801905
1344.8166083088586 0.28742748464741535
1324.2548351012401 0.297523494832402
1296.0288618808752 0.30089332462397045
1269.7194877694794 0.33846408458374266
1262.9415564484266 0.3439875662446496
1250.3273297569197 0.35046970605212896
1238.6679737898346 0.41758450126696295
1226.8330084940112 0.4661753564209301
1225.562727445715 0.47821753066511563
1219.6408909675677 0.48823943613259185
1216.4979048657797 0.5259020538786944
1216.195214058299 0.5260329421731921
1216.0834732362327 0.5260812771392416
1215.1710387774706 0.5297594270709125
1215.0608304784225 0.5301817975226185
1213.6741784621172 0.5532212573503854
1212.0920790507319 0.557671131892207
1211.935392705585 0.5577432309925189
1211.671367096674 0.5578647643555887
1211.2168511193752 0.5580741062652042
1211.150324478644 0.558104760424988
1211.1440790969962 0.5581076383461937
1211.1166011124228 0.5581203007711514
1210.7706330580083 0.5582797791969696
1210.710209015119 0.5583076417862757
1210.6777217360864 0.5583226233918831
1210.598468193053 0.5583591747730572
1210.5659809140202 0.5583741591444977
1210.5207471730375 0.5583950240095942
1210.4882598940048 0.558410010305254
1210.4033267139494 0.5584491935567398
1210.370839434917 0.5584641827602016
1210.2326543081324 0.5585279485523612
1209.6766172246842 0.5587846801838694
1209.53919256864 0.5588481678268898
1209.2365017611592 0.5589880562630496
1209.1572482181257 0.5590246948260136
1209.124760939093 0.5590397149395979
1209.0795271981103 0.5590606295751498
1208.654519875364 0.5659355457881443
1208.6220325963313 0.5659507579102923
1208.6058208195097 0.6640516833933485
1207.4120437304337 0.6705170333446736
1196.6231656274672 1.4712611512448892
1192.7598658119243 1.4760265051917631
1192.3468627961659 1.4765377686646706
1192.2691417761505 1.4766340204399209
1191.8441344534042 1.4771605828095808
1191.6301302158736 1.4774258653131185
1191.2051228931273 1.4779529926730546
1322.527861968115 0.2979120046678654
1223.4058910969522 0.4790606171340137
1199.4190113198422 0.7813908626779646
1194.3088173315193 1.4741121816390932
1202.9442126289432 0.7100398702117714

1396.6871052851575 0.1225609670277163
1369.1689434541631 0.15947110024459074
1329.0034744417128 0.1766897173706545
1325.156436937051 0.1772026620694586
1322.1834818867728 0.1776011056715299
1321.670248810807 0.17767007201305174
1320.8163565142727 0.17778493363258605
1279.5580824568628 0.20891961726566946
1276.1963034844223 0.2497862477252895
1276.0589873744182 0.28681150770270775
1260.4967555967905 0.2944259855058001
1259.1880003990273 0.29473200139760114
1256.9211859759876 0.31166050266316275
1251.3490379069394 0.3166962671936417
1246.3071408624398 0.3184148051078994
1242.3898092141412 0.3349204748348858
1237.713544481672 0.3414430268484398
1237.1513404865107 0.34785921897323185
1236.8419818930845 0.3479462254302145
1236.7519985181991 0.347971541237814
1235.5029077426395 0.3694081233382431
1231.2062120165385 0.38388073246914695
1223.0939462951346 0.4012793158451149
1219.8067949944566 0.4281842878365004
1219.6693703384121 0.4299922526775703
1219.3540932584747 0.43354094683349
1218.4429613672091 0.48318821219474384
1214.6343458131046 0.6396251463142568
1210.3603085534237 0.6991929850186025
1210.3557754623848 0.6991956036746366
1206.6137346529802 0.7102821604384698
1205.7960435146438 0.7558655673345513

1286.8546986612346 0.17109312395272855
1219.1163463716941 0.29509890347928136
1194.7972141995551 0.8285920563171428
1181.3575768448857 1.0267746039199124
1180.788144298049 1.0739369797656089
1180.72844066202 1.0739912834821537
1180.2338303295599 1.2335875536917342
1190.2142574228124 0.8387971901793838
1197.311187828213 0.8158590585781899
1199.013969352929 0.53568050525033
1210.2528961966523 0.3909836220389928
1235.466005203665 0.23340482126923454
1212.7457310018037 0.3901799436121408
1215.4829593792815 0.3087162441618352
1230.3291969782597 0.24766212602809262
1208.874632839936 0.4994145644374033
1189.4970436693936 1.0181235635710926
1225.7685692713596 0.260648361676684
1185.4804691420754 1.0215731093692293
1215.9128936408113 0.30860708528117015
1220.0357859380013 0.2745608040932537
1194.6660772986675 0.8286830097613146
1214.4814564859703 0.3881443722137929
1189.5851212399466 0.8855629171937155
1194.1697371154014 0.8290274404265296
1189.6812054854952 0.8854913949704576
1218.4057284459627 0.2952710157451548
1196.3693073296336 0.8275032421262462
1241.5665613214098 0.23225796434294158
1190.3103416683607 0.8387294807826281
1216.3721768985308 0.30252909158557173
1182.7627057409707 1.025554789785825
1186.590057718586 1.0206178292833623
1182.3492101725815 1.0259134506256753
1212.3915571127256 0.3902939262172313
1216.8021111600606 0.29888138997829566
1181.3198180519983 1.0734536355460236
1234.7064833829443 0.24678411326003152
1187.5060498883645 1.0197227974595502
1191.2740463717603 0.8310425998206078
1181.2237338064497 1.0735409534518114
1211.1421137159016 0.39069656283882187
1197.0912061072656 0.8264945965715896
1209.6237600137868 0.43348780574321927
1188.7134941422726 1.018794667449965
1184.166707118296 1.024338845840833
1189.2087872867023 1.0183703500216346
1181.8528699893154 1.0263443012696334
1212.2580108738491 0.3903369222506129
1186.5402580910234 1.0206606650720642
1185.6885529426502 1.0213938272005392
1185.1922127593841 1.021821571151201
1183.2970114128982 1.0250917110019104
1184.6969196149544 1.022248770049622
1185.6802219669307 1.021401003846499
1182.3408791968618 1.0259206793870232
1184.4249068918762 1.0241155441722116
1184.6620002627258 1.023910581907487
1181.453661090434 1.0266910992794724
1180.8245249075685 1.0739038923075783

1246.4201091735088 0.34118523471038964
1234.1820900426922 0.37335644858649186
1224.615301019662 0.3927912327281902
1224.3680804134676 0.3939512896035087
1223.0440153108357 0.4012956981428639
1222.276252878445 0.4015477686225027
1222.1453929743186 0.40159076391815746
1222.0187170023867 0.40163239331354267
1221.8142403592653 0.4016996084767326
1221.7415179149682 0.4017235190805496
1221.6605121589675 0.4017501565277311
1221.338730572524 0.4018560041517239
1221.0951168917113 0.40193617613748794
1437.9844889955045 0.21943784838041297
1319.1824132045167 0.24689043322286452
1295.046926675659 0.24699032305069654
1277.086931643185 0.262869526605759
1273.8967683242386 0.26352781913173007
1255.224433345527 0.3120817904931766
1253.3902887687836 0.312538474359856
1250.0758408442023 0.33457343652430216
1249.4325787756688 0.33474568943695293
1248.8271501115905 0.3349079734131971
1241.7586099347059 0.34614451332025525
1241.3630026287672 0.3567866547184586
1233.8617283355577 0.3734533874139893
1231.0219125891008 0.39036706356467665
1229.830496949334 0.39074523716334286
1227.6372091946594 0.3914433397765978
1225.0203207828667 0.392279541039839
1224.9884298309705 0.39267158937304397
1224.8787570628917 0.39270674826522345
1224.5207845537377 0.3939021618191983
1223.7188511250722 0.4010743983655851
1223.5897665938016 0.40111671034148677
1223.3125675063834 0.40120760222718166
1223.2930373087736 0.4012140076129028
1223.2528638703543 0.401227184076007
1223.1985208428493 0.40124500939179053
1223.1031104055949 0.4012763092564271
1223.085794888285 0.4012819902208435
1223.0811003907372 0.4012835304435797
1223.0458167025793 0.40129510708507404
1222.7788562694257 0.40138271893333305
1222.7747551845766 0.4013840651375954
1222.5897820596133 0.40144479300063535
1222.476165461945 0.4014821031689814
1222.3920714643407 0.4015097229775601
1221.8739439952944 0.40167998048864484
1221.8360343808924 0.4016924433173263
1221.812431442655 0.4017002032006652
1221.77942752937 0.4017110543235228
1221.7763307448633 0.4017120725234485
1221.7550286248918 0.4017190766433927
1221.7243168798457 0.40172917507042044
1221.6859153637881 0.40174180270995796
1221.681814278939 0.401743151323976
1221.4332470384481 0.40182490788885816
1220.9104250010064 0.4019969785934204
1220.7591834149707 0.40204678256905296

1277.5737805398398 0.1436280838523759
1253.8879986601278 0.21579548090392564
1253.4997220536518 0.21586232442654002
1253.1998671936824 0.21591397410250793
1252.8080976995816 0.21598149322898766
1252.603565631946 0.21601675988684593
1252.5705868329173 0.2160224473693607
1252.3086047526238 0.21606763911358187
1251.6477325816202 0.2161817232013228
1251.4380157765756 0.21621795107655695
1251.2895556124674 0.21624360441343327
1250.5700630060446 0.21636801621503013
1250.4401988676696 0.2163904870585164
1250.276369384026 0.21641884170284006
1249.7648246127783 0.21650742471037263
1249.658162985263 0.21652590419138013
1249.5038097000995 0.2165526519966893
1249.384458601719 0.21657333882106514
1249.2323088599221 0.21659971628292554
1248.9657807678052 0.21664593845331875
1248.8115402486903 0.2166726963594833
1248.7121553920083 0.21668994131444078
1248.3711027456761 0.21674914060041936
1247.8120770553624 0.2168462452367481
1247.335632045519 0.2169290740350218
1247.1595200038817 0.21695970670189885
1247.0939194071534 0.21697111938381813
1246.9794946307504 0.2169910289909354
1246.8595580094182 0.21701190156692796
1246.7710171888223 0.2170273129067641
1246.5126857208732 0.21707229037467962
1246.4300663885808 0.2170866789618724
1246.3053502362768 0.21710840254294458
1246.2572201479477 0.2171167872057754
1246.197010687991 0.21712727710776766
1245.8510308624761 0.21718757457157942
1245.7704430036297 0.2172016242560145
1245.7342010825741 0.21720794326380333
1245.284428851732 0.2172863944986658
1244.5102618886656 0.2174215608796078
1244.2678969108501 0.21746391138299215
1243.100472827532 0.21766813671549776
1283.9575254924762 0.11718767629584498
1270.0878203669406 0.16508756989778445
1264.7641746768377 0.1657824565395574
1261.3201392952822 0.16623512563456003
1256.3442163442096 0.2027517015540012
1255.5834308658323 0.2145275462026109
1255.5429954661893 0.21551102960839202
1255.4770019125692 0.21552235784353016
1255.071425219123 0.21559200395569675
1254.978991631027 0.21560788306014658
1254.9416682948406 0.21561429547413138
1254.9232843867078 0.21561745410019995
1254.7268841759978 0.2156512043242145
1254.6622013499018 0.21566232200141217
1254.606197771714 0.21567194881637117
1254.5840571973943 0.21567575493903313
1254.4509339813799 0.2156986426019429
1252.8776844433019 0.21596949728636355

1302.4508344525439 0.1681929335366925
1299.6417041791337 0.16855647670389948
1298.215548212837 0.16874164458702964
1269.4165891059915 0.17256984705719444
1266.6074588325814 0.17295257903801897
1266.0772463359226 0.18280640774781812
1263.2681160625125 0.1832129144961863
1260.4872241851074 0.21655438870077373
1258.2993263600672 0.2249900727301962
1255.9438899875888 0.22541202613510547
1253.7193628908494 0.22581198419183693
1247.758457954061 0.22689075369467984
1244.419115183992 0.23745124134520568
1241.7607076742681 0.24953875190782318
1238.1900429912207 0.2626887613667151
1237.463454364334 0.26550644573625753
1236.012478833901 0.27005715838869904
1236.0118833294728 0.27005728850090577
1234.124111594265 0.2762595163596536
1231.0868328776392 0.2818968853803006
1223.4261883700585 0.2906623761919029
1222.8706348407884 0.2907944249175152
1216.4396263627045 0.3041141483005917
1213.7783209549636 0.31940569482464004
1212.436291788173 0.3636249905817078
1204.7397223680784 0.38732447818805016
1204.423938660673 0.3874260294406989
1202.3990847485047 0.3905078970550377
1202.3817245468679 0.3938694677907038
1202.009986549241 0.39484248875417
1197.1690215658755 0.4010590130648024
1193.8296787958066 0.40368433895209216
1193.5124798979316 0.4072466258752607
1192.883343715066 0.45035587241115826
1191.9279136366893 0.47927750079187903
1188.5885708666206 0.4821341581630321
1186.9698072650026 0.49210592853237095
1186.4026773140176 0.4985554903213385
1185.359112779052 0.5250039748729536
1184.2907566569875 0.5254775842526697
1183.19423307485 0.5780284809301959
1182.4479702810268 0.5783932844225523
1182.2230004606026 0.5785033491339312
1181.593864277737 0.6221156659475762
1181.485175116051 1.025027646952072
1181.417019494799 1.025086780513656
1181.2761122603326 1.0252090568737984
1181.1985575034762 1.0252763697219454
1180.9206793115327 1.0255176238119548
1180.7570831975268 1.0256597112069725
1180.194974952147 1.0261482167444975
1179.369138238961 1.0285057652635659
1178.9675528391083 1.0288560996709883
1176.8556321820781 1.0307024284734243
1176.8473012063587 1.0307097248804404
1176.7977870143427 1.0307530923644668
1176.302493869913 1.0311871005748618
1175.3565670394157 1.0550680277922928
1174.861273894986 1.0555128189967387
1174.3771770790372 1.2235055611917387