1227.5767764047882 0.39981393540290744
1226.5290787063786 0.4001554553449829
1225.902479787146 0.40035998790770994
1225.3678842792572 0.40053465435182006
1222.856249089156 0.40135731599620744
1222.7976427231156 0.40137655228923946
1220.7536817450396 0.4097415466849638
1218.8492657184931 0.43079091531812147
1217.1185429936893 0.44734793552494956
1203.5092658942544 0.7855010208640559
1179.8047442033755 1.0281260217102492
1178.3798332577162 1.0293692439553228
1329.5850866726264 0.19490843674690875
1287.5498892531214 0.20134731589136406
1286.2301036587835 0.2587945870745199
1268.8295229472103 0.30034100132839064
1254.2581622574896 0.3038302168598973
1231.383321608396 0.3706439761844497
1231.3241152242515 0.37066179804740484
1230.8617549654755 0.38398816161342963
1227.8097966543414 0.38494263832831377
1227.517072768759 0.39983338144256614
1225.5221304169327 0.40048424243194886
1225.213944346382 0.4005849788507287
1224.0861426357749 0.400954054529846
1223.725283391099 0.40107229019861185
1223.5015277756609 0.40114563884190424
1219.4359348339797 0.4101843216123326
1214.2914166030307 0.4984958279067583
1213.185112538581 0.49895040648246336
1213.113882065673 0.49897970338025416
1213.0733717165149 0.4989963667103363
1212.9956506964995 0.4990283392129437
1212.2103565971915 0.5349919906198424
1204.7069941446068 0.773532012109866
1201.054261556527 0.7871066172765039
1191.6956266625175 0.8443443711709412
1190.197023330991 0.935973613485319
1181.3705327901394 0.977566200092237
1181.1810709480578 0.9777230020403732
1179.0807272477325 1.0287573446172005
1177.6877559564748 1.0299741607380053
1177.2476404929494 1.0303592178318404
1177.1358996708832 1.0304570257281556
1177.0581786508678 1.0305250666904242
1176.6331713281218 1.030897298844242
1176.6185043100838 1.0777427422612538
1176.5067634880174 1.0778451027947704
1176.004035145256 1.0783058693109453
1210.4697818502332 0.5697257656315331
1191.0811574976897 0.8447799616236273
1195.8185189597075 0.7905528656653465
1181.932641035519 0.9771012852549626
1217.7481202992963 0.447116656081178
1209.5638884171415 0.770425964355617
1193.6662021654436 0.8429504770229419
1214.974094664268 0.49821572961756444
1179.5020533958946 1.028389865503321
1247.4135579893752 0.3054973444823142
1263.9602690568 0.30149802866933656

1311.2512656451574 0.22222855085282472
1217.0445083207312 0.5196296255413839
1327.5049068897151 0.21239330197798523
1323.3056778319728 0.21306728693873672
1314.7057087231276 0.22164463623670397
1304.2875408665352 0.22341505184865804
1301.9853793089653 0.22381009280067046
1291.152578467233 0.22568786480230132
1257.0976429313082 0.33390139788670004
1250.03083390081 0.33738769411623365
1239.3175356295749 0.3787249880922815
1234.9045862364835 0.3812807667168444
1233.9634183288379 0.3962932123375301
1231.9817228550653 0.3969306669771624
1231.2919133101814 0.39715304037195054
1230.7205095018903 0.3973374321635806
1230.6457770732857 0.3973615609517618
1229.9728064848377 0.3975789744117102
1228.5731695850338 0.39803191137708505
1224.2451871918445 0.43970719473325487
1224.0849258133069 0.4397647627007176
1223.7467956665698 0.43988627290549875
1223.3875313078688 0.4400154514819453
1221.942515603361 0.4417426996112091
1221.6287143974464 0.45366394548604566
1218.6579657815983 0.4967096773961271
1217.1222293407466 0.5195964438743716
1204.7063168128184 0.9213687273004618
1303.478460344795 0.22355372753238706
1277.1641543826574 0.24800476801597668
1260.6718093374068 0.3108165361851337
1292.603130888084 0.22543459906990232
1317.1758940031164 0.2212289716923458
1274.127020136927 0.2909633155373854
1215.5936313130815 0.6060456693749289
1211.989887957951 0.6964892041416788
1253.0155053965175 0.336584039708691
1308.020060216252 0.22277752263224435
1249.1478672023304 0.33762617837114306
1216.184421292407 0.6057512685404732
1205.5116360645065 0.7793856832975209
1226.1599243664755 0.4000180448700297
1312.1801762500772 0.22207123216950714
1213.0135446188629 0.6537723444355091
1218.580244761583 0.49674135752794
1246.509962584142 0.3629508895021874
1220.184841570052 0.4874732723408491
1233.3028752815426 0.396505462492254
1221.8009518833862 0.4527094264902557
1246.4471495559906 0.3629691799242466
1218.8163249474824 0.48802061919090506
1224.487222811934 0.4396202809610631
1250.8785785071811 0.33715903995038776
1227.7795125389791 0.39828920580804184
1223.3278276718397 0.4400369261200335
1222.0370320692855 0.4417085337408471
1250.8157654790296 0.3371759712850035
1232.559910371116 0.39674446884232706
1209.8925973845337 0.7765635662440812
1225.8499141876478 0.4391315859270944

1277.0825378665434 0.2335948826595792
1261.5433167451774 0.2805310873223262
1245.636554375053 0.28411346560738515
1244.9796391271584 0.2842633784748924
1190.6090613621993 1.1883121862150605
1188.5385658325345 1.1903822873797467
1346.092622989318 0.15244499385639687
1298.6264098363135 0.2297196047453977
1276.7436819096802 0.23365688023873585
1272.0142944884863 0.23452562355008433
1265.1669213458822 0.27972760936103036
1253.8017055319467 0.28128529862454527
1250.352103556049 0.2820613378851396
1247.0247514028094 0.2828139431553253
1244.0162993092993 0.2844835060016748
1243.320212884889 0.2846427772050577
1242.1616103418162 0.2849082723248484
1240.706868732341 0.28524233021481404
1237.6408807190282 0.2859489564898123
1236.737209276434 0.2861578965169104
1222.070025833703 0.34361348050777957
1221.3867649485635 0.34380570270763905
1220.5062138622868 0.34405374608631983
1209.8811501911775 0.3803849878406028
1207.0285438467786 0.40396995406618236
1206.850608841576 0.40402951437576157
1205.882975358944 0.4069353621395979
1203.7992489940104 0.4301422088878364
1202.3599608128413 0.44582214963597244
1201.8306833540346 0.49695807757211036
1199.1616199003338 0.4980641942296626
1198.7273152669277 0.4982446452668023
1198.307201217758 0.4984193246605233
1192.4347564356337 1.0092945663987707
1191.824320897576 1.1321431026652973
1190.6145631432664 1.1883066950731827
1190.4735020662204 1.1884474994018612
1190.1051051914928 1.1888153831649402
1190.0865183874928 1.1888339501163154
1189.4412724438066 1.189478866600887
1189.4134626527477 1.189506677921162
1189.3070863966377 1.189613072029515
1189.2843099728427 1.189635854749554
1189.2398888227278 1.1896802906900084
1189.1775773928116 1.1897426284614778
1189.172383071503 1.189747825273626
1189.1324479596046 1.1897877810519875
1189.1289834172237 1.1897912475137837
1189.1095700433514 1.1898106720167059
1189.0668165909433 1.189853452214783
1189.0646766252923 1.1898555935999973
1188.9741287347738 1.1899462086196335
1188.8232334177683 1.1900972464739772
1188.8075520662255 1.1901129448376522
1188.8010384936608 1.190119465598297
1188.716500837737 1.190204103028517
1188.6452984125658 1.1902753988294572
1188.5842566671458 1.19033652742633
1188.5384973404794 1.1903823559780542
1187.9290815847578 1.1909930302803435

1335.2915435855125 0.2103440010193812
1324.7434656868072 0.22231600437869495
1304.4543997636738 0.22473917663636622
1297.8174229704973 0.22692843300268342
1292.2181897694954 0.22791172299688062
1291.63356003844 0.23831981012371062
1290.7890335816105 0.2384757359796017
1286.0343268374381 0.23935742487897355
1285.7798762602097 0.23940479273411644
1282.0961927223057 0.24837825272846317
1278.1888394963985 0.24913753143365522
1277.5877738638205 0.2734456188029574
1275.5032831609824 0.27389249719021963
1265.1155755597292 0.2739778844134019
1264.368670056575 0.274467353947435
1260.3264297543237 0.29062734099306425
1259.2908752880917 0.29760071407446453
1252.8254019817432 0.3040026661006897
1243.439266388959 0.3126193683405597
1238.2530982674061 0.3139287101904095
1234.3846733821324 0.3215956687493129
1232.1089099103215 0.33298762706488144
1230.3111454267214 0.33347419774388465
1228.8986399261735 0.3376503386435065
1223.0623327182489 0.3392615656860429
1218.379704219124 0.39628250912746055
1214.256811921934 0.3976280482987061
1213.6276757390685 0.3998682745331285
1213.3504766516503 0.39995962746282276
1209.3192321842587 0.42811347428283214
1209.2911182813323 0.42812342717215346
1209.1279281819798 0.4639229548119828
1208.247609235015 0.464260965136962
1207.9704101475966 0.4643675014517416
1207.341273964731 0.46665416954000216
1200.7721886870397 0.47275381245516823
1199.5370825878306 0.49770799708968055
1199.292615257332 0.4978094513501908
1198.907946404965 0.4979691731961611
1198.6634790744663 0.4980707339732826
1197.9537340145973 0.5585642059809891
1197.7092666840988 0.5586782158698216
1197.080130501233 0.5589718342093352
1196.9427058451888 0.560701062613976
1196.4662654490642 1.0749648243401893
1194.0328864837352 1.077155548583741
1193.8954618276907 1.0772795357631075
1193.8182933496598 1.0773491711696443
1193.4037503008694 1.0777234012740127
1193.2663256448252 1.0778475192219912
1193.2365676454515 1.2352863622726042
1193.0991429894073 1.2354286461762083
1192.804440423052 1.2357338797754795
1191.4552151925957 1.2371332469589564
1191.1327396813658 1.2374681761931066
1190.5036034985003 1.238122131378542
1189.435248277959 1.239234217340885
1189.1136753482615 1.239569344407467
1188.9762506922173 1.2397126167316188
1188.3471145093515 1.2403689469014978

1405.3707678840915 0.23682580343165005
1301.6503412154366 0.24697919917067895
1284.7217241676174 0.25023361310553044
1272.580993885049 0.25027612518665193
1262.3894877626788 0.2561395613284758
1253.5382699378142 0.323842870296056
1242.044683781319 0.33955704342295756
1240.6032059781137 0.35499795936180234
1240.2530304090435 0.35558636974174224
1239.3401381127667 0.36848420225742223
1233.6801406686075 0.37821476710485485
1232.7868103969163 0.38005682104008187
1232.1206217959916 0.38883036210460614
1231.709006097246 0.3916888986849544
1231.6837431532338 0.3916969325773985
1231.2715539844899 0.39182805981128627
1231.2661183372136 0.391829789607221
1231.211850348461 0.39184706024558374
1230.7865413846378 0.39198246639568896
1230.7575032086133 0.3919917147291974
1230.6920249187133 0.3920125704320181
1230.5356189575948 0.39206239678560295
1230.4701406676947 0.3920832600105014
1230.4559447328138 0.3936587370452198
1230.3940552376196 0.39367853829540533
1230.2340604817953 0.3937297370905217
1228.5609404929594 0.4004760908805904
1225.8566493129977 0.40452416907316274
1225.738339310928 0.40456321431939957
1223.1685783952696 0.4494172431671776
1221.6522817287723 0.4499750531740614
1221.4162015428728 0.45164460634222775
1220.9240488933106 0.45714008670169326
1220.219922406243 0.45802478118769946
1219.6638853227948 0.4582335918006424
1219.497422490726 0.46005610907806554
1219.431944200826 0.4600808121272384
1219.1292533933452 0.4673602574653476
1219.0580229204372 0.47926979536857545
1219.017512571279 0.4797509699775667
1218.9397915512636 0.48067421575455677
1216.3973357177913 0.49763279420733164
1216.0948450592257 0.5323883577634725
1215.989123840954 0.5341996905816816
1215.9574204031812 0.5342136186735411
1215.7849949808349 0.5432073130889385
1215.7681995349258 0.5432148173229265
1215.6904785149104 0.5432495459075753
1215.3251748281932 0.5789618627814404
1215.2654711921641 0.5798610474738726
1210.005204409222 0.6300846763366151
1209.8085059199827 0.6484733383195423
1208.4250027681146 0.6492157632986784
1203.096671837439 0.6576204356382016
1198.418892680274 0.6601873203777056
1197.1422671958449 0.6700245402002492
1196.7189752123393 0.699760010898498
1194.0555739628626 0.7079472855592742
1193.7662035081835 0.7191737116922229
1192.2868520207655 0.7523369391815329

1285.9392895542073 0.22902455544411682
1225.2566234947205 0.3723978687711287
1308.1105476869561 0.2128137337130219
1303.5225992813255 0.21356276440172903
1299.7682530581858 0.22658783473540614
1291.6592375861871 0.22801034943910597
1280.9800259400981 0.22991121497162817
1272.8873321499905 0.23193029226080106
1263.2895047084112 0.2533880230723241
1251.7149737807854 0.30387281760904855
1249.5873304015693 0.3134896450201421
1247.1105718824438 0.31411223468177035
1242.5513253014346 0.31957282296119977
1227.666730373971 0.3458765149265414
1225.9138735805125 0.3647905353389879
1211.7610112306168 0.47811036835100684
1211.0160183705648 0.4784044922976228
1210.3826388056243 0.4786548359653873
1208.0852587092088 0.4795650797460082
1207.5799630207296 0.47976574734116667
1196.9637657302583 0.5571837896031808
1191.4491008023342 0.6214162353368033
1199.7556518972838 0.5085738776236584
1198.8982936342754 0.5417024941834325
1207.5057296434322 0.47979524172025106
1206.8395410425078 0.48006009393128796
1260.89467703339 0.26373645310159227
1252.901225869594 0.2859464316519512
1191.5865254583784 0.6196720323925627
1255.5169665890714 0.28159485547518076
1268.732073560753 0.24816697517539596
1218.6324013710919 0.4037678567541557
1259.8366868826627 0.27509124956952746
1266.728566265335 0.24928315779059806
1220.7432762657884 0.37377470280475106
1216.031684440079 0.43243438448569044
1244.8823736066313 0.316826113912517
1293.4651216910474 0.22769201053773894
1253.5684860615056 0.28203255161915447
1287.268958036768 0.22878798737401362
1216.554825002056 0.4322484298848218
1247.4597113863267 0.3140243208286981
1251.628478532297 0.3129784080085924
1246.7697336831754 0.3141981057496545
1245.6828993267268 0.31447223755016684
1249.4830757696852 0.3135158020351308
1249.5112713209137 0.31350872746841013
1202.9179295574522 0.48162512936023893
1208.1629797292242 0.47953422936589646
1282.0001374315264 0.22972827031698043
1290.7472001143274 0.2281714607571409
1283.08334045268 0.22953432940246124
1260.7267472779333 0.26377158299644854
1232.20931255139 0.33345706485439897
1237.963376895804 0.3207571743329376
1205.0190808774316 0.4807853357898718
1229.511905081905 0.33418863123758974
1228.6961002423072 0.33789750421042214
1208.0255550731797 0.47958878104839636
1232.3553169987451 0.3227514098961514