1232.4588015175518 0.3834905815168067
1299.4239834483772 0.2420374264903869
1292.9327259497925 0.24325259200372767
1258.6844561490161 0.3042727786333106
1242.6761159738705 0.33938450671313525
1233.1161094805786 0.38183376556545556
1231.1193210525905 0.4064623404295634
1229.530031450021 0.40698773334796084
1207.2684101921577 0.4309001074901369
1190.7781776399067 0.5465464821415429
1190.7004566198914 0.5474307107520417
1237.98460713299 0.36545034331323584
1218.1946253489994 0.41077478932377565
1213.399133409708 0.4123982181995907
1242.9151680937903 0.3393192322777753
1242.7415942637704 0.339366625025405
1233.500545538644 0.3805109941957151
1237.614415900122 0.3655596556413771
1258.0862061302641 0.3203236964322921
1261.1433138755444 0.30299501367180637
1279.9863900673326 0.2842274962188264
1246.4684370935508 0.3248692930343318
1240.4975700432078 0.3647100249277347
1279.4729249998538 0.28434155950822765
1233.866559958838 0.36804210877996424
1278.6548219396366 0.2845234856199423
1196.9510736261545 0.5425837448530421
1197.5802098090205 0.5422987041824248
1232.7023772086109 0.38196192054776296
1206.639274009292 0.4311247768297333
1204.703771053556 0.45270847472439535
1268.280809342994 0.2903421529097447
1243.110522739958 0.3392659083075032
1277.7799976349525 0.28471828289406964
1204.0746348706903 0.45294501760428885
1211.0633682519401 0.42680998106070284
1213.1630532238084 0.41247847043589025
1198.5820003920949 0.4845099720410827
1275.942657065341 0.2851282734600051
1282.7777142368266 0.24517828255290972
1281.8866786730978 0.28380615298974404
1203.975463153263 0.4639284936429428
1284.1092823645226 0.2449240428311552
1262.5971098033901 0.2916491553953417
1201.0154166381694 0.48238806547093765
1285.9785613171161 0.24456802495339255
1274.1126134875612 0.2855378111728927
1234.6019152607196 0.3678228950296358
1209.5129967413745 0.4273570723584766
1266.817905356099 0.2906774360560118
1298.6284419763417 0.24218569893255273
1239.5100052343212 0.36500060328897893
1208.4432507937292 0.42773538014914264
1280.1846407465193 0.2841834804633053
1191.6731053996984 0.546512106169506
1267.769250101683 0.29045930925460095
1237.2369165676182 0.3656711933138689
1238.5525879950674 0.3652827534966601
1279.0525616748664 0.28443500896211915
1234.2244159282159 0.367935397177188

1242.955445659838 0.36132682249032994
1242.6997388611967 0.37374767474844134
1240.5878299177796 0.37438392237061485
1206.4912245118003 0.4704401466736124
1177.6289404482625 0.6017085802943638
1173.5756064920083 0.6394501344629272
1170.630676979661 0.66835368042103
1310.8395160695902 0.23301995639699627
1295.0939805441774 0.23585297396691607
1265.5377815833476 0.30084307750192346
1261.8552812437067 0.3062611517786003
1255.9128309340886 0.32045536121444285
1206.091539651887 0.4705960451257109
1205.059651032581 0.47099901497275504
1202.9524089712456 0.4718240758212111
1200.170660923129 0.4729176667118271
1197.9696895703817 0.48388058423631236
1189.631593149938 0.5221612992313086
1183.7722140228948 0.5769106817519624
1183.2389138849926 0.5771707023974341
1177.3215604839709 0.6018656768499122
1175.329720310641 0.6028856631681184
1174.5804764397753 0.6389030759717416
1171.59503657827 0.6678035472548278
1171.00459826005 0.668140263954257
1170.590166630503 0.6683768099856946
1170.5124456104877 0.6684211896312264
1226.0419625440236 0.4103536449979939
1209.3368095312458 0.4385827164955674
1266.9301627892453 0.2758379285906073
1277.6734624086637 0.25650659767994455
1235.9487555104554 0.3809614747880084
1286.6643793849157 0.24963371224655242
1185.3301694131235 0.5569669220933384
1191.4731028230942 0.5052809452521555
1188.6793797226462 0.5386813530537174
1175.2519992906257 0.6029255328205183
1266.151159624578 0.3006973361848673
1195.6347714891174 0.4848255396292531
1251.2358762850413 0.35321847439627735
1184.0147244389575 0.5722031298154953
1252.5240344918643 0.32990686613353826
1172.3442804491358 0.6483086510488866
1179.8114969449725 0.5788474148619275
1189.8010928994809 0.5190900351929236
1197.4325359727175 0.48409764715121917
1178.446131103049 0.5795180763941592
1174.1690971973499 0.6391269206155871
1173.3491503969028 0.6477534319309488
1243.9928330463692 0.35646974153038663
1236.567716932678 0.3761876654842057
1205.8214093798508 0.47070146889468706
1201.2512919430856 0.47249223574333454
1176.334590258408 0.6023706552019544
1246.13458795154 0.35527496235642453
1249.6010581159078 0.35428940776749657
1181.4730291597016 0.5780333686641148
1262.5911962638984 0.3015451731590516
1263.708388101474 0.30127858965823323
1189.6781950591178 0.522140845201349

1240.013687279088 0.3790792261926954
1235.2936910368956 0.38052766921163517
1203.006278202715 0.7708329890033471
1201.1261788514514 0.7720395588276294
1200.2516543187185 0.7956553129687938
1425.429933318035 0.23725748114559234
1338.8495122165477 0.2551411911815058
1282.788742017086 0.25895714635164474
1254.62399647204 0.3301273373192645
1245.975856399212 0.3567519501427267
1243.0936948765072 0.37813998331703
1241.4387118217014 0.3786440881582718
1241.0125156764445 0.378774124438131
1240.8592016173793 0.37882092378362553
1240.4786305964146 0.378937143654062
1240.1582523458105 0.379035036982549
1239.157588731118 0.379341121191411
1239.0299946063624 0.37938018537755086
1238.2781529945466 0.37961053250059057
1238.1582523458105 0.37964729318851365
1237.9829130569283 0.3797010637904434
1237.9745820812088 0.3797036189966559
1237.4349361191719 0.3798692079248342
1237.1832062095161 0.37994649998708657
1237.0390421648628 0.3799907788031328
1237.0299946063624 0.37999355803145857
1236.6463975653242 0.3801114287540527
1235.9136310172153 0.38033679477685123
1235.8999316136155 0.38034101064184334
1235.850817989064 0.38035612567460164
1235.7850809345555 0.38037635855469687
1235.2391957586713 0.38054445702186407
1234.9884847966453 0.38062171010404916
1233.2936910368956 0.3811447609424648
1228.6535259150432 0.3907077896866737
1225.4703138259497 0.40238001757737885
1222.0678291714867 0.4643940720642386
1215.3214325664933 0.5447521026609845
1205.9279800313755 0.6010905802040517
1205.3064465891423 0.6642507415962915
1202.9120390640112 0.7708933779882514
1201.016084198183 0.7951488895303481
1199.1359848469192 0.7963955862605401
1198.9892957576874 0.8300452781919319
1198.3531708723285 0.8304858932545582
1197.698147387859 0.8309400876313207
1191.092608413759 0.9695869947330096
1186.6583978194537 0.9732100701960461
1182.8823436023615 0.9997085420015384
1182.7356545131297 1.0338458778208508
1180.94979430057 1.0354092840113849
1259.0874483583796 0.307909445441584
1197.2034355451274 0.8312834510812966
1248.706469656282 0.3402575492165826
1196.2158791852821 0.9616602366680347
1211.8312058467166 0.5549757988302827
1224.0580231760187 0.40284427460260475
1204.1907771173433 0.6648661625811564
1218.255180518431 0.4676778716747697
1217.666535783337 0.4965550874679569

1262.8896362390217 0.2155741912022678
1262.793539717692 0.21559059604534903
1262.2059508234588 0.21569095893767629
1260.3426432146666 0.21600983936840676
1259.942337429833 0.21607846948401707
1259.9163978491479 0.21608291817990125
1259.9088606083292 0.21608421086784246
1259.5124232130802 0.21615222437857254
1259.387690377867 0.21617363262322217
1259.1170710521576 0.21622009435743392
1258.3745679484266 0.21634767488491638
1258.1021667172174 0.21639451795900605
1258.0480025578286 0.21640383463622168
1258.0423726561892 0.21640480307125207
1257.9257272272441 0.21642486994049057
1257.862814877515 0.21643569448903968
1257.63964986557 0.21647410046196774
1256.8881457840016 0.21660353216247083
1256.446375739826 0.21667969056749284
1256.2263691556393 0.21671763831302251
1255.9206359317545 0.21677039465792083
1255.5778947632245 0.21682956752061427
1255.4822820363229 0.21684608043084821
1255.2206495446828 0.21689127884305254
1254.9920425563887 0.2169307873501683
1254.8396993583494 0.2169571237259739
1254.7273855340684 0.2169765441072867
1254.3601538608127 0.21704006705889237
1254.303312404152 0.2170499026970856
1254.0442427223134 0.2170947424621586
1254.036557577284 0.21709607288954597
1253.9855513598945 0.21710490333378527
1253.9497738835912 0.21711109773303164
1253.9358171304664 0.2171135142570278
1253.7986627622622 0.21713726453509152
1253.1292127432152 0.21725326418173657
1253.0769246603452 0.21726232967201714
1252.5333799439143 0.2173566120227023
1252.3793685064904 0.21738334146674534
1252.3611551391102 0.21738650292112632
1252.2617963104178 0.21740375112622803
1252.1266686030556 0.21742721302604875
1251.9890875222438 0.2174511061024854
1251.9808081382625 0.21745254411271117
1251.9208728345864 0.21746295458237372
1251.4529895501828 0.21754425790121645
1251.1127093207726 0.21760342603965357
1251.0124890216312 0.21762085854383978
1250.135444690009 0.21777353251307993
1250.1004245389377 0.21777963319255994
1249.2961205388901 0.21791984096814332
1248.9175697006597 0.2179858931564277
1248.6497510331208 0.21803264821436058
1248.5886505369704 0.21804331778353944
1248.1922417966575 0.21811256535137546
1247.910212966628 0.21816185898723295
1247.880024898632 0.21816713664606377
1247.3440680201875 0.21826087836539676
1246.8243900740315 0.21835184976914707
1271.5059219943944 0.21411336526292132

1264.988092124811 0.3043201524030817
1239.3547715607242 0.34441637794401386
1237.4050353439177 0.3510421162099358
1229.5001720828377 0.39773180846987916
1224.4999575837364 0.4084879697885749
1221.1219337057805 0.5045698693903383
1210.6906583265857 0.5813695465227419
1199.313234942168 0.6007608381375174
1293.787122486899 0.22763534201219257
1283.8040192357348 0.22801042425888143
1279.0816089156676 0.22885224605750445
1274.8331727284135 0.2659017716603867
1265.42373498245 0.283116733822552
1259.8721491336241 0.3055559004524644
1250.6565281809023 0.3257322557947588
1248.085978632585 0.3264031317739305
1247.0854387890129 0.32666500584305896
1242.294441403796 0.32817123304252416
1241.4607404919425 0.34115939540966456
1241.2752836756008 0.3438834938730085
1239.600713035283 0.3443480444306793
1238.5399152727787 0.35072045467367124
1238.1134120786091 0.35084127025705775
1236.3794727102907 0.3513333016308851
1233.999961936961 0.35266364053080923
1230.9223722696174 0.39506704007271753
1230.8116114677491 0.3951025921765022
1230.3851082735796 0.39523955134193317
1229.9124263152667 0.39539145045371854
1229.6184820849073 0.39769353997296825
1229.0736688886682 0.3978698261420734
1228.9267116777876 0.39937475304247183
1226.9321629810972 0.4000239921913066
1226.5087691790504 0.40016208144367876
1225.9538035013363 0.4056348506809715
1224.5991234648964 0.4067022553548571
1224.461698808852 0.40850073315168733
1224.1972667762554 0.4157245225252004
1224.159008001371 0.41573751520900804
1221.160192480665 0.5045540612882028
1219.3246561474755 0.5053690624019169
1209.69969398641 0.5818457940508945
1206.8894335082168 0.5832006308686062
1203.9674718253602 0.5984384471126187
1203.428580681833 0.5987064257731493
1199.1600683396946 0.6067038980980344
1198.9706064976133 0.6067997697044847
1198.605302810896 0.606984706474289
1198.5455991748668 0.6070149424486363
1223.9695461592894 0.4289887705632151
1233.1597264708237 0.35290393421866684
1221.258917239084 0.4797614331287812
1221.9871500745455 0.44820489036105327
1232.5401390530362 0.38183172210961214
1250.719341209054 0.3245287013934766
1231.0476916536486 0.38229463168210864
1221.448379081165 0.4664728952181036
1241.949213378761 0.33532063185353966
1256.1987959278083 0.30787511121990496
1266.558409621679 0.28144904886713057

2413.9506845134365 0.258013025698059
1301.407337631417 0.28037239856658086
1294.0021329072283 0.28078137524242003
1289.7409578403226 0.28170904880986103
1289.4141845015977 0.2817804417009391
1277.0703891938049 0.28571541541591217
1275.6724698145276 0.29258369339329815
1275.1877988200922 0.2926948980564574
1263.3797501298652 0.3005375103814388
1262.0831605324156 0.36570817806944056
1248.0545310779034 0.37858911187395516
1246.3571563048042 0.38342215104727506
1244.5284187033485 0.3839855600416488
1244.206544768751 0.38408489639666066
1236.9649328017704 0.42599954025349746
1233.5033200594619 0.43150364054445345
1233.3325868825118 0.4580584330524263
1233.1479951422943 0.4581270004941376
1233.0567571162114 0.45816089885524647
1232.773959469433 0.4582660007054655
1232.3815096424032 0.45841193474561737
1232.0853282897947 0.4585221325247544
1231.9932652231182 0.4585563964731467
1231.8011706515945 0.4586279065484727
1231.0424097645528 0.4589105848010126
1230.0711144848156 0.45927295221179876
1229.9407926432546 0.459321615771272
1227.8423112399864 0.46010663340748764
1227.236882575908 0.46033361627310426
1227.1060195040004 0.4640060129881762
1226.952943859576 0.46406390275469933
1226.5556159944917 0.4642142306463496
1226.4485199695428 0.46425476679443695
1226.363919602381 0.4642867932778482
1226.0609481322817 0.4644015230166278
1225.975675183096 0.46443382454452564
1225.9501873304134 0.4644434802556819
1225.523684136244 0.46460511452714015
1224.0883151065523 0.4651499116501897
1222.6476164957687 0.4702645654827279
1222.2754359767875 0.4756441361400755
1222.1904526557303 0.4756772093965739
1220.2895993358718 0.4827974141214743
1220.1498092660006 0.487906024504225
1219.8494838723466 0.48802273345909053
1219.8456500809075 0.4880276801405798
1219.5429592734267 0.48814880870882865
1217.9165703947872 0.5176123760000243
1217.3443411790931 0.5283652948905192
1216.0065741307744 0.5289465661566594
1215.7873595419856 0.538554214115321
1215.1805095494117 0.5388231631465704
1214.14527136275 0.6257320520618563
1213.7051558992248 0.6259589558949636
1213.3472999298472 0.6278873582114307
1213.344408684285 0.6422747415976605
1212.9042932207599 0.64250779794612
1212.7290239667072 0.6866887440110461
1210.6369337864248 0.687875404303792
1210.1968183228996 0.6881255657633406