1355.6381790060666 0.1955204007026502
1323.3927545148981 0.22018971131141649
1310.5561090702374 0.22234642725444625
1301.9720864287758 0.2238123778579154
1288.9456664525862 0.23779888857611226
1288.1128985615708 0.23795262609333337
1285.6749277765562 0.23840384555643382
1283.1210346776759 0.23887835880924324
1282.761803520529 0.23894525552305007
1281.4343274018975 0.23919278605472408
1281.4049692651636 0.23919826617590917
1281.0460829826127 0.23926527779842677
1281.0078242077282 0.23927242373167398
1280.7161428832308 0.23932691769417896
1275.3445779338192 0.2403349276898928
1274.9856916512683 0.2404025777892865
1274.8622200505554 0.24042586100423188
1274.8239612756709 0.24043307643096684
1269.0366411415046 0.27232473021690495
1268.9131695407916 0.2723512287757983
1261.2519426556084 0.2826331898225854
1257.7559847864386 0.2862494756467088
1257.2353681282902 0.28636801052823196
1251.1091213976829 0.32442759521793907
1248.3739097661742 0.3263278485410757
1246.9594643347687 0.3302206341406348
1241.5376074569854 0.33969572737135056
1241.0631564890991 0.3398255910014128
1241.0003434609475 0.3398427912177759
1240.778459209929 0.3399035641644963
1238.6344317387031 0.35069369225123753
1235.977687426845 0.35209933271333954
1234.083203494986 0.3940551632131676
1231.7973449254532 0.39844403302664694
1230.9937316684843 0.3987041439426192
1229.9217632995922 0.3990516442825645
1224.637382239781 0.4066895496100723
1221.7523391072386 0.42050984054135027
1221.2004828216473 0.4419362422513452
1221.0458611531433 0.4599921023561383
1220.3991200863607 0.4602358716100594
1217.0061843728922 0.46233745191346376
1215.972647661309 0.47341156324787875
1215.2718825820482 0.47368454766922286
1214.431647115911 0.4740122783880806
1214.3539260958955 0.47404261609851617
1212.9962780862193 0.47457318904904755
1212.4005993724818 0.6997705416502704
1211.9759157831465 0.7000157454216235
1210.3386751342161 0.7009626656984365
1209.7765668888364 0.7012883596363721
1209.7137538606848 0.7018252768928799
1209.3466326273067 0.7038876388616522
1209.3345730645985 0.7043953186511837
1208.1265328901607 0.7188744999041579
1207.2663062343224 0.7375649905247964
1206.1811589446916 0.73822854478815
1206.1156806547915 0.7382686221567171
1204.104509881969 0.7395017246517148
1202.8964697075314 0.7540791163364172

1271.5527253190623 0.3301055881497287
1240.2600243164622 0.34292681324067426
1234.5758737992658 0.36968550918107407
1234.2498324737448 0.3827547266184065
1230.9104897036764 0.3852481039044025
1214.1225820659201 0.5666517551850812
1196.510842336683 0.9651963540800351
1192.3749371562237 1.017287365118251
1191.456134482978 1.018071855896785
1320.7750328102188 0.25444037209910986
1316.9876761892144 0.25517208466206165
1302.024239361771 0.25810463480478363
1282.8823013640017 0.30306595321432933
1270.932402154632 0.3302667077676486
1266.8152640889634 0.33134007155865963
1264.7789903709654 0.33187352371478424
1264.1859325097464 0.33264885919466025
1263.6686387946788 0.33278503188970315
1257.8020549989415 0.33433719287384916
1234.5083792077896 0.3826745651661441
1230.9029941985168 0.38525044984812357
1229.8512895266613 0.3855798959375737
1229.2303150426271 0.3992761128467559
1228.655138297811 0.3994630280581213
1222.3906947053931 0.4931086781418699
1221.4695237038343 0.4934805559547063
1218.2758641109608 0.5191044169519056
1215.5638020408476 0.5436913421916678
1204.6024768468048 0.8638045297154143
1192.9948449278093 1.0167587590255645
1192.2275237609108 1.01741314797556
1192.0424381786022 1.0175711192850623
1191.221817918323 1.0182721133939676
1190.7136096410607 1.0187067219449593
1190.4759297465816 1.0189101079186922
1190.4061920437116 1.01896979884674
1190.3464884076825 1.0190209068246168
1188.977971785113 1.0201938024398667
1187.903873043564 1.043923808381689
1187.5367518101857 1.0442465323693906
1284.0276092727574 0.2846905443440419
1288.9754010910176 0.2607175362097668
1198.0693758595767 0.9639407582820629
1310.2369500441532 0.256486806295702
1239.5128692039455 0.34941113036142163
1193.178585102318 0.9678919124596636
1253.0224636933867 0.33658217058683754
1242.722104833895 0.339569183555759
1310.900499215399 0.25635697828216863
1223.839976383078 0.444891062560726
1258.3822505530004 0.3341830418177796
1217.3590831314134 0.5226397180053726
1231.268345673054 0.38513613535249575
1245.7829162775838 0.3387348831095327
1250.5600808136078 0.3372449089767857
1214.2178823731044 0.5662327002525361
1248.5899717499976 0.33777703663027014
1202.8499829114544 0.9578453147762743
1229.1311433252 0.39930832820315115
1276.511871718437 0.3090171813929781

1282.5591653191825 0.22823173153056803
1274.2476743264403 0.23022966588535287
1270.202237420964 0.24093083820420916
1230.3305519688115 0.30311229569537956
1229.0164980171603 0.30343638077527485
1218.1240964916685 0.35680949143246454
1215.1018169778642 0.35769697098456443
1212.1561421703823 0.35856621457413634
1210.978924680674 0.3714194951336217
1328.5695885096561 0.21163742866766408
1312.8002140282506 0.2141796204126681
1312.0402604917108 0.21430367648387919
1303.6353099438234 0.21568536029478724
1302.5127500699348 0.2158712469441418
1302.5043188745497 0.21587264429279907
1301.170648701478 0.2160939088188339
1299.0967995373321 0.21643887631651426
1298.9546329412804 0.21646256488693763
1296.53446719225 0.21686662301168702
1294.5478812561428 0.21719942196761907
1284.0260782840921 0.22797099221097933
1283.9383190854649 0.22798657438598668
1283.866164897498 0.22799938739297446
1281.1851284928516 0.22847650396593744
1280.018301195517 0.228684776473743
1274.1848612982888 0.23024101543354156
1270.0914766190956 0.24095184904738504
1239.8653398763852 0.2674005920095044
1232.0829928183448 0.30268116697104147
1225.8007402212845 0.3120964089078799
1221.1056129141698 0.34036771960992596
1218.8674507712763 0.34451632516335845
1218.3459807426873 0.356744509557025
1218.298977197126 0.3567582732202329
1218.2514642767628 0.3567721871188995
1218.2044607312016 0.35678595291790355
1217.9242575115177 0.3568680373103681
1217.8550277721886 0.3568883236996628
1217.7523823582342 0.35691840612877757
1217.6992876910936 0.35693396864422067
1217.5858150821864 0.3569672330171527
1217.1993947694432 0.35708055823766655
1216.7378621274763 0.3572160059282235
1214.7672866245503 0.3577954758549214
1214.3856807505392 0.3579079087149633
1214.0629693460014 0.3580030446072794
1213.7248694924797 0.358102771308103
1213.6159997460265 0.3581348956027107
1213.4701961220335 0.35817792703918444
1212.4281155363676 0.3584857805598994
1212.3811119908064 0.35849967891459406
1212.3340771755848 0.3585135875941175
1212.2031457159435 0.3585523110601395
1210.7395904481357 0.37149291587621486
1210.6443943273603 0.371522127331414
1210.597390781799 0.371536552323052
1210.3755065307805 0.3716046618553363
1210.1650468692355 0.37166928757855056
1209.9400770488114 0.37173839378841156
1209.4972546894176 0.37187449502549697

1225.6566907867575 0.39897903763135734
1217.5229306167298 0.46870013404017663
1217.4281632885331 0.47219938506773135
1214.5881188564983 0.5064248681570723
1441.7161699120393 0.1738118972285924
1282.4638743155886 0.23536943229891613
1255.6388774394409 0.3408332417611029
1255.2307468923811 0.34094406159065255
1254.172199971135 0.3412318253337193
1240.3456297727737 0.3738804883494244
1231.7292881138665 0.37819214454047273
1231.6383122594711 0.37822007997665774
1231.1721683070111 0.37899839794707135
1229.7967753086407 0.3794222661449686
1228.9182536840588 0.38097071772411967
1227.6313066039459 0.39833728931963264
1225.9780728983826 0.39887444789321874
1225.751207252682 0.39894827275150924
1221.413970485281 0.4079206864584396
1221.3511574571294 0.40794166546468663
1221.2890912369796 0.4443538359297275
1220.0882707066055 0.4447911724911435
1218.302687821266 0.4454430724771565
1218.2081713553416 0.4454776328306093
1218.003556429413 0.4629907658501679
1217.4284141508053 0.46873652211830336
1217.4187978811838 0.4722030176217867
1217.3242814152593 0.4722396807863238
1216.462444681308 0.4725742521542362
1216.3124938167339 0.47263251260789935
1215.892503404143 0.49702601739139607
1215.7979869382186 0.4970646563290658
1215.6892905196103 0.5059661483849573
1215.486248579392 0.5060506679330584
1214.8200599784673 0.5063281783212826
1214.742338958452 0.506360573950561
1214.6826353224228 0.5063854624000437
1214.566210495864 0.5064340030552359
1214.3799445149418 0.5065116817313188
1214.2854280490174 0.5065511071357589
1214.2626449098323 0.5308233841608003
1213.9599541023513 0.5309557405521611
1213.8654376364268 0.5309970829107152
1211.8460026978694 0.6668912289974109
1193.5718623876767 1.2297140319207795
1192.7579369040125 1.23055317585538
1192.330328034347 1.2309944926953686
1203.0280377216684 1.0833243558702474
1256.721555114454 0.34053961065383387
1285.5769248831816 0.2350217021080509
1194.612540037427 1.2163853550701733
1208.2094739196884 1.0786784925883677
1210.0698495555303 0.6687995146992615
1201.6644868077385 1.1733121318279567
1249.6051881651968 0.36041843591042905
1258.5682578099368 0.23632374121936203
1221.3421823126243 0.4443345201118854
1235.8396082807205 0.37693430267472033
1262.8016812518845 0.23553148818325978
1196.871787879884 1.1780104895411179

1268.159214551727 0.2756371216536551
1259.3208930281194 0.28811787612105944
1244.8038721265932 0.3395142410810706
1244.2566326391482 0.33966356365199024
1231.1604705790069 0.37071106605096465
1229.8454136768162 0.3711074623302916
1229.7850775806364 0.37112566971949185
1228.6062758749713 0.37148175089950203
1225.0183852810842 0.3858197951706862
1224.113332085457 0.4009451487203881
1219.3414183680557 0.41021611678624553
1218.4226398759401 0.4468691320056233
1217.1185429936893 0.44734793552494956
1325.2275658091426 0.2365178803302004
1298.2611541952695 0.24143063497468367
1297.530433572953 0.2415665996806129
1295.2831503318457 0.2419857115720433
1268.6832567388055 0.2755232670100282
1264.850574684023 0.2761992494540771
1264.7131500279786 0.2763688447569283
1262.3005691551882 0.2768970566622291
1251.1922550068537 0.33427490324815057
1248.6591500215393 0.334953033403901
1248.5217253654948 0.33498990164933995
1241.8590797267877 0.3460573354269654
1238.3698984005332 0.3470917132693932
1234.4389474430743 0.34819699312582386
1233.8629162962498 0.34829999218718044
1231.8969606148787 0.35071143629857277
1231.6101592302318 0.36022444718007507
1231.2701433470857 0.3706780457515682
1231.1677417091341 0.37070887667553715
1230.7505752019792 0.37083452953353285
1230.6904378767579 0.37085265025343084
1230.5484961428897 0.3708954274932971
1230.54397376939 0.37089679057148706
1230.4663851581588 0.3709201779368289
1230.438823374811 0.3709284865348587
1230.354682721634 0.3709538533380881
1230.1702024537788 0.3710094827673242
1229.894750348715 0.3710925755222107
1229.6801811512496 0.3711573281606086
1229.2929249310741 0.3712742514594244
1229.196584114707 0.37130335084429406
1228.8857314825825 0.37139727383564286
1228.6759437133298 0.3714606873060401
1228.248076674716 0.37159008769937873
1228.183709240313 0.3716095622294632
1228.0653992382433 0.3716453625444169
1227.445778138838 0.3718329710825942
1225.9170682021822 0.3840760355452858
1225.7139188289007 0.385600861040274
1225.680988016283 0.385611221117508
1225.604246060822 0.38563536639870405
1224.4738907905855 0.40082708637153974
1223.9629551689525 0.4009944091125408
1221.3256757101024 0.4018602996274941
1219.0462230657342 0.4174811541824295
1217.0020455232366 0.4473907578875681
1215.8957414587867 0.44779782421486236

1290.5837307600168 0.23712594731879583
1289.8627070967977 0.23725849896033052
1288.547343911797 0.2375006950242435
1287.296541562092 0.23773146269727122
1283.357911846444 0.2384610613499002
1283.1948136513479 0.23849137051908725
1282.2934705756475 0.23865900963631304
1281.4362237203773 0.238818666185508
1281.1512511770418 0.23887178775303278
1281.135006841098 0.23887481656228945
1280.3044265609883 0.2390297833873159
1279.5561243691134 0.23916957132426184
1276.7383911175525 0.23969741325223273
1335.6225060788702 0.21840755258774783
1328.2369296168304 0.21938666368229798
1318.1236516210865 0.22106990357837997
1291.469274383744 0.23696335315195538
1290.4364966587998 0.2371530025251691
1289.1310360837226 0.23739315956614632
1289.109347933445 0.23739715350081747
1289.075382250844 0.2374034086480937
1288.7458906694312 0.2374641051943365
1288.1617762904618 0.23757178281750937
1287.9929106004388 0.23760293028944443
1287.9746446776749 0.2376062999495469
1287.9107233600973 0.23761809277608528
1287.3755989261874 0.23771686367673744
1287.355807666186 0.23772051823457432
1287.2558303754658 0.23773898127261295
1287.2020113586118 0.237748921342724
1287.1613139095414 0.23775643848491382
1287.044990886746 0.23777792689270796
1286.2009488806657 0.23793396359800728
1286.112811249175 0.23795026927183255
1283.718082200902 0.23839415678091294
1283.2381849531082 0.23848330991013772
1282.8601018428867 0.23855359544744392
1282.8182176565874 0.23856138425422618
1282.6777744487626 0.23858750486435537
1282.080350959901 0.23869868181161005
1281.53240430232 0.23880074255110328
1281.157520548609 0.23887061882886043
1280.885439008465 0.23892135895275193
1280.882787739289 0.23892185349045714
1280.838948728307 0.23893003101954413
1280.7636778504968 0.23894407301142842
1280.7220513770085 0.2389518392547829
1280.1973881070219 0.23904976888228985
1280.0191831234708 0.2390830495242468
1279.9736650349507 0.2390915517330884
1279.828507825829 0.23911866932123554
1279.6036695183436 0.23916068470316904
1262.2591142587917 0.3227381506276727
1252.781210323193 0.4200395250532438
1245.9370461335955 0.6008588053119577
1241.8062179909375 0.6028575426566314
1240.4291215217154 0.6035268215207215
1268.9469781652533 0.2596806174192404
1266.4280415529447 0.28421711823691875
1258.1283391830514 0.3237977871266558