1282.4047160355935 0.272418508003669
1231.0622390093306 0.3986819564692159
1221.8633246272768 0.44561077865517484
1221.0915927734313 0.45945549256263807
1341.7941309446824 0.23037634522129216
1327.0683550629774 0.23293270971844277
1254.0113309406192 0.33677605047603965
1236.0808475132997 0.3823668520067311
1230.7686143388373 0.39877707008905966
1226.5693472195521 0.4001423181625957
1220.953726965186 0.466661880107187
1220.8834184318748 0.4666887543458303
1220.7963974711101 0.4667220209117092
1214.6902411907693 0.5347709166328191
1213.0648720352804 0.5444364175154601
1206.3651864343583 0.8495986370373962
1185.3755651510867 1.046150411393824
1185.3127521229353 1.0462058498214657
1184.945630889557 1.0465299865345281
1211.1840306676836 0.7117172105082451
1294.6635267598613 0.2642332672483174
1324.4394234295614 0.2333950669680106
1216.1097505130783 0.5200290367370902
1211.5314611452914 0.5678636619862327
1204.3807277675114 0.8579468666218046
1272.49609312848 0.3170534220318621
1340.9861344969863 0.2305151559545156
1191.49133355988 0.9692625284903581
1281.808444281802 0.27254523166683203
1225.3164970417051 0.4082157572245204
1246.4461501564856 0.34453697450039544
1286.6517042836513 0.26923874321445
1195.8896260024883 0.9656977345818996
1185.815480465697 1.045762309201755
1224.9020654121582 0.42777386970701575
1221.7515838052107 0.4456515340062531
1235.870072036137 0.38243206400393576
1227.8993137311709 0.39970891464401187
1240.222116462187 0.36800247670963565
1240.8612244657277 0.3678129363133764
1221.1936047445154 0.4594171121123642
1223.3974559241262 0.4450519860580201
1232.4245189638505 0.39824126705646107
1233.3527627971928 0.3832126190868159
1225.0138062342244 0.41544741913701033
1199.7541261135375 0.9625871480697941
1248.099572267471 0.33934471660911736
1222.9696286917267 0.4452076770539386
1242.537401599895 0.35061654619420807
1231.8050898163717 0.3984415278368256
1217.2654853524855 0.49481123467345134
1229.1379618405476 0.39930611308161973
1246.4386546513258 0.3447858765470118
1187.2567004406242 1.0216728678831808
1218.6024098650178 0.4813637287722454
1213.0051683992513 0.5444632144612268
1209.8820938165352 0.847129008191945
1195.2731262471511 0.9661958235994019
1219.0794543738011 0.47278407752830864
1240.50336849635 0.3679190416720693

1244.725636051975 0.2321956373799999
1215.6093663613046 0.39298189462417316
1173.1035900932602 1.2060446055938674
1172.1826262118454 1.2069921742544922
1171.5399250059284 1.2076543243949769
1171.518652165925 1.2076762533989875
1168.3587310975938 1.2109425118992805
1167.8575049265141 1.2114622294813282
1164.517531078485 1.214936846270133
1301.2741173946627 0.18920871183477603
1268.3595084028202 0.22476565484291305
1238.1802510883176 0.27513477988516305
1237.2626212601342 0.27533883670903786
1232.934165921571 0.27630546728073274
1232.1798029108684 0.2815566098845637
1231.9446610263603 0.2816103507334333
1222.458971534767 0.3534695296296064
1181.7865763916056 1.0004041428399455
1177.7940943517262 1.0831082176900573
1176.3881938580055 1.084402639366468
1173.60481626434 1.2055295249539149
1173.5931562007718 1.205541502316615
1173.5131797762645 1.205623661512278
1173.155274991652 1.205991471712765
1173.1355127912295 1.2060117873923366
1173.0810206000574 1.2060678092899892
1173.0119536051845 1.2061388226150833
1172.5842056937545 1.2065788109415194
1172.512573785735 1.2066525240464667
1172.447086715611 1.206719921662404
1172.363386585679 1.2068060746550602
1172.0062151784734 1.2071738513940624
1171.9743236162699 1.2072067007997163
1171.9157954433463 1.2072669914817036
1170.0986393959959 1.2091418697530516
1168.8277678345155 1.2104565750144702
1168.5127081439246 1.2107829438004836
1168.0608385560581 1.2112513406268741
1167.8551190547084 1.2114647044403621
1167.3538928836288 1.2119848704490648
1167.142919328843 1.2122039496656978
1164.6432639634231 1.2148056837764958
1164.0141277805574 1.2154622722083492
1190.1186857556197 0.691453180416405
1188.7130917028987 0.8478354869910038
1271.3161133497929 0.2053973312836613
1246.3256899566063 0.2318975407113505
1198.161047034256 0.5689068636680076
1193.6362637575435 0.6315740562563293
1173.645384099767 1.08693688879258
1185.9699755036604 0.8497965073428609
1180.976443752614 1.080189591492307
1188.680604423866 0.8478586587900028
1239.5054415537707 0.2727072620070603
1229.4885690795036 0.30661148141543804
1188.804076024579 0.8477705984713259
1206.2106429115154 0.43598144787875565
1202.481125675071 0.5371055061991611
1216.305334865815 0.38531844588894026
1190.0928678008502 0.846852519046572

1186.060917567148 0.4791909206012954
1287.9063039066168 0.1368009187887167
1277.7199825846333 0.16410145781473176
1274.6779948160167 0.16449308191863465
1246.7193555499668 0.18176610501386609
1229.4590747186169 0.22819427829221897
1183.9424537905923 0.5057327432580697
1181.1917624761347 0.5268562359056018
1179.5255726807836 0.548929341600356
1177.646229502272 0.9806577507819975
1176.8692515140208 1.0193582115509685
1173.5316681808015 1.0336218364972274
1173.523337205082 1.0336291742962724
1172.721128790432 1.0650676160931345
1172.5487912380604 1.217783733964101
1172.5487912380602 1.2177837339641011
1179.3438002483272 0.9792461726575614
1248.2767936585624 0.16490222309144836
1185.0896849529006 0.47958363843223134
1273.7681590643615 0.16461057715178562
1210.5890543043854 0.2593938427808219
1226.5484075363572 0.2351017867350082
1214.690398753566 0.24123409731610648
1176.6331713281215 1.0308972988442422
1206.8960962687254 0.2980868843143985
1201.4632024601974 0.36649781298260214
1205.3589911217562 0.3477971634536391
1190.31974813553 0.47747642922707045
1195.147430747157 0.41176172653938153
1191.024538449967 0.4584998669690773
1193.18636642954 0.43411561116957703
1242.065849237423 0.18355718368098112
1180.9667926557106 0.526956600076312
1181.20287284161 0.5163670468338205
1216.9271728823026 0.24079069675782344
1200.3689667390481 0.3708027734242445
1194.8547793568903 0.43115398473858296
1199.629867227292 0.38445006165690937
1206.4661620071956 0.30501308805450117
1198.9776716540803 0.3846591870095005
1190.3773859041664 0.4655049390841184
1197.30925872673 0.38754582614065464
1238.1565778752904 0.19904453777217893
1234.3551902643371 0.2077327848786842
1245.4192095660915 0.18306294577853832
1195.372400567581 0.4116842327293914
1187.8783129798346 0.4784577820538652
1227.5196401506046 0.23491577054799484
1185.3257651388 0.47948812022293785
1232.5100230731782 0.21957671005746618
1231.065361730744 0.22095438013581786
1228.4878421043697 0.22837468685457185
1236.2343329842545 0.1993540360085671
1230.9495860535305 0.22791796627894845
1177.6545604779915 0.9806508134030878
1175.142982778549 1.0322045707022511
1176.29360835808 1.0311948899780508
1228.7128119247939 0.22833287284254844
1179.7505425012077 0.5488246647801669
1175.1429827785491 1.032204570702251

1235.3087452223606 0.3811560221551252
1230.279810638499 0.39747976251251677
1229.1417191762148 0.3978477984493731
1187.6740178907369 0.575015387003108
1176.9115179597197 0.6457927613287828
1174.8504580368692 0.665953114305689
1294.315654894846 0.12517076478533085
1261.805286393088 0.26862943797246747
1241.7260353109116 0.3396441796586697
1235.9867295810911 0.38094694400317386
1233.2490415863315 0.38179260764455514
1232.3609687343883 0.38206773778785236
1231.8726542515415 0.39696581076689874
1231.6552036368694 0.39703589568944864
1231.4989094146226 0.39708628502885157
1231.2196924329414 0.3971763365725802
1231.1848796030463 0.3971875670810705
1231.1251759670172 0.3972068287633131
1230.7000729796566 0.39734403019298264
1230.339514274528 0.39746047435116405
1229.5606871709451 0.397712233368232
1222.6272940058675 0.4299675070308029
1219.2788180592206 0.4589512222463591
1212.8407111107322 0.47794757215548805
1187.8022584814971 0.5719754264403872
1179.0681159414644 0.6009741322746941
1178.9022425585613 0.6010586902717517
1176.9363838602117 0.6457791172450738
1176.604571855502 0.6459612321786873
1176.5962408797823 0.6459658059544262
1176.0826760799594 0.6462478824670513
1176.0766479989163 0.6462511948656233
1175.7799852724786 0.6464142514270838
1175.7087547995704 0.6464534145213754
1175.6682444504124 0.6464756895582833
1175.590523430397 0.6465184295676711
1175.2948287971315 0.6657013220877264
1174.0258714538459 0.6664208518712157
1173.954640980938 0.6664612873963863
1173.5908643695634 1.050477820530541
1171.7107650182998 1.0521633923694798
1169.956651199667 1.0728479165964773
1173.8364096117643 0.6665284148341322
1173.5908643695636 1.0504778205305407
1256.399933739455 0.29567302074057006
1248.8743816946328 0.3169151716037408
1219.4031220998338 0.4589044374790121
1213.573579047492 0.47765894321931757
1198.998643528041 0.5151080816642529
1182.2326148787643 0.5776619816067344
1238.1011162129982 0.36718635461020155
1196.1309589391178 0.5164378253115777
1181.0856399487727 0.5999475515606248
1195.9935342830731 0.518163538741433
1178.575963291902 0.6012250885309979
1177.5335715477847 0.6373007933755312
1254.625512136876 0.2992751958015877
1254.4755612723018 0.2993109689770417
1186.4479619182755 0.575609598525333
1178.6536843119175 0.601185443444607

1239.0384804616015 0.23273185351059253
1223.6373256894597 0.23947025455173399
1204.7939724597143 0.34919894417797726
1181.9380252699582 0.5265235846175105
1172.7207120725063 1.057439441781024
1264.9629103406628 0.1909306895855446
1258.4679440048287 0.1919160848888126
1258.160702001593 0.19196295066858188
1257.5745146530842 0.1920524294642741
1243.189475263828 0.22992037369167617
1239.3155216868574 0.2326798277619237
1236.1237739924522 0.23328062140364378
1232.1514747709996 0.2357629028600475
1227.4582773868656 0.23872480821562253
1223.2719351836854 0.239541784155996
1220.7824712604981 0.24602928398428814
1219.526286406445 0.25074594746650586
1217.5416853868894 0.2879589033616498
1216.3916751924937 0.2957599138213625
1215.6283639296794 0.2959456259024619
1212.4015510662105 0.3189178264653971
1204.71600086194 0.34922154502298897
1204.609268281909 0.3492524872691465
1204.467116868955 0.34929370610679483
1204.1793340203792 0.349377182657914
1197.927607183571 0.3962521634621984
1197.5402571047143 0.39638033310480836
1192.4623169035312 0.4501391737331688
1190.31974813553 0.47747642922707045
1187.803563517055 0.47848789179866624
1187.2722199874966 0.47870203093289276
1184.225885570884 0.5255063695562412
1176.3104527222595 0.9817713512346692
1172.1586038271266 1.0579465364926732
1172.0904482058745 1.0580080547855288
1172.0326030381393 1.058060272320464
1171.455958376037 1.1957920040840453
1171.3782373560216 1.1958713449590246
1170.0147384011098 1.2204212463172028
1169.9370173810944 1.2205023210953343
1178.251613688034 0.621700044436664
1177.9910363547992 0.9803707048690677
1171.5373098937096 1.0585075905533945
1171.4964687251952 1.195750653595248
1179.6928336629612 0.5996146710830574
1187.8783129798348 0.47845778205386513
1199.174240658174 0.35083540729161466
1183.7554206826449 0.5257152237596541
1193.2803426775044 0.4177244495985399
1239.8909669340173 0.23257183883018184
1172.9785298686368 1.0341092587504894
1177.8536116987548 0.9804850884440506
1218.8534678960395 0.256313083296017
1175.6891587888424 0.9822901691381642
1194.8263785405602 0.3972806547821548
1182.1629950903823 0.5264233853076248
1211.8648842246496 0.3190590572452263
1205.750046504339 0.34892205424717704
1192.3149288607767 0.4518018130574023
1244.093953463242 0.19593829335748755

1260.5600889983216 0.3140140069724012
1237.5962757168054 0.37981968616530526
1237.0904475725165 0.3799749888656005
1316.5171857618047 0.2125698198412519
1309.8876590632333 0.21263760299574028
1287.770807663767 0.21731492850268677
1284.534476457316 0.21786244442976457
1283.4299689928114 0.21804993475017276
1278.0055714196185 0.21897543113559137
1266.9338347544788 0.24924276895910194
1265.6220100081043 0.255998348907498
1251.1132656926616 0.3163850431692945
1247.6467955282935 0.32628654084061187
1244.0654926118793 0.32722582494361024
1242.6058571564208 0.33940369602724085
1241.9999497922722 0.34101128242549694
1241.1620188796157 0.3412415053059609
1241.1021264831131 0.341257972743332
1241.0301801169687 0.34127775652574927
1240.9647018270687 0.34129576371309744
1240.7428175760501 0.34135679824324705
1239.4211574298265 0.3792604525300123
1237.5887802116458 0.37982198655818444
1235.1634113802577 0.3805678056127213
1233.595692944471 0.38105145124178624
1233.2378369750934 0.3811620232112624
1232.7782762112088 0.3813041145458771
1230.5567770803134 0.3819924751114743
1230.196218375185 0.3821044334398594
1228.8866096303752 0.39793038928434543
1228.147246165991 0.3981699494772486
1225.343935728665 0.3990808724782552
1216.5591517962248 0.44608146810536936
1216.5355304338573 0.4725458613312885
1215.9800853028423 0.47276171461789257
1215.7791437294163 0.47283985173949133
1215.7443308995212 0.4728533915051377
1215.5588329672512 0.4729255503542302
1215.419860962058 0.4729796250111868
1214.89317530376 0.4731846731505825
1214.8134251221913 0.473215736820788
1214.663474257617 0.4732741555601099
1205.9354435770354 0.6597879450748126
1213.2284747841957 0.5387721874409437
1217.41005496659 0.4457696815106197
1265.3750110141327 0.276432429334236
1220.553041068378 0.42217239930790557
1211.2382807796635 0.5529490853047253
1213.666766332557 0.5101323163085315
1251.3351499436799 0.3163289424049707
1294.6895667717906 0.2161536079209226
1302.9979292138744 0.21477533825716758
1239.5335030679746 0.3792260781000688
1221.9305755377186 0.4059136690653321
1267.9345540062448 0.24904605372922456
1214.5689577916926 0.47331098525208415
1277.3694465342596 0.21908448002618872
1271.2738967763134 0.24195081446132893
1214.5778982238228 0.47330750123945203
1227.7818946914538 0.39828843304406686