1255.7612225645069 0.24227862209071263
1246.347593292503 0.2516161851118888
1245.0608910138426 0.25187621666622323
1207.4896724230741 0.4242212274663764
1326.6482496061915 0.18097944486468567
1264.72711834807 0.23737776605681776
1254.6343475294102 0.24995428139296366
1254.397374107297 0.25000150129524995
1253.9359660631287 0.2500934937947665
1252.7623362424822 0.25032778977715336
1250.6460210899545 0.25075138884968906
1249.5907411509852 0.2509631485095582
1246.6325305829132 0.2515586743119937
1246.4171748716672 0.25160213856964253
1245.491018594863 0.2517892317693643
1237.0722041691258 0.25573298020354596
1235.2814941616448 0.25610370024513796
1221.0319636699144 0.2846042424522121
1212.8528489219318 0.3583602411101721
1211.0835103725362 0.3713874204133097
1211.0672660365924 0.3713924019219275
1209.7368068635335 0.3925970742390528
1207.3951559571497 0.42425443605678065
1207.2843951552813 0.4242933587511536
1206.5767032065557 0.45227779549630187
1205.4925294156014 0.5165567627502851
1205.2872521478089 0.5166447395879462
1204.9776022512915 0.5592414380322515
1204.7526324308674 0.5593458681388982
1204.6581159649434 0.5593897539468176
1204.6581159649431 0.5593897539468178
1204.5498703169717 0.5594400229376472
1203.4123947458693 0.7407098246248338
1203.262443881295 0.7408021320671262
1203.1679274153707 0.7408603267695253
1219.6466155360852 0.32080144158541124
1205.6067384341573 0.5165078285174036
1220.9891341941245 0.2846142257110065
1209.3894643269693 0.4110336861694079
1210.4683834477075 0.38999747841341353
1233.0369883889462 0.26445717247652223
1207.2706659732344 0.4242981838503859
1203.8915800641607 0.6979127599295071
1215.095641867858 0.35769878879879125
1219.6407698046446 0.32080297918494033
1220.9832884626842 0.2846155883654698
1205.2872521478087 0.5166447395879463
1226.3292866462093 0.2668038732522753
1241.4447749135961 0.2526098889654355
1221.9258204731861 0.2801580417368306
1205.127553115866 0.559171853085063
1210.972749570668 0.37142138911203015
1207.614991807105 0.4139222746317973
1236.2097837400456 0.25591138790539236
1244.1947336120404 0.25205156256948874
1255.183422489692 0.2498449398938098
1248.9303495271847 0.2510958492331983
1231.0863150806567 0.2657729190487119
1224.5535332109555 0.26944378450016215
1238.8170621758268 0.2531457116007446

1242.4016813637404 0.2380909536452856
1185.2619892712348 0.5250469950896813
1277.9787218911977 0.12938560029156773
1262.7921802130081 0.17898268446065477
1254.1806651107452 0.18021162390546788
1218.417365104063 0.30202127796795447
1203.6235377526843 0.39164583252766194
1193.6596938321818 0.4559839599205152
1193.4236136462828 0.4575781693876135
1186.0885211405875 0.5246811133982102
1168.4094494159688 1.0744006046900134
1176.7588393293806 0.8522884943043602
1176.5799693951276 1.02771725689435
1183.6616204741217 0.5689855299660744
1181.138218557666 0.7487225721690589
1179.0262979006359 0.7918431866973142
1229.643232785858 0.2671949999288969
1200.4913988658413 0.39850725847356383
1268.7308276621197 0.17814490623431026
1215.4228239508486 0.33498638329292596
1173.5734688521302 1.0310379200904918
1171.0708825803947 1.0332412549892058
1191.6903782652832 0.46894402249406164
1170.3851248838268 1.0529466793003455
1189.9164609037114 0.4815961194298931
1186.4026773140176 0.4985554903213385
1217.048979990967 0.3194072002691817
1212.456567240197 0.3513337291094143
1184.2907566569875 0.5254775842526697
1226.427437643949 0.2720607588819315
1222.525682274562 0.29087647659509874
1224.4339215567159 0.28195141389834966
1218.8784151103866 0.2917468704003909
1209.124173096858 0.35878646537922
1248.3405553757732 0.20214883146203208
1196.0871105991248 0.4431911109965607
1218.7051479526388 0.30194995920488027
1206.8252799148265 0.37830895204475906
1212.231597419773 0.3513989307475459
1196.5534606632857 0.42113990840847754
1169.316768761762 1.0539087129092788
1204.601774670598 0.3913277835091551
1199.473564342414 0.3993504944521759
1244.2176630785832 0.23305969165535645
1216.6271677804634 0.3240251216361623
1196.7480324173127 0.41651405380201284
1193.884663652606 0.455898036520456
1216.5643547523118 0.32404185153541315
1252.837038681732 0.18535712852280045
1218.6423349244872 0.30196552274698313
1186.210517664628 0.5246271522579985
1193.9012170465217 0.449761269139613
1245.0604051065409 0.22355682013278722
1193.648583466707 0.4574919285291037
1206.072012817337 0.38120386089250086
1221.0432454427078 0.2912296221565144
1233.9767308806113 0.24507921205565308
1252.7187286796627 0.18660238780842398
1233.8048471790323 0.24961333606191344
1264.7864013304618 0.17870047787728663

1278.8439807499535 0.1614708862630695
1269.1880025147168 0.1628651563711812
1253.278795227586 0.16658448148078783
1231.714081057916 0.21855036643534453
1218.9518381993234 0.2858153148774408
1214.8271030517878 0.2987624848995866
1212.420419795936 0.32313132757359975
1204.1245059422347 0.33364506365087754
1283.4794168316394 0.15657306525549886
1280.9539204062723 0.15688176075992893
1280.0923227631158 0.15698735389014415
1277.269013566162 0.16166999181115763
1254.9517654217282 0.16636240850555253
1242.735289964227 0.19544932610245927
1227.1837212196833 0.22989159961552166
1226.7703206425053 0.2365035163526433
1212.472378343318 0.32311748030194704
1212.4286611615323 0.32312913111991015
1209.7269569398081 0.3320998966948441
1205.171293332947 0.3333552663021228
1204.9848802538188 0.33340683689247075
1204.2001061417989 0.333624117270565
1202.8580111326858 0.3339963600943768
1202.7072401251178 0.33403822977475733
1202.5850049597577 0.33407218264967653
1201.479765339185 0.3343794952012878
1201.3924472368376 0.3344037981532932
1197.6211637040665 0.3568908605520737
1183.7294079771436 1.0414805656507748
1183.723843578155 1.0414854613985778
1181.1189730233448 1.0437823805689774
1258.9972038900628 0.16418344842649574
1184.6993279685219 0.42785746185334583
1232.8031661806529 0.21745151153577968
1274.247960724457 0.16205328737311545
1193.012561190617 0.36946077292380275
1213.2032022896544 0.30931671193539445
1221.8729554320093 0.2571624262650331
1225.5878121562546 0.2515393184128546
1217.8519782447943 0.29213502350990417
1209.9257581918828 0.33112162716493804
1205.8212450462588 0.332248737072051
1199.8933020023087 0.3348216018526498
1187.5259500587458 0.3925084035567659
1203.232207707228 0.3338924896252717
1220.4570804076452 0.27138218903057465
1212.4806197089144 0.3231152840365037
1209.6368716201355 0.3321246291794921
1197.9437976721426 0.34800932960160597
1209.6277412224908 0.3321271360911878
1217.4716405461402 0.2922262863852252
1181.309219803229 1.0436142821291494
1187.3759991941718 0.3925579725008122
1195.253671171156 0.3605916333641225
1253.1647205574054 0.16659964554459397
1186.3714099544004 0.3928903806420164
1196.498961560592 0.35835474578776744
1217.1157164557767 0.29820070443918695
1193.756872211603 0.36202998690677185
1196.1423245485728 0.36032373800896206

1416.2775917023787 0.2156492116448001
1363.9697616661601 0.23987884120148273
1363.9622661610006 0.2398801594293667
1360.8192800592128 0.24043419332514476
1360.1071021701223 0.2405600892314262
1356.319681168113 0.2412318352414934
1353.1691995611654 0.24179347709691326
1346.1296399318644 0.24305793153689267
1342.4299729235383 0.24372778652266947
1341.6146254819148 0.2438759086610387
1340.8717746748737 0.24401101734106942
1337.7287885730857 0.24458431982415657
1335.650335202036 0.24496492625283497
1334.665805130443 0.24514562717096325
1333.7968987247505 0.2453053281014273
1333.5274579351333 0.24535489233117572
1328.2898568727078 0.24632235514668696
1325.037984483671 0.24692687280948902
1322.5094708904985 0.247398973741967
1321.7103679335362 0.24754855057533612
1321.4485299891458 0.24759760099398542
1321.423618653762 0.24760226867722604
1320.5256890796124 0.2477706329896438
1311.906472245309 0.24939848440747794
1308.7843432391132 0.24999342905690944
1304.1423044522137 0.2508832699816233
1301.0201754460181 0.2514853282349554
1292.2037110822712 0.2987268435280871
1281.5770678815038 0.3018426788902781
1271.9628489142099 0.3411686325885548
1268.2710314833791 0.3498501970526175
1257.5870245185731 0.35355519660366747
1255.3510936233793 0.3673927126531951
1254.7322972594868 0.367573899728085
1251.6807468616416 0.3760153950752592
1244.1353149469444 0.3790941162272756
1242.5151026203143 0.42936754139651284
1227.4637391050599 0.43536828733857114
1219.3421514384863 0.4466569727755774
1208.886431553636 0.4505201315223877
1207.2142592579905 0.45378759357020715
1202.3373727013927 0.45470937098980063
1201.9652433483184 0.4668692491794701
1197.6604692183294 0.5037983122365123
1195.1357940854975 0.5237882874914779
1194.5197731872818 0.52405840820323
1193.0062711711196 0.9606991891847068
1192.1823354513265 0.9613631433085077
1188.463681812051 0.9643712087683447
1183.7957307751237 0.9755634968242499
1179.8565786524427 0.9788205817012224
1179.435134732809 0.9791703406412626
1178.9820541197098 1.0030157617327131
1178.9168541505408 1.0030712334960616
1178.7799805804743 1.0031877047146278
1177.8663846479108 1.0039658135210006
1177.444940728277 1.0043251639016366
1176.8401775931814 1.0048412737747876
1174.0537359948548 1.0414909841703395
1173.6322920752211 1.0418649769835875

1248.9534181218612 0.3276104146391489
1232.1541680168637 0.39832864646601274
1225.26608167459 0.400567933222167
1223.7413350599584 0.40106702938130795
1223.6433959452959 0.40109913035934464
1221.3360281191274 0.40941312530296575
1204.676302014921 0.6748802928887818
1204.6170902805477 0.6749134659468089
1198.767344384913 0.6782069092457308
1352.2749201334593 0.16701646571516665
1312.7982295528918 0.22297462968920279
1286.47702941289 0.2447438965523322
1274.8387016314578 0.2469782260301993
1268.7023770031135 0.2724978936696388
1252.3083494017994 0.31608311544431594
1245.848193036771 0.3385203935609346
1244.1302767241589 0.3389878282959701
1242.8567497569306 0.3393351813927622
1242.6295559592056 0.3393972230915071
1242.4361421227852 0.33945005809586914
1242.2788126287091 0.339493048047369
1241.5425496575187 0.3396943751467285
1241.4317888556504 0.33972468274938467
1241.2615938610847 0.34121413064397565
1240.9020280201785 0.3413130014194629
1240.7909339540902 0.3413435608377331
1240.663566168996 0.34137860351528526
1239.8323909156932 0.3416074614232799
1239.7040995976415 0.34164281282003384
1234.8777873741906 0.3695951252784596
1232.175823122021 0.370405588199042
1228.1006357208141 0.3996433905398516
1226.9568441958713 0.4000159453898948
1225.2612889051811 0.4005695000959056
1224.8027910853903 0.40071945096457234
1224.1699283768353 0.4009266120712369
1224.1018937650867 0.40094889525414096
1223.80414808811 0.4010464441964591
1222.6588565655084 0.4014221132477576
1218.9387873766611 0.44667990971815263
1218.1957754696905 0.5624872797219647
1217.7464087201804 0.5626948459925112
1207.7861278481967 0.6290875956539261
1204.6383924005193 0.6749015311722635
1204.2951868090956 0.675093867720392
1204.1716483020953 0.675163127022935
1202.5643154259851 0.6760655418683454
1200.4568939814787 0.6772523858341456
1199.3256818663406 0.6778911748765596
1199.1202124509878 0.678007331623755
1190.2420262287685 0.7478499161655366
1190.220724108797 0.7478633009002436
1190.1099408886153 0.7479329169095575
1189.7487954908543 0.7481599501553986
1189.255325275422 0.7484703920293465
1189.0850922426002 0.748577545323626
1188.4579998883003 0.7489725338342146
1187.131865167809 0.7498092045621725
1185.5329371917094 0.7508204720489715
1207.8074299681682 0.6290765004254131

1224.460834629279 0.374569824736921
1352.0009919735805 0.1629346876782195
1346.3241977932619 0.1636217039914521
1344.2454704050785 0.16387472691388438
1331.1712339730125 0.18630115156768523
1312.4480193427876 0.18895889983295103
1311.8705002365914 0.1890420843964576
1310.9889120854384 0.18916920771545506
1302.3452748570571 0.19042471962757235
1294.0978211655092 0.2556893744791017
1280.17707571132 0.2618574544107389
1277.343040571911 0.2624384363425651
1276.8221967254713 0.26254549075075817
1263.04598158205 0.29222159266151376
1257.4084644282025 0.29488649631337943
1255.5611893186065 0.29590432975447356
1250.3518204036814 0.3006096965862735
1249.3484358418732 0.30085112413365045
1249.1435262364594 0.30090047577646784
1247.3359755094139 0.30133651938014566
1246.6067444779146 0.3015127930461028
1244.165232882106 0.3021044724798717
1244.157543665991 0.30210633956381944
1243.9513216290898 0.3021564227010149
1243.9436324129751 0.30215829042715137
1243.542169211406 0.30225583873524975
1243.2895706407294 0.30231724791509496
1240.1698943851734 0.30746839273843446
1238.5422592178843 0.3185754752160602
1237.391963643649 0.31891128200759145
1236.7119312973177 0.3194220095525003
1234.9091563629172 0.3201349751358937
1233.341630028231 0.3254276876559316
1232.1468030187448 0.3257432586494961
1231.0998670898111 0.34516322608253
1230.0991600137004 0.34544402237439165
1229.658647114884 0.34556777423677393
1228.716864764911 0.35009199270227886
1228.2684962962558 0.35021979066431214
1227.7132700990646 0.3503781755309479
1226.794789042296 0.3506404979012455
1226.6911207061803 0.35643715384102065
1226.4740002959143 0.3588016190590649
1226.3779841190844 0.35882971052853724
1224.8498313154614 0.35927739530927355
1224.6038548444599 0.3745260791152474
1224.16904468422 0.3746591062859484
1224.1261714941702 0.37467222816132506
1224.0319454638543 0.3757018109883939
1223.0072952533437 0.3845507159955819
1221.3605422904398 0.3850692033783207
1213.8849053549181 0.40955838311994924
1213.4490236878496 0.4167914482026128
1210.8653103856805 0.4849137327667542
1205.8354469518176 0.4869364381526234
1205.6610771606638 0.4870068617622383
1204.022609489925 0.4876695943323214
1197.2665536466652 0.49042146525223795
1197.1953824432917 0.49045061996361927
1208.3820531093988 0.48591024339198513