1233.8584801109782 0.3830555530541572
1213.1678881824391 0.4989574904974477
1210.7691366222643 0.5580056415189252
1335.890555935192 0.2351942283238581
1330.1059699022703 0.24821779736533559
1308.5941532712063 0.27341278883068787
1303.1453196916452 0.27663637671737784
1248.7787148740301 0.34153491794575325
1240.5758823107135 0.34503085282678503
1228.9278196561684 0.38459243490940553
1227.9374881685796 0.38490260867789866
1225.1129017470087 0.3857900294866653
1217.3312908287871 0.4472697544204832
1210.7094329862352 0.5589071765335144
1178.5963020091 0.9798672375536447
1173.3732278640277 1.0337614062158045
1172.3709925989376 1.0577548770547087
1171.9320078891005 1.0581510930592695
1170.9566352842921 1.0590325019490763
1170.956635284292 1.0590325019490767
1284.6924226344972 0.28888081921771824
1189.8076432736136 0.8081329979524519
1208.3353273048506 0.7072950369303578
1200.0217715916726 0.7505522829044815
1176.520747556409 0.9815958664895769
1211.6116244453708 0.5462755120915188
1278.690481892388 0.29023677328403047
1220.545507403483 0.4169683318812745
1220.3560455614015 0.4302590155745423
1206.5686333832573 0.7307854129807819
1216.725305913774 0.4611042743131475
1172.397855259219 1.0346214406751035
1179.1464475598548 0.9447452527986611
1212.0316148579616 0.5217787839634958
1238.6669939260992 0.34556257393546413
1208.5797946353493 0.7071519677426045
1176.0205639441447 1.0314343092646006
1235.0178752510726 0.3695532021634636
1242.1810907523409 0.34458498672746773
1214.981395131366 0.4912550440916156
1175.484189027624 1.0319049540394876
1214.3859330689552 0.49845702964448524
1218.5088253661452 0.44683752481953015
1252.48915304081 0.32736707789531205
1245.6327734729039 0.3436301322392252
1216.0190714302084 0.4759293914128113
1212.944713094028 0.5213859917099737
1251.3651229972502 0.3342287253343646
1212.8825180283268 0.5214127277174007
1208.429843770775 0.7072397163607763
1206.9886237958478 0.7305311248615222
1229.934231205703 0.3842777365633183
1210.8468576422797 0.5570712020886149
1313.070391253612 0.27081530525579733
1210.1985657128719 0.6635080921580714
1252.7284565950813 0.3246301800089114
1224.6207490974464 0.3923209880474364
1263.3708136955966 0.3139895166599251
1265.353114179932 0.3022623585863129
1230.1380240621188 0.38421407455461737

1259.7883340514327 0.3347745087205805
1194.48995912451 1.064139467147412
1189.6566839324464 1.11960674381716
1189.4761587104606 1.11977666505054
1189.3091649643775 1.1199338955719067
1188.061801395815 1.121109730649588
1534.3244781128349 0.26280376032472236
1357.1793934776767 0.2895058818875736
1273.23733094426 0.3241620898849814
1233.4193718745898 0.42336786125935033
1232.8216901719366 0.4366482364945563
1204.109787316858 0.7097771224455978
1195.7244038064855 1.0630408684218875
1195.3244255946736 1.063396582047854
1194.7549488344448 1.063903447192856
1192.5168889852423 1.0659001313577374
1190.4805015990137 1.1188319710981398
1190.4708558552456 1.1188410363906327
1190.4695511407435 1.118842262602697
1190.4228869210735 1.1188861208833902
1189.9670915450365 1.1193146899789848
1189.5496206655926 1.1197075120016076
1189.429827548999 1.119820283053274
1189.3010548108798 1.1199415326926876
1189.293687965693 1.119948469949627
1189.0371740006237 1.1201900792356791
1188.9676373541233 1.1202555934339684
1188.3939966880525 1.1207963435274373
1186.422622618551 1.1691042593863874
1186.1936060732164 1.1693299765182703
1185.7985382418094 1.169719557583792
1181.6165843347974 1.3328193531849366
1250.5633949967914 0.3372440152264884
1324.3134580100855 0.29669064737799017
1215.7849949808349 0.5432073130889385
1195.9092082448576 1.059176494005992
1195.9873661513695 0.8601373162859676
1198.3852242763326 0.769315417862017
1247.2807789908506 0.3654810296582202
1216.1393065359077 0.5320826934379219
1192.0485541096991 1.0663189047404489
1207.1542808654222 0.6503855815473624
1187.9256618125094 1.1212382129414327
1216.0210751667344 0.5321344268055775
1216.7684427187733 0.48884198233462006
1238.1831944190865 0.38204967430859915
1246.1853646462873 0.37680168232156536
1242.0637286690887 0.37924230433651296
1216.4141311637004 0.4976259232211571
1196.6165023342355 0.8136351672873939
1190.5583655601267 1.067653586237806
1199.4780305392253 0.7665344371041679
1205.8785092589553 0.665885108079447
1233.9712281601815 0.4021619297652351
1186.435473262937 1.1226465123255307
1222.8748189495304 0.44270802733125264
1204.3458675027575 0.6985642414290746
1259.8071813093238 0.3347695003497799
1220.5520460456326 0.4579001483563905
1218.1453962929893 0.48597038107360574

1273.265246211212 0.23782916242134877
1241.0961505278015 0.3797646923502261
1221.1485978280668 0.466269684653079
1210.8840103164962 0.5232233461833778
1322.877569664925 0.21974000788494602
1308.337014656139 0.22218214751448317
1292.4699656652251 0.23135222472647132
1266.9058268919316 0.2420437363459195
1262.9237148643567 0.28602725007023777
1237.567981612551 0.4182430946723637
1236.423237400223 0.4186303256362358
1235.5143295636653 0.420691193707081
1229.7161235270355 0.46302114832059804
1228.0448468800948 0.46365128526893
1227.1695173694543 0.46398200376128007
1221.0656039456137 0.4663013762602085
1218.0628883168822 0.46745088212203667
1216.012762307753 0.48793114926146863
1211.0022416856696 0.5231722633608418
1207.9663166394153 0.5296163791121782
1206.7185609905755 0.5426015867461154
1206.3041293610286 0.542788000150759
1206.2264083410132 0.5428229737152012
1205.995879770504 0.55491078900653
1205.8064179284227 0.5549979791381406
1205.3814106056764 0.5674722949570519
1265.818419686568 0.24225166514425445
1234.0199610127045 0.4281793085314107
1302.935000882762 0.22310332241596217
1238.2461945452833 0.3806387613856735
1251.827223773371 0.3038574937107758
1256.8536274617582 0.2874086443467993
1233.5864147291827 0.4478300077187581
1215.5726468442276 0.4970596409737434
1237.6368482872017 0.41821982208544484
1209.9505739814622 0.5287478352135101
1233.5186835969864 0.4587028267350435
1217.9445783148128 0.4674962898653904
1255.5915237883448 0.28769754364161637
1217.4524256652505 0.48673184655401674
1289.2427533603711 0.23193134199856502
1283.1114745573714 0.2330396133757169
1236.6098000561456 0.4185671684581212
1223.612210103195 0.4653309005275639
1215.3831850021463 0.5104171899690014
1283.0059057527778 0.23305878843430136
1207.052472922376 0.53287037327644
1226.4735531408407 0.4642452910343821
1256.4149616849697 0.2875089904426934
1215.5014163713197 0.5090057671038849
1233.5278083631422 0.4485164412212556
1275.974839602449 0.23434302359908532
1211.1093027412032 0.5205217137255826
1215.4609060221617 0.5094893407726472
1218.8199078254534 0.4671605443659882
1244.5779903971747 0.3244965046365847
1301.8088478179175 0.22969255620746776
1239.8340468543881 0.380151278292485
1211.4845325861986 0.5160243116000576
1282.11866371286 0.23322006801061795

1295.2713957625963 0.1890535933085329
1292.7542368039356 0.18942170499791333
1271.517906759594 0.23190410219222948
1248.414994520861 0.24584572539443167
1225.9369982092926 0.25580533682050227
1225.0896862775514 0.2683429400161435
1224.1930166675186 0.2685394898707035
1222.3496663450549 0.26894445775254333
1219.9707555896389 0.269468892342656
1219.2174884921494 0.27602979388915094
1217.5167656340286 0.3448985236620337
1216.8268054058326 0.34509408663207447
1214.27578214449 0.34581908094991837
1214.1258312799157 0.34586179140779577
1206.0340255460574 0.34818232828118034
1205.8484095154993 0.34823592392485836
1203.49671909546 0.3614988471090062
1203.4514317855171 0.361512450740944
1201.8754680828836 0.3619864852940634
1201.7255172183093 0.36203165383351466
1201.5932199801007 0.3647988808912868
1201.4190883722404 0.38306418722511065
1200.4342481079566 0.383378454363006
1199.8759182958993 0.38924212390411195
1198.4734285569998 0.39223164515042436
1198.2878125264417 0.39430611578452546
1196.996543416089 0.402839186659589
1196.8465925515147 0.4028896576929696
1196.4382136040317 0.40872878572296034
1196.2862771417115 0.43237215359271786
1196.1363262771372 0.432426356927927
1195.727947329654 0.4382790411367237
1195.2563887592385 0.4499501986694461
1193.4382199449312 0.5365808727058514
1193.429149342199 1.202632942745042
1192.7912997139533 1.2032760552288688
1192.223960510738 1.2038486537514896
1192.156854962476 1.2039164174216797
1191.7856606509404 1.2042913899863497
1191.631384858599 1.204447304819377
1191.5606908305163 1.2045187633965573
1191.2346525247574 1.2048484375342599
1191.0424928753678 1.2050428245982894
1189.832998142105 1.2062677804971285
1189.7934325498304 1.2063078939301595
1189.3477016881513 1.2067599809491603
1189.1227318677272 1.2069882875561517
1188.391778167178 1.2077306795614795
1187.6815118928002 1.2084529357906406
1187.125588860255 1.2802161544904689
1186.4964526773892 1.3273376823773042

1256.560791408206 0.1614719656736867
1255.2947838454775 0.1731904879394953
1254.0264836870062 0.17336564972926352
1253.5758194392147 0.17342797519766884
1245.6384943829937 0.17453307448545857
1245.635273680248 0.17453352575652006
1244.817727932675 0.17464815229066186
1266.8074320980138 0.12468100489752253
1255.5416197483644 0.17315643918333334
1255.314588624739 0.1731877555571786
1254.644824195689 0.17328020801542196
1254.4691318395564 0.17330447645475192
1254.3554727400697 0.1733201798427938
1254.160870235826 0.1733470731559515
1254.0824732361614 0.1733579096764564
1254.01816021843 0.1733668004331237
1253.9030163887135 0.17338272041823152
1253.7885767583748 0.1733985459368234
1253.4954503149038 0.17343909470711272
1253.3785186139125 0.17345527539639477
1253.1662525743313 0.17348465590698323
1253.1538719280074 0.17348636986423582
1252.7777219351317 0.17353845962896094
1252.5466968963656 0.17357046780036287
1252.5249261626193 0.17357348471153308
1252.2521109337679 0.17361129937324588
1252.171644034897 0.17362245596103165
1252.0196140441428 0.17364353855436995
1251.9333094246642 0.17365550903187627
1251.9265300070012 0.17365644940912442
1251.7946442237187 0.17367474539477837
1251.6987468016807 0.17368805128039902
1251.3593883443405 0.1737351540629329
1251.078517504983 0.17377415812052388
1250.7894621231296 0.17381431704187145
1250.509216361929 0.1738532697540543
1250.361905367584 0.1738737522223122
1250.3475237514567 0.17387575213474582
1250.346199805518 0.17387593624543127
1250.0326153986296 0.1739195549331903
1249.7506241923008 0.17395879779024545
1249.4567623676105 0.17399971145070914
1249.27428657578 0.1740251267942141
1248.3991019322984 0.174147126336119
1248.0711401413262 0.17419288783288706
1247.8148973663572 0.1742286588988139
1247.2446031254053 0.17430832378614214
1246.8855820729398 0.1743585131208806
1246.5922233510867 0.1743995446543646
1246.5290559381951 0.1744083822887485
1246.0474866060913 0.17447578720635792
1245.9020676008154 0.17449615164436638
1245.8164293881962 0.17450814662065925
1245.6333843234192 0.17453379048618523
1245.5490163658073 0.17454561262986976
1245.4339539509992 0.17456173844659384
1245.0058403110284 0.17462176407766022
1244.8515098767643 0.17464341280641882
1244.6329496250505 0.17467408056937225
1240.0517056033445 0.1753193960701207

1280.3772913394973 0.26095025725741366
1258.7913778889704 0.3322569389446054
1248.723142089157 0.3488797136707312
1243.4929641419076 0.35034711480391123
1234.4586672713315 0.35291110493724204
1226.4242229728777 0.38519615810080726
1225.689260878586 0.385608618411719
1330.8790821383177 0.1903580924429832
1328.5492135181446 0.19069192226401366
1318.5069488043184 0.20306937546372622
1280.1863348496056 0.3151488419035158
1268.2918705516322 0.3177458030751421
1265.3054915220698 0.32247813579400564
1250.6857156708413 0.3483322523056123
1247.8082419532634 0.34913551427110884
1247.1383892122406 0.3493230390744875
1247.020079210171 0.34935618080986514
1246.9328348245253 0.34938062427988614
1245.8352006096177 0.3496884435862019
1242.9337063557139 0.35050475342198295
1242.0582992269758 0.3507517904249909
1239.8061108185543 0.3513889538570268
1239.1425606848154 0.3515771196054434
1238.7215205329614 0.3516966203014218
1238.583302898622 0.35173586729817163
1234.9101763781364 0.35278207322236943
1233.6931242419646 0.35313009670355905
1231.1768695809142 0.3707061282620657
1227.41156727689 0.3718433349465015
1226.9061383747921 0.3842901671634934
1226.0447759651431 0.3854968038319914
1225.884415250571 0.3855472315412915
1223.5906465233825 0.4011164218835292
1223.5835269751824 0.4011187558212102
1223.5310215202496 0.4011359690527393
1223.4549168267617 0.40116092161090217
1223.1046582679846 0.40127580143356595
1222.8419723765994 0.4013620018535483
1222.4850708501967 0.40147917850831266
1222.3716263801552 0.40151643852945157
1221.750108755905 0.4017206943270846
1221.3256757101024 0.4018602996274941
1219.3414183680554 0.4102161167862456
1219.0387275605747 0.4174837211493966
1309.3615981835217 0.20484353154544882
1292.7317662082469 0.24658050681003343
1285.8879518224057 0.2598319574330509
1307.6318733050086 0.20511449691418143
1245.3455808520341 0.34982592700735904
1271.1793483239935 0.3170240450125601
1306.0596903289488 0.24114512889843912
1273.805627671334 0.31637041805100485
1321.0212190723225 0.1982171232924071
1252.6567155914295 0.3430743944107075
1232.8333601723343 0.3533763656470019
1232.3482885142876 0.37035375046318286
1227.1621203927348 0.37191892003811644
1226.3107785028362 0.38541318463048924
1275.517131888502 0.3159459084218164
1229.882077681169 0.3710963992488294