1189.0545240423528 0.9945192244522834
1358.1515752979278 0.19070136979963723
1340.4131104178068 0.2173937768166316
1273.6747622716266 0.27303734907197225
1243.8983333129922 0.36534692711783995
1231.6788875261927 0.3816444641559315
1208.23785686284 0.7725097668901847
1183.3892917310848 0.9992802802467823
1183.0221704977066 0.9995903817969674
1177.7292942869258 1.004082677418723
1175.7683604169993 1.149663774185814
1268.1104018377307 0.3325775263831911
1226.5128685038962 0.3987005269280477
1296.910665687447 0.24592078633297465
1305.5168530273993 0.23441358802916348
1326.337633987374 0.21970082209929181
1313.9958429070477 0.23290095733761268
1219.7407116013464 0.452474593717458
1222.0520651783145 0.4001558860629896
1309.3138675153923 0.23373378785900395
1261.6997874378524 0.3342673311219535
1209.447236403039 0.7717373003628648
1217.6686889296718 0.4660718146793287
1239.7488876126763 0.3666983209611907
1208.6628641855864 0.7722381259574232
1187.9140788369455 0.9954740028334963
1202.9765341713414 0.8111140091548381
1265.5544620704334 0.33324920678167946
1209.608000753441 0.5211945850952463
1292.779301850881 0.246706680910542
1190.0703213444247 0.9936703418888428
1275.4929067459857 0.2726481494575461
1236.8588699608222 0.3800461317441957
1285.9761610690257 0.24801182196437263
1244.4288648248419 0.35516628003274464
1229.85726820086 0.382209741891233
1192.177280456494 0.8184614281336465
1221.4002731828557 0.4518597998052332
1234.7318037984096 0.3807008352713115
1223.8946269788228 0.39955345515623064
1202.3620650065136 0.8115285303396718
1213.1020531923584 0.49936583391143097
1255.2336268739434 0.3359892625521102
1190.2163465865674 0.9619695029040066
1231.9843343632726 0.38154984274621545
1269.196155109518 0.31540502860989733
1278.1306737279858 0.2495341808668269
1188.4168071797071 0.995052893848262
1202.4994896625578 0.8114357868249253
1236.9453645381493 0.38001955665812287
1248.1931074858248 0.33788443318156725
1176.1933677397456 1.1492483531027449
1217.5187380650975 0.4661292165651312
1209.6404880324737 0.5208045897990896
1197.4073436391232 0.8148865335880072
1244.1261740173609 0.36227394184422856
1246.2532401797737 0.3434000853768874
1198.3690178034303 0.814232598686027
1192.3147051125384 0.8183670933244181
1273.899957210226 0.27283131803642124

1223.3336631215204 0.19160922123566382
1200.1538799489317 0.3044662808589846
1288.425957102557 0.1278109514566705
1284.6982718385946 0.13619810814569747
1283.5924653650966 0.13631544192080877
1283.2103923378008 0.13635602953907683
1282.1898287393665 0.13646456261043294
1276.2823281582448 0.13709621319834556
1235.3268636809294 0.1897489785040648
1215.2198380679858 0.23940340799819973
1203.8816274499025 0.3035235192188671
1203.4778591487307 0.3036253517326845
1203.1588290634877 0.30370586115463727
1202.3028263523763 0.3039220904063953
1201.8167002868252 0.30404502466917277
1201.0070591671142 0.30424999211906134
1200.9783408197704 0.3042572674850326
1200.8099417245346 0.3042999358930655
1200.8078978524197 0.3043004538361558
1199.5099479463606 0.3046297272583117
1198.891512208114 0.3047868673400877
1198.879890207253 0.3047898219590312
1198.8162459588539 0.30480600302031036
1198.620160383896 0.3048558670742686
1195.9753839437728 0.30553002444046173
1195.9461754162146 0.30553748638341716
1195.7964533011475 0.30557574182276664
1195.6263226434517 0.3056192234699566
1194.9343873405699 0.30579619446702433
1194.7094175201457 0.3058537774356917
1194.5164610708525 0.3210115971424227
1194.2914912504284 0.3210720664013032
1193.8859340586118 0.32844618414562665
1190.7814014458054 0.36119600838117627
1189.2079980963717 0.36167389535326083
1188.171561191585 0.36198938192513785
1186.393152032316 0.37774386760730244
1185.1652061831178 0.38545375592670017
1194.196974784504 0.321097478119524
1223.3034010204333 0.1916139612679546
1204.2861556140756 0.25883788301256566
1247.7040542722814 0.1559739545533808
1204.0942372894922 0.303469925334988
1192.969028935306 0.32869862488940876
1239.811905409746 0.18281134057736761
1274.0766563215084 0.13733355312202633
1263.6974069563532 0.13846152821021573
1235.6275043422183 0.18970281065964897
1220.8653114680374 0.20421167564647993
1235.0291205662331 0.1897947235402987
1272.986355028806 0.13745117806742252
1186.8110783020336 0.36336001115260375
1281.7139813352499 0.13651522625990364
1203.021617314309 0.3037405006090287
1218.833211947087 0.21714510881090363
1235.7318204601274 0.189686796618061
1193.9804505245363 0.32842018407790513
1267.9729953962155 0.1379946377389433
1237.7389690300365 0.18311750875013127
1192.962609940984 0.3605355989137374

1266.6609637880943 0.2473459486200202
1264.5075932869697 0.24776716196200302
1253.9349093316953 0.24985623682420274
1245.551028624628 0.25335656366469966
1245.390996373262 0.2550596147508397
1243.5498670464228 0.2609956256967033
1242.3679541457232 0.2612439209750931
1240.2145836445986 0.2616975158291164
1231.968127593576 0.26367011317814487
1231.8307029375314 0.26531742200345193
1230.6538106763653 0.27395253308888196
1230.6213233973328 0.2743029533128856
1230.5351361180403 0.27432216562511796
1229.633886888694 0.27452322761844655
1226.1577269176926 0.3214042879050273
1226.020302261648 0.32306587514267676
1225.9883795636788 0.3230742872406446
1224.520934489252 0.3318848153498884
1224.4884472102194 0.3322385276801388
1223.4642643559675 0.34374979513681925
1222.3811702509424 0.3466801793200748
1222.243745594898 0.3467191587827001
1222.1414281945763 0.34674818603122465
1222.0955925983076 0.346883320612722
1220.831861478854 0.3471201372371946
1220.776740864062 0.3472580719113477
1220.6543726233801 0.34729288386162244
1220.6218853443477 0.34730212718337466
1219.2293778364963 0.3476987882451789
1219.1244404594845 0.34772871677225764
1219.0919531804518 0.3477379833085677
1219.0600304824825 0.34808751146760886
1218.7430587249155 0.35864519343156587
1215.9339171933848 0.3594737623971211
1215.2816555798693 0.35966669786619615
1212.3502340385069 0.36053635968192704
1211.8270835307478 0.37012267240808655
1208.6955708354715 0.3710815936413748
1208.0994067035117 0.37126471229446895
1207.4317946734332 0.396193123260608
1206.670493028235 0.4037307247780814
1206.3422984801296 0.40933571760683024
1206.1006245452274 0.4094177387678816
1205.1443019859003 0.4097426255213827
1205.1360325099522 0.4196664627557129
1205.133473110178 0.41966735402151367
1205.1009858311454 0.4196786674720803
1205.0434807657678 0.41969869467408244
1204.2845379162698 0.4199631897441741
1201.7977875947306 0.44499200193016336
1200.1827313495078 0.45457067118776523
1198.6176524566931 0.4615540120568909
1197.5019120091652 0.47155925180815883
1197.4911493443362 0.4800014160545088
1195.222255919416 0.48956212527198495
1194.2033693079468 0.5075291033793371
1193.9435750515518 0.5121763331724914
1193.5224732467234 0.5123570406020739
1193.2288199003824 0.5124831315554474
1193.1963326213497 0.5128510373207581

1322.3250338851542 0.22172191865256496
1320.3581888480508 0.22205220225212313
1318.6477753888169 0.2223402253940668
1317.6301933084674 0.22251193474791353
1316.8163825831562 0.2226494501991204
1316.472426572207 0.2227076220340824
1314.7708012394432 0.22299585853210585
1314.7479459988026 0.22299973503484097
1314.647982259048 0.22301669157969492
1314.60899019299 0.22302330638427562
1314.0652957458244 0.22311558226559
1314.0053373241815 0.22312576309041363
1313.656267521949 0.2231850529274285
1313.0529788802753 0.2232875963964188
1312.641355891378 0.22335761575654325
1311.983321647545 0.22346964230243266
1311.1604768223751 0.22360988511938878
1310.8336667830126 0.2236656343400638
1310.1991247261592 0.22377395776127754
1309.8823098013781 0.2238280808905584
1309.5887313917178 0.22387825778231843
1309.2456820925936 0.22393691849090186
1309.2145596466319 0.2239422418846827
1308.2062933024918 0.2241148396062191
1308.1793925946135 0.2241194481850314
1307.291860518118 0.2242716048726374
1306.8387635163072 0.224349362584297
1305.7043155945216 0.22454428624740963
1303.4531312292074 0.2249320950411513
1451.223006560194 0.19737474085354623
1439.049405535112 0.19904442734126382
1436.0322411034178 0.19946262809561427
1432.2639685440517 0.19998741232853454
1332.461188458477 0.20063557285329917
1325.934430498533 0.20162317811646127
1323.0924047608648 0.20205626824641404
1322.7937978039088 0.22164334613760917
1322.6174512987416 0.2216728981667666
1321.8806434277665 0.22179645723162109
1321.8640442785943 0.22179924241402724
1321.7713531553215 0.22181479640592705
1321.6736109967294 0.2218312003477384
1321.5753125873655 0.2218477000915924
1321.3586621741208 0.22188407431554696
1321.1502630594616 0.22191907445590742
1319.961547457502 0.22211892775215406
1317.4394949325967 0.22254414318308754
1317.3236190410587 0.2225637188595767
1317.1913363985286 0.22258607044666096
1315.9346029582614 0.22279864283243084
1315.407392483842 0.22288793971403487
1315.243179222581 0.2229157681461107
1313.6810923464186 0.2231808353667165
1311.6700183314897 0.22352301988901507
1311.5052335671342 0.22355110455632538
1309.9541791956233 0.2238158007750825
1309.163216135581 0.22395102457948288
1308.922280840096 0.22399224758184985
1308.49564982031 0.2240652795716949
1307.9221980320685 0.22416351984580796

1256.4306507258136 0.33709460638070055
1247.244675987447 0.33957731294042287
1247.2138218246696 0.339585713563881
1247.205711671172 0.3395879217739917
1247.0227917364284 0.33963773433628186
1237.0000902162963 0.34741666351122946
1230.1337703049523 0.38421540315270364
1216.9445936601787 0.497409009574538
1214.532628111516 0.5437674420030066
1210.533147933329 0.951765940881045
1334.3055713726496 0.226068814440412
1319.5564717602963 0.2649009445054625
1318.4975429720712 0.2651136951758449
1314.9216199308169 0.2658346705988372
1314.5672853448011 0.2659063249135348
1310.0958703757665 0.2668138749245415
1282.2527365088436 0.272607533401967
1274.527466109716 0.32268741589631755
1268.0473718808173 0.3324305105862702
1260.7286328603577 0.3343603248904786
1259.6557886190803 0.33464509835979567
1249.1845305761747 0.33904998443721807
1249.1780402319353 0.33905174603647975
1248.6225498943393 0.33920258422924204
1248.3918410650042 0.33926527050172534
1244.968900928871 0.3401980526060253
1244.7881051152217 0.3402474637334856
1237.5129820998636 0.3472726753757445
1237.3412227520241 0.347320881422022
1237.3092742201804 0.3473298495858201
1232.09526632002 0.3704298060419672
1231.9840490296435 0.37046324657176555
1226.6802512809104 0.38529709922038896
1222.980534829973 0.39985209333239335
1222.3838959389448 0.40151240834747365
1219.362377611587 0.44652473907210993
1217.966909680512 0.4470363383190634
1217.2141011315853 0.47752569827383723
1215.7248260274782 0.4979080726824908
1215.2394853143971 0.4981069265396645
1214.7417738817912 0.5225642166607521
1214.6103491315314 0.5437326471733117
1214.1903587189408 0.5681849422847495
1214.1126376989255 0.5682213144564084
1213.1269675059614 0.9482546149710637
1213.0825536248103 0.9497657163296411
1212.8099272690727 0.9499792132348244
1212.0134799455877 0.9506034706496687
1211.9889014151306 0.9506227484139523
1211.9111803951155 0.950683712757587
1211.166504435604 0.9512682329729305
1209.6080686209875 0.9524938287026798
1209.5612611713968 0.9525306881890933
1208.5569157586242 0.953322268473591
1205.6998300687312 0.9555813078656401
1205.6221090487159 0.955642909882887
1204.0058248363798 1.0074602074433783
1203.2517196282424 1.0080916056595877
1201.5769377715415 1.0094967038085105
1201.576385229557 1.0094971680231195

1310.3456304032957 0.21249692936411976
1286.6711248352697 0.22889429041627213
1286.3129639682636 0.22895802372208857
1284.7664057131105 0.22923363563106777
1247.8881924112884 0.3296241038379272
1316.323001519964 0.21153198914314428
1315.2344009658755 0.2117070711212461
1314.2221841509374 0.21187012837276303
1313.2711814886427 0.21202355369647627
1309.9936565955468 0.2125540238034605
1309.6342357453068 0.21261235791375802
1308.6141242538786 0.21277809684741894
1297.1969967934972 0.22601689976160766
1297.1546929501615 0.22602427080499263
1286.2059971359417 0.2289770649290078
1279.4228215672078 0.2405943208053082
1274.6324573378345 0.24943334981027163
1274.2955012568082 0.24949930632031694
1270.163111981621 0.2750440286793184
1264.5679224003868 0.2904635555150094
1264.2814929601684 0.3125275526555644
1257.0322722003357 0.31432987807936974
1255.6610550995804 0.3146731351250114
1245.3856761813272 0.338646114765962
1244.9019954043715 0.3402163360767141
1244.7262160015116 0.34026438119991465
1244.5333426375523 0.34031711416703503
1244.0900517659131 0.34043837505965185
1243.5378088731472 0.3405895603888875
1241.7496062939517 0.3410800321613346
1235.0183676747495 0.34797413168450486
1233.1021519582996 0.3701273327626026
1228.6776756251911 0.39945570080768106
1228.4340619443785 0.399534917817865
1226.9440120715412 0.4000201289991669
1226.9359521401946 0.40002275679303945
1224.3003892205065 0.4008838895298397
1223.6455491133204 0.40109842457177175
1222.8973803995996 0.4013438166195405
1221.0931003363908 0.40314458458124575
1268.9137387731773 0.27531483719062555
1251.9047669386064 0.3156172987732872
1281.1767765313755 0.2304296615178216
1271.8464915461914 0.24997973082754485
1234.122416359765 0.3482267548252326
1236.5944603749283 0.34753062372262
1271.1608873072798 0.26611575176139673
1261.7210691044481 0.31316176811013957
1304.7163612880345 0.21341375882763347
1294.8792847013203 0.22642144874760417
1229.1201556361734 0.3845322528657448
1254.98307074085 0.31484313220999316
1270.2971811296384 0.27501500010306074
1292.214037866396 0.2268884526896368
1259.3098264237892 0.3137613894307817
1289.0905806873045 0.22743820177400959
1272.6859593532045 0.24981484338230095
1257.7539962972362 0.3141495093840179
1291.4897290506085 0.22701569900277963
1237.9173744195475 0.3471592312916239