1258.8167836364282 0.3378756649430502
1219.5808321687373 0.4790643422531768
1219.4626007995637 0.4804681406151871
1424.1478304681882 0.14648470333245414
1422.6314526773892 0.15290738431685685
1405.6090809561329 0.16153244326663296
1283.5587051817715 0.28308518179131514
1234.3131881180066 0.38291443941396675
1218.746217332398 0.4966737097773529
1217.643414213615 0.4971235404172318
1212.5979087199867 0.5304334579377251
1212.4861678979207 0.5304823418526188
1210.846138248821 0.5407519463178275
1209.5503723422896 0.5413312425190864
1186.909795205101 1.0683980017296555
1346.7591138026407 0.21861166820638214
1206.941665264851 0.996300223283848
1276.1990445643166 0.3053268202963534
1209.2627896755878 0.5638760118444378
1203.6023224947821 1.0077979540106392
1324.4781998781798 0.2361521622276747
1224.6896570882059 0.4007564685003821
1329.5216997750513 0.22867396139697765
1379.0966312183293 0.17646337338722848
1223.4315208752394 0.4459214357748994
1234.6402806928324 0.3828129941007978
1208.1727314493628 0.9952850443424769
1308.6558324549683 0.2603400757389426
1216.5090765398572 0.49758708480936326
1208.7650782429819 0.6067612104073347
1207.3069689515683 0.9959987654491774
1247.6272438140484 0.34302190113343045
1228.0289998582746 0.3982082890656254
1220.0921781051707 0.4580727366263103
1219.2749421858166 0.49645833281411594
1234.203858909567 0.3829483590393666
1219.6520626416452 0.4671599214249513
1208.8427992629972 0.6058220871556715
1221.1861939384946 0.45172967256263774
1219.540321819579 0.47954530376096227
1211.8953779185952 0.5307409480470857
1211.6601033165578 0.5403886817410634
1271.340850539512 0.3064935702936864
1233.3433313225723 0.3950990759318502
1211.1810541592984 0.5406024175336532
1334.5993637985073 0.2278039403416837
1296.102138577822 0.2628616591215346
1240.3766027452798 0.38018068457882104
1216.319614697776 0.4976645922050713
1223.9061075610848 0.4398290143338855
1204.3280502535144 1.0071906552349732
1222.889250617712 0.45110057124731434
1221.8022148367104 0.45150191481652824
1210.9915923172168 0.5406869957673167
1209.628093362305 0.5412964609059893
1215.8386561347813 0.5210911665959661
1224.5255367085635 0.4396065257836528
1216.3973357177913 0.49763279420733164
1190.604957255702 1.0187996872183238
1213.286460012319 0.5275476373114704

1251.4871512719174 0.3384261638008952
1218.5339878210943 0.452712886993221
1216.8127832820085 0.45335325787582603
1463.34104803656 0.19349763543679988
1262.6311280554623 0.2898616974936254
1254.181617464204 0.3117581175013938
1252.55103706814 0.3381387130080072
1252.3905902158372 0.33818203279383735
1252.3592558731166 0.3381904941931266
1252.090548363756 0.33826307227104824
1251.5177940209828 0.33841787761586123
1251.3926348059929 0.3384517247991696
1250.7426305837403 0.3386276163413372
1250.6481141178158 0.33865320778084734
1250.623924388286 0.3386597580549473
1249.9336533823289 0.33884678159114634
1249.7430592589462 0.3388984579776003
1249.6625054997303 0.33892030351162444
1249.5435651168157 0.3389525643401402
1248.210155155027 0.33931465298683033
1247.6999792451916 0.33945339640647254
1247.2847229871124 0.33956641001482213
1247.1902065211882 0.3395921435531816
1247.1056061540269 0.33961518059181567
1246.2008173837144 0.33986175401508806
1245.3669025543606 0.35563957263578083
1241.405698186173 0.3571843775282784
1238.3819037666533 0.3685493216106869
1228.3656515269804 0.39159199307418235
1223.0112300318895 0.4013064556821902
1222.54648871162 0.4014590091382497
1221.0301920451227 0.4019575479632988
1218.6487274296705 0.4176173270870501
1218.4281814213537 0.4527521998730602
1217.0256097500023 0.4532739780547161
1213.818143183755 0.49909609942938515
1213.3723374518613 0.5084377818985872
1211.2501603469545 0.57027797934446
1194.3848803289793 1.0155754464328046
1192.8933032705809 1.0168453077295514
1192.4788716410337 1.0171987000351943
1192.4011506210184 1.0172650013134878
1301.6649038379392 0.226257674498185
1307.2815510214618 0.22528557363037452
1267.17475258374 0.26492576218942654
1304.2181762110995 0.22581472907689823
1214.5258351324808 0.4691316934293949
1260.7387058172267 0.29029679218836163
1257.5628696957979 0.2946202454925725
1200.4787395617188 0.9620061268742062
1214.3363732903993 0.48249639987997783
1218.9514182371515 0.41034736429689445
1214.8285259399615 0.4618242223014282
1284.3319371777716 0.2396746945763804
1280.346782460681 0.2447764540877438
1226.0939394588797 0.3923175363851874
1219.088842893196 0.4085405492160576
1218.2921347694264 0.4528027586997878
1216.15018054681 0.45360026117647484
1214.965950596006 0.4600054533930149

1208.3168835515046 0.5294627224173619
1207.5924700869168 0.5326320904966406
1207.5296570587655 0.5326597968426496
1206.7632961134318 0.5425814723220826
1200.2279984119084 1.0332046384352136
1199.608273688624 1.0337383980571622
1198.2341788307826 1.0349238546583999
1190.994118925137 1.0412151625552606
1361.3408622153702 0.18555096506015548
1247.604522492785 0.2534981964533486
1218.7903716483377 0.4748472174336613
1207.9926660394374 0.5296048268286058
1207.02780998947 0.5424625684102402
1206.775345937684 0.542576054568558
1205.8064179284227 0.5549979791381406
1201.0782971259025 0.8430176118726843
1198.5553599744082 1.0346465224313663
1197.5149880285164 1.0355453982087997
1197.4078513944914 1.0356380523935997
1196.5070586799263 1.0364177345574073
1194.0495949359863 1.0385507774536598
1193.3810911617124 1.039132548959547
1193.0388870065005 1.0394306075391482
1192.9389465019863 1.0395176876195074
1190.103439251887 1.0419944134591574
1190.0919274660014 1.042004492694471
1189.2012477927515 1.0427849259666364
1188.710893286787 1.0432150846285004
1188.1586116750377 1.043699993379469
1187.7270055751264 1.0440792617479624
1187.003454097096 1.044715692156325
1186.7660657099377 1.0449246662586062
1186.164287129206 1.0454547895218471
1185.3190818669716 1.0462002629585359
1185.2633581176403 1.0462494488215799
1184.8246558813448 1.0466368411421587
1184.2194595523567 1.0471717257608275
1176.0941428123301 1.054406352346639
1205.3814106056764 0.5674722949570519
1282.0512349134772 0.21239939732400495
1244.1000771930353 0.37298251507342545
1316.3033836224024 0.19759937045332107
1263.018187841063 0.2367460053817573
1276.853732172758 0.23231109495937582
1227.4257028511336 0.4494676039921108
1256.5140369981816 0.24991854293684693
1215.9384015445182 0.5008157400695364
1217.816220083339 0.4812594638903613
1233.8258492042835 0.4197609585538588
1272.7672356025582 0.233056980354769
1250.6386455875338 0.25288319488191147
1212.6904011562096 0.5163244165153495
1268.4803740554014 0.2338446023218202
1231.4419033305137 0.4251853745422604
1210.5574197998255 0.5284827768135366
1223.2523488053348 0.45705075418453556
1212.2133152075528 0.5252543987870414
1206.7035924774027 0.5426083174288193
1197.0133390046258 1.0359793786176044
1207.5385974908954 0.5326558531105222

1276.8115796083162 0.19662641310131646
1270.3813021756775 0.19944078455423725
1269.6457365260528 0.20581171153007483
1269.5677116464608 0.20582436027173975
1306.5562852233231 0.1878685514305239
1275.1506477309767 0.19869483189283862
1272.851020541597 0.1990538087333612
1267.7040312259944 0.20612694732742853
1267.6626710448818 0.20613367265591567
1253.7733452817854 0.23185038781530212
1252.9477622026143 0.23200315695927912
1241.160503024899 0.2425982318206244
1239.0089406830944 0.2472539357027311
1236.4862061223637 0.26192199434300967
1230.5651906097398 0.30539611112144877
1210.790078793434 0.3734961685146246
1204.6906817278698 0.3903975835381554
1203.7117834884225 0.3907150677668986
1197.069444126558 0.46885814136031295
1195.5552369778882 1.2004942686371807
1188.3288267472626 1.2202495718645374
1196.648000206924 0.4736016986696514
1220.5308913870495 0.32131485013289895
1232.7989108112642 0.2695179788850022
1215.122438073304 0.3582240615366677
1212.0145574475255 0.36866100305119953
1203.6425177499088 0.3907375521568385
1206.4264242983277 0.38534604737339584
1199.8163043905083 0.4049827523193218
1252.2449489905603 0.23213336701449291
1244.7046485388735 0.24190746278074457
1209.7259440435364 0.3738360590638853
1297.4443665828405 0.1891879474677111
1278.864215596514 0.196310818648958
1255.4338393449525 0.22057989855517232
1241.3706684542901 0.2425571596712207
1236.2709001501744 0.26196761004877683
1280.8014320284394 0.19164628530951064
1241.459315123961 0.24253983982501415
1204.1378108943386 0.39057683165698903
1255.429307267458 0.22111730703797886
1197.2692941403413 0.46660989904893807
1205.931131153898 0.38550431450040384
1277.041190282188 0.19659105987735098
1275.9030344491653 0.19857766362185522
1250.4118235438154 0.23691834133736112
1247.3919847213137 0.23749190218567226
1208.0571995664038 0.37527630875640233
1273.9334339518323 0.19888468018536243
1202.6607055366364 0.3910565373029613
1214.1406258600314 0.35851373865578695
1245.221350088741 0.23957182035007105
1266.3337573311458 0.2192965613153198
1271.027995227271 0.19933931002333796
1252.9920782715542 0.23199495142623833
1236.816367479886 0.24769225651418209
1268.880363488727 0.20593585462449385
1204.9493189406253 0.3858184296571961
1236.677183768863 0.2618815462400588
1198.311597534938 0.43378669343107945

1315.8656825425346 0.2167965699699118
1314.7366286812871 0.21698274794585767
1264.0259201601705 0.2664051775992463
1258.8233821509832 0.2870007429203893
1244.1357159196039 0.3181782466160812
1211.7139094885663 0.42658083663089197
1202.6236775275374 0.5400244549227057
1357.9065836295035 0.18442858118759967
1345.5288660406247 0.1943952089537998
1338.3055055709829 0.19544443625055635
1328.8912381899977 0.21467156853625916
1327.138088709518 0.21495514968885732
1326.1838368428912 0.21510982006496437
1326.1043208770523 0.2151227184959812
1313.2729005103513 0.2172245893488532
1312.7407044501315 0.2173126540140551
1309.9241347423622 0.22382093421997992
1297.293926653091 0.22459908795473005
1293.3585948446314 0.22771076427852932
1264.2275626368112 0.2663626863568556
1263.0467428865672 0.28074792858914877
1262.952226420643 0.28076893912420364
1261.7659278818962 0.2863314327161845
1259.3841535853128 0.2868729488570743
1259.090502917524 0.2869398546377209
1254.5181141999444 0.31554500183219436
1252.1434415750073 0.31614342854027516
1250.9618229448938 0.3164420475373535
1247.373852933133 0.31735226749615286
1246.7053963795302 0.3175224249396231
1246.0702700868508 0.31768426720922516
1245.4762675385978 0.3178357797423665
1243.4461152733936 0.31835470454359527
1242.8573908378723 0.31850550478432244
1241.3544978394807 0.3188911155779537
1238.527656022545 0.3196189594304357
1235.2746061010182 0.3204606641216505
1233.1870543898744 0.32199951604034605
1212.8645350680972 0.42617614607545606
1211.4920252375478 0.42665896473034537
1209.5434020393448 0.44787372840828815
1207.1134936547207 0.4758769661917451
1203.9699791328808 0.48754091542279737
1202.0860355574912 0.5402659848991213
1200.7039535204945 0.5408878633486259
1191.4491008023342 0.6214162353368033
1278.503920692576 0.2303564888238562
1229.3210856680141 0.35491173834772244
1214.3146264195793 0.42566722167465715
1219.8763936563373 0.4064140522144174
1203.9100867363782 0.4875651697206386
1195.3830607848067 0.543295465060017
1201.3435945220729 0.5405998740870762
1262.6317834706995 0.2808401953909025
1263.9071196868676 0.26643021825349705
1224.2691053649653 0.36165355172386493
1276.6723980704232 0.24064052555969417
1308.3087264016608 0.22409729269460155
1202.9975486930389 0.5398566245122609
1317.4770331617253 0.21517201769274483

1284.5842082724303 0.13410005524399002
1284.4295359292223 0.13411620371238683
1282.0102984611242 0.13436928978001791
1277.3748841352378 0.1348568970897758
1277.19722325176 0.13487565597449921
1273.232585322817 0.13529563669721378
1273.064550288987 0.13531349471304202
1270.0956575137109 0.1356297947133407
1269.0349707010007 0.1357431570224846
1266.3631960516127 0.13602954810435697
1263.8986731617254 0.1362947971643671
1263.1188819666959 0.13637893927028796
1261.9301814766484 0.13650740415235701
1261.3225199663552 0.13657316869240158
1260.452614566406 0.1366674251012191
1259.608002993562 0.13675906542788974
1256.7396585025194 0.14101226853398344
1254.1635053071493 0.14130191912948634
1254.0024168691618 0.14132007069373453
1250.0162148701302 0.14604929588539686
1248.4081895102468 0.15729296520521283
1248.34430812781 0.15730101434037486
1243.5970364860075 0.1898053355322562
1240.5800708899833 0.19225886902050926
1235.3343298889918 0.222165986981758
1229.2492006678171 0.2242938225635747
1225.800425091611 0.22492487068634992
1223.5423631980912 0.2303479318714386
1222.2099439402657 0.23059905077449405
1217.97107728853 0.2314015974395807
1215.8962105531616 0.2418307310352797
1212.921797144463 0.24862756715535592
1206.5690156440803 0.29174691765014965
1205.5457658110317 0.30089799618120694
1204.9033876606625 0.3010584159295587
1201.8720204144013 0.30181774687807805
1198.4303057270643 0.36695371571062535
1198.3879998617156 0.4065979859062621
1192.9019571970193 0.4084678913788817
1192.448897639688 0.4246067756638662
1191.6349067909296 0.42489681922313216
1191.0565895744912 0.5428868316852673
1189.389694325666 0.5835788177370437
1189.3572070466332 0.5835947581860332
1188.4938657186833 0.5840186909365925
1188.4613784396506 0.5840346554252306
1187.7295266036087 0.656452367699505
1187.1463024626692 1.0341401754572177
1186.2670719340633 1.0463686165645358
1186.187527936237 1.046438784511004
1185.2916993292547 1.0472296698256918
1184.8753997723345 1.080266841844361
1183.6074412420185 1.0929118138589042
1182.711612635036 1.0937396248462188
1182.266314332292 1.2888204360271245
1180.437696652591 1.2908169495593187
1179.308178245259 1.2920532688962991
1177.096592202656 1.2944808411063615
1175.2419890692418 1.3080930995062736
1175.2419890692415 1.3080930995062738