1238.029380809273 0.34210496311017213
1215.016996111356 0.6579792224378797
1348.592243670005 0.21740332926538497
1325.4421518730485 0.221200482556719
1263.5885991573296 0.2854579962470253
1239.0943579716384 0.3418109306416194
1239.0435421481134 0.341824949038342
1222.9959790211558 0.40752589150080626
1219.2892481491695 0.46729893059775757
1217.8514607902068 0.4884072620768636
1214.0208435643824 0.6585191206461862
1213.9091027423165 0.6585797375965996
1213.831381722301 0.6586219061298392
1213.543799055599 0.6587779847520204
1213.4063743995546 0.6588525948248486
1196.0540780016079 0.7624185101586575
1216.4141311637004 0.4976259232211571
1314.2419583080439 0.2238895696113513
1219.5264606667504 0.46004515467018064
1236.2517659577518 0.3481123432166903
1228.2734393698229 0.3846162293742154
1226.169951723167 0.4002726549397795
1251.2014457161624 0.29863680022199746
1221.9293692663146 0.4394436055631021
1215.2654711921641 0.5798610474738726
1214.3235343718634 0.6583549735480464
1233.2344777082167 0.3700876181926989
1273.4481248224008 0.27730397239619475
1298.0787649623624 0.22704082425143143
1215.8946073750296 0.534241216110741
1276.8528143779383 0.24658864158667604
1215.9543110110587 0.5333447366017212
1227.811486224294 0.3997375065230125
1246.5713663176982 0.3294621181407388
1215.6904785149104 0.5432495459075753
1196.4790853243544 0.7127357374739052
1215.1271476288323 0.6579195764905722
1213.3524125579736 0.6588818962042164
1240.2683714981129 0.3400433569990692
1282.7989616129435 0.2390868541275324
1268.1134248819048 0.2844394377652991
1231.9205444362942 0.38245282626286253
1276.0557469600935 0.27673730124643264
1206.0698898442463 0.6806853866844598
1214.9139726900835 0.6580350183807576
1196.9712379739165 0.693144933423099
1219.0175125712792 0.47975096997756655
1255.2472828438467 0.28824835640669333
1216.3196146977762 0.4976645922050712
1196.6685471664357 0.7000985544051355
1257.1665258717455 0.28691622165641023
1203.727817476796 0.6820097844527383
1318.565247179936 0.22235414153557229
1276.8560100527482 0.24658802443242833
1293.6326502943075 0.22782114588193597
1204.338604473386 0.6816638994114852
1212.0536105060269 0.6595879352369481
1233.2390107992555 0.3700862578393117
1247.9384999300082 0.313505172680922
1242.7191281567912 0.33991148081057054

1439.0414892722044 0.20978701888492754
1266.5709555880276 0.288257783567958
1245.7476391061355 0.3401414280872991
1219.408482913055 0.46040721407982094
1218.9388526468356 0.4605845988288985
1218.931357141676 0.4605874310755354
1216.4424030141831 0.5056528993340895
1216.3018555005426 0.5057113291206142
1182.2005145588182 1.000285119587676
1179.518702633853 1.0366655299655025
1178.3878659057625 1.0376603632372534
1370.889951966818 0.2515947961814591
1395.486629706799 0.2507313349083364
1203.992752326529 0.82169673613568
1418.5630492729717 0.23867206577269898
1208.5773251582445 0.5537255343545774
1275.187809305838 0.2863099331133826
1207.168070186908 0.6127732232257637
1250.3858028953034 0.33887971218225815
1416.3495505809442 0.2390450671304462
1184.1907085633502 0.9752381050529216
1223.365683176694 0.40182113711642875
1193.8831468955368 0.9599935809351439
1203.8597215125371 0.8716498241205457
1222.3483118389427 0.4439687830499391
1217.5628405191064 0.46321003453882215
1212.9738617591454 0.5302690536773612
1209.8233801521978 0.5316499187918491
1201.5141489742848 0.8733514419435028
1217.3979512025026 0.5052560071663313
1233.468647753115 0.3776588418470538
1228.5807697672324 0.3832433154163732
1268.4130545081755 0.2878391507338449
1193.9898794755677 0.9599077656418424
1239.1780613731269 0.341944708521073
1188.160336423226 0.964617419275738
1214.4198544173184 0.5064950360616214
1262.6507475187734 0.301830788179821
1187.280180389852 0.972700396852737
1225.4912979407306 0.3990328840182308
1241.3820023103965 0.34133762227365705
1209.0601285989867 0.5415507388438944
1246.1231052040691 0.34003894096205745
1219.8065983472811 0.46025694827686287
1220.2226970749061 0.4447421718766545
1243.1809038952742 0.3408437015676982
1215.9383219044623 0.5058625235148874
1241.2970189893394 0.3413609913821772
1234.8635879965937 0.36351861310754624
1225.1485125424908 0.3991445297857918
1263.7088563269344 0.2889106415306316
1218.005913013659 0.46214819248050265
1241.5884684208818 0.3412808605905183
1213.3597652948501 0.5272622061541481
1220.3004180949215 0.4447138462162437
1217.4912566644352 0.5052172856191458
1208.997315570835 0.5415788749210936
1202.1624123200181 0.8728804891654478
1234.800774968442 0.3647396054117054
1234.5646947825428 0.36968885669336465

1277.273738142092 0.3589982362501315
1254.6229278340459 0.4226194597826
1251.6006839521851 0.423639960244976
1237.5185622934775 0.44460466275884614
1237.009955130538 0.4447874657469851
1234.313726889511 0.4457590570857803
1415.77101333282 0.17830617076556227
1386.0989546776784 0.19016165014054076
1280.1917858048487 0.3515596161695426
1266.038828974602 0.3772822102168236
1265.3877260220613 0.39973009354017613
1255.4735950036456 0.42233310688668746
1247.032832720647 0.42496441715351974
1242.7190023545138 0.4427441135154903
1241.7821803217723 0.44307812736025365
1240.58300439973 0.44350641681773423
1240.5468489999462 0.44351934269136783
1240.3372317195322 0.4435942975633563
1240.0914141209398 0.4436822292139867
1239.6439388326162 0.4438423855518046
1239.6021761497323 0.4438573387756331
1239.1379338942052 0.4440236296512888
1238.8749858309857 0.44411787253679036
1238.6868893712763 0.4441853125010256
1238.6470948682188 0.4441995830175025
1238.6141143938166 0.44421141068263803
1238.5365248621638 0.44423923881254607
1238.5152568124674 0.44424686738406033
1237.7498580945808 0.44452158038887085
1237.4637013831705 0.44462437357258433
1236.98090509295 0.4447979114155846
1236.2511976273088 0.445060457051362
1224.5793696043606 0.4794730985104818
1199.9748947005103 0.6414516127677636
1299.0234638327236 0.3085474181859645
1288.3914456317566 0.33945784712856364
1310.603406953433 0.29821540408963704
1211.6451322934684 0.5174549491823665
1203.9658422795292 0.5877377219497102
1219.2846294730277 0.48155520911469335
1208.7758285479504 0.5691097710937643
1274.2722579365084 0.359843837410506
1201.6850578654612 0.6137545363759105
1245.5595046458966 0.42569468741907146
1236.6564255109 0.4449146195306403
1232.191690919278 0.46919317545475286
1205.8789426418934 0.5778998846784476
1277.966910912786 0.35880351461847515
1200.884195186996 0.6292968088202872
1201.319706390924 0.6157333320917999
1353.2138565685555 0.23244330453931614
1343.1172804469481 0.26348836999416436
1331.017157164195 0.289468236041799
1255.5606274198358 0.41874159567275954
1218.2949015440092 0.4819464186972182
1211.4857761017772 0.5245739056078916
1216.7598293672713 0.515279807259918
1225.4567970458395 0.4783326482283681
1242.7198231497448 0.4427438210905606
1243.7555406794345 0.44237513325628186

1234.0400085988003 0.3699758326383461
1219.7597973968514 0.4097666751271252
1214.5158598111254 0.4557435343720263
1214.0569618005263 0.455915799601622
1213.6537834101036 0.4560672558082966
1213.5926281250568 0.45609023792139053
1213.4393943714883 0.4561478332322456
1212.8710082295188 0.45636159719011044
1212.7405055407185 0.45641070614229473
1212.521333277467 0.4564932057773049
1212.3089671736936 0.45657317192961
1211.6557571689257 0.4568193129329837
1342.5830064459358 0.1349356325051736
1341.0519368374369 0.1500171832373979
1276.816374297687 0.2248135455646394
1269.210577157276 0.22525802452385088
1256.5258265744237 0.22861965577944518
1254.5592202177963 0.27416082903348654
1250.0007972685921 0.3023991614540895
1241.918674003657 0.32195596530349974
1225.7296420803186 0.38982255377064196
1221.7033534407974 0.40697048272329855
1219.098712130474 0.4540302971314792
1219.0044861001584 0.4540653925499371
1218.5540839320608 0.45423322427768664
1216.9273946157493 0.45484040621501126
1216.8271568760883 0.45487787429251747
1216.8101603521998 0.45488422807136375
1216.715934321884 0.45491945563258435
1216.3859712724366 0.45504285939946315
1216.366259369832 0.45505023362614544
1216.0015873895486 0.45518670061068384
1215.769838100771 0.45527346801584695
1215.5765666699938 0.45534585453346416
1215.4977620631114 0.4553753760613369
1215.4035360327957 0.45541067973844307
1215.4017780369365 0.4554113384589614
1215.333160351203 0.4554370509739501
1215.3089671923078 0.45544611736055507
1215.2147411619922 0.4554814320075947
1214.9950999389944 0.4555637718448368
1214.9766115547598 0.4555707041906755
1214.8083962868905 0.455633787347059
1214.173540345136 0.45587202496923535
1214.0853217771285 0.45590514980528773
1213.9910957468128 0.4559405356764174
1213.9562032987797 0.45595364066439314
1213.9289752415305 0.4559638675657063
1213.9111175601206 0.4559705751881703
1213.559557379788 0.4561026668491561
1213.5321977362137 0.45611294989432094
1213.4522195495215 0.45614301213004116
1213.3489763874709 0.45618182507490374
1213.2547503571552 0.45621725390999907
1213.2220789257306 0.4562295396002983
1213.0699364363393 0.45628675963007864
1212.828724108726 0.4563775078034701
1212.7767821992031 0.4563970539553807
1212.7735334861457 0.4563982765274667
1212.7155292553073 0.45642010607474903

1257.414296328941 0.28890416568730276
1223.7654302716514 0.4655895476064749
1217.8182091551134 0.5377417765849402
1217.7236926891892 0.5377835146677317
1503.3696614960272 0.22908432026590228
1395.8264526591684 0.229947373675528
1382.664897292862 0.23388970064190107
1337.0193468382017 0.23888413889213053
1269.2802509357718 0.2616055445097337
1264.9463411717982 0.27743597146891197
1259.6444018305622 0.27860372062864897
1254.2281023930532 0.3160526245397207
1245.8046324483698 0.35962365627309445
1244.9023399796756 0.36661896750519585
1244.321819419909 0.3667900083444029
1244.2339272237016 0.3668159182466125
1243.8685757491646 0.3669236601248365
1243.8173304922193 0.3669387773745978
1243.3138209693984 0.36708737796568286
1242.6109313133356 0.36729502294476785
1242.5931160454709 0.3673002889156916
1240.365798162097 0.36795984797744785
1229.3295425437684 0.3919498082109489
1227.0300542916227 0.43748368839906454
1226.7855869611242 0.4375708678300721
1225.720708286954 0.43795101959094235
1225.2301758272936 0.44201164388272146
1224.9248254117458 0.4651488656580196
1224.12598897678 0.46545241109771834
1218.8830878292836 0.53727197783573
1218.5589499990133 0.5374148926886887
1218.3144826685148 0.5375227305138601
1218.245818024779 0.5375530271963888
1210.907716226465 0.7736035012256555
1210.2785800435995 0.7740056416599637
1260.4038120872904 0.27843585813808913
1214.7130679651254 0.6854159309928081
1215.342204147991 0.6850611173765045
1256.0994039650636 0.30750890981497986
1215.8624823016712 0.5608898328237566
1228.3272747222957 0.42141569996496764
1251.8684970647714 0.323960472557025
1221.4265945737882 0.48633949223416734
1252.2869745233654 0.31917382644674436
1217.3037022765984 0.5379690590966095
1225.2066502465784 0.442928722155649
1283.4529914616642 0.24603479766139263
1232.4501670194854 0.37063783424656604
1231.2907718793913 0.3838543691577092
1223.2124547863482 0.48562944849190565
1220.6224441698635 0.5181064670296132
1253.4731246177232 0.31624298578694326
1211.1521835569638 0.7734473517463607
1235.9811010327924 0.36926520166592897
1229.7490841182196 0.3870398462033018
1216.282472714262 0.5606961538407981
1256.347307183811 0.30103942920354054
1238.6804432299384 0.36846049602433883
1237.4386000164288 0.3688302680408479
1244.6114265562055 0.3667046604183978

1277.71350783342 0.22750627159681608
1243.5169379466508 0.32529212513710926
1191.1969309728597 0.5133573017060532
1343.7419822341271 0.16283061497812165
1339.9001881118922 0.16329748684297624
1306.8199321845286 0.16754424457990094
1283.2040542561872 0.2241816018926295
1273.7590676928098 0.22863373150406913
1273.260211442284 0.22872330892509973
1271.3778841417084 0.22883723972028155
1268.8225807403496 0.22952325494855538
1267.0749587430805 0.2298398265029572
1266.0583006111165 0.23002439030112565
1264.0352355175087 0.2303925400976035
1262.5278367744722 0.2306676179336973
1250.4166201886726 0.2959291013447716
1241.9851028836536 0.32672550707756315
1230.6240499455178 0.3393437329760593
1222.0912625648705 0.35800818487888975
1221.0435926041373 0.35831536016998183
1218.9738217313288 0.3585772985829674
1194.126593816572 0.5065202778704248
1191.9452228118928 0.5080231604202858
1190.9541791625193 0.5134619391610629
1183.6992046715231 0.541222904701349
1182.5414966742524 0.563347708875668
1180.0624471110875 1.2287974637465362
1181.3962252687213 0.5890917116238981
1333.0323798239478 0.16413879861492947
1281.120221548429 0.22690129423195748
1237.5129990179394 0.3385957040311043
1293.4981012545504 0.1958824561866557
1318.7637069309785 0.16591473680171182
1240.5554703310156 0.32710202987873266
1248.3325005286638 0.30939270725313117
1275.519504964515 0.22831817745652833
1249.5623660006356 0.309088191513634
1201.6787803649893 0.4540047462365976
1212.428268991884 0.38107172852826077
1259.1053527146787 0.25920216743738816
1194.1590810956045 0.5065064979093934
1247.1687969733653 0.30968139423302327
1186.5487287821252 0.5157242699507766
1216.6865855272813 0.37696320949042716
1209.6599027699842 0.3954396784994995
1184.413839366977 0.5338589057341279
1258.2666006205664 0.2652140570899485
1255.3105920971525 0.2880953832327172
1181.428712547754 0.5890755126043482
1199.4621587836389 0.45484375287901146
1226.4917762578968 0.3515086568384157
1195.8910706453182 0.4863922465941029
1249.7804953033137 0.2977871005794288
1205.0285652791702 0.4305263929402636
1221.0952822281295 0.35830019248691286
1256.7364918571443 0.2747340797787771
1336.7567438797628 0.1636814883043401
1261.0900662321283 0.24112705149623945
1252.3623275640928 0.2916057179657693
1218.347309834887 0.37644937245888427