1313.5195669554978 0.22863412909473096
1313.4573064553415 0.27650042320833135
1311.7103437175952 0.27686867214273175
1303.9073976381424 0.27852553161276217
1303.8468052404878 0.2785384752574454
1303.3688037730494 0.27864062731105116
1302.9382030693832 0.2787327136816154
1300.3719030558245 0.27928279613511925
1298.5577282916374 0.2796729734755495
1288.734009536142 0.2818048553182005
1285.0118739631348 0.2904258240721554
1259.831928547872 0.32139648012725364
1253.4581003041908 0.3256598785255126
1253.3009989036118 0.325700700022562
1239.5445483837266 0.33864205393585906
1233.6027303354185 0.383134967900859
1229.6718093478858 0.4067699185076358
1225.309001536546 0.4082182543769208
1216.7328014189338 0.46110143374744295
1216.4226151062933 0.46840017167854364
1214.2566668975041 0.49851009390479495
1213.5823198119863 0.4987870992825414
1213.29975405544 0.5231852898608809
1213.1623293993957 0.5232445552673018
1208.9858455468657 0.5320182235214292
1206.7185609905755 0.5426015867461154
1197.1189854569056 0.9647060289498445
1191.3665432242467 0.9693640544203376
1186.6005959727686 0.9732574773349443
1180.586983263018 1.0161481978540448
1177.058619773609 1.077339762121945
1176.6185043100836 1.077742742261254

1231.7502360246788 0.38371118483796507
1213.0901671624238 0.49898945801821043
1212.193442281849 0.5290892704075981
1209.5266423254118 0.5819290409820342
1331.990587723711 0.22110642284761023
1277.7899307788587 0.27146692797156835
1261.1277912252795 0.2869042841504338
1210.8668195773787 0.58128496679454
1209.8536965900778 0.5817717307426866
1209.7387609598811 0.5818270040815772
1209.558720957405 0.5819136076779471
1208.444860243062 0.582449975308824
1207.7506659012474 0.5827847575521008
1206.9454442907208 0.5831735662453904
1205.6751184028428 0.5837880107727926
1196.446878270877 1.2734766809328246
1196.1818577328381 1.273758826555565
1196.1653871591473 1.2737763655504586
1195.7542488631727 1.2742143303286586
1195.7377782894819 1.2742318818699805
1195.5568003899932 1.274424769242096
1193.06430790356 1.2770872360855157
1192.4138142882052 1.2777839213162383
1191.9938238756145 1.2782341392498942
1187.8519891485666 1.2826911209240486
1196.538839722642 0.6612246349078005
1196.527896014053 1.2733904529334439
1292.606874356772 0.24429244755433885
1281.32800452868 0.2561468671215908
1196.4789383690386 1.2734425576515134
1198.0269779725288 0.6133847718285634
1254.2665065578612 0.32972475779675453
1226.0598780517066 0.4003085907708944
1243.7517810633071 0.3405309661458145
1220.2690246006366 0.4302896986060364
1212.9956506964993 0.49902833921294376
1217.1185429936893 0.44734793552494956
1205.4576250209434 0.5838933400901738
1231.11411113932 0.38390945097045226
1226.295958237606 0.398771050064722
1211.476632653221 0.5809923691793755
1214.5533854892471 0.4874076261383107
1196.2896345750733 1.2736440703124885
1255.131388287996 0.31761820305860555
1216.1386367982873 0.4817813616204581
1229.5826973246828 0.3843876003768037
1235.9312744813865 0.35126529425667186
1209.15802041924 0.5821064469031141
1220.2615290954773 0.43029234167768865
1216.382212489346 0.4707207158053587
1219.8174643192747 0.441303254521135
1210.742883172325 0.5813444694107417
1208.5163742496886 0.5824155088073506
1210.713101005616 0.5813587698241831
1207.8283869212628 0.5827472566734191
1193.0046042675308 1.2771511476171624
1207.276019336016 0.5830138822750399
1211.768434959103 0.565801462438529
1207.3537403560313 0.5829763519041975
1203.9254279550398 0.5846364423137113

1244.1286618303075 0.3454260457867755
1231.8882292045087 0.3704920622732747
1230.2054307287162 0.37099885850593106
1225.9318820836484 0.40035038582194626
1225.0503485616653 0.4006384738062934
1224.8973803995996 0.400688506512683
1568.3526170738094 0.23926738568956255
1271.9664151988231 0.3146514661904628
1266.7886085767427 0.31593755641440213
1262.5995297727695 0.3191045937007612
1251.8470797739383 0.3323902667945386
1244.0689581942784 0.3454426229956004
1238.1022183593452 0.3471074017422559
1237.4270546324829 0.34735617593616036
1234.903722775666 0.34800643659902963
1234.5827171334013 0.359094024061223
1234.1001969657507 0.3592344260392134
1233.6299654925435 0.3593713579702692
1232.8277623354843 0.3702097117471884
1232.6751727609892 0.3702555390207782
1232.362428477886 0.3703495010732071
1231.979855538507 0.37046450757805066
1231.9479328405378 0.37047410719364193
1231.9284373558492 0.37047997001169636
1231.2309785635669 0.37068983681731443
1231.1890812257543 0.3707024513844461
1230.6531474584915 0.37086388757929456
1230.573510077636 0.3708878882817465
1230.526436370981 0.3709020765731468
1230.5055650760107 0.37090836765127344
1230.4667327349518 0.37092007316093983
1230.089404892511 0.37103385226542374
1229.918867688783 0.3710852988098391
1229.7229105610659 0.37114443148815895
1229.3623518559373 0.3712532841428958
1229.2526790878585 0.37128640701179244
1228.2029567158431 0.3848194143362755
1228.0165419923035 0.38487783049133784
1227.8950742178733 0.3849159039835106
1227.800557751949 0.38494553492861233
1226.7569827555892 0.386552462223774
1226.5540656532248 0.400147303512648
1226.4941002991186 0.4001668673855961
1226.4121537563917 0.4001936057795329
1226.4041602425082 0.400196214179967
1226.2099564058592 0.400259596180578
1225.9040967547785 0.40035945983284377
1225.82257824333 0.4003860841647733
1225.7164984999572 0.400420735614036
1225.4620195382015 0.40050388682675403
1225.4109072667939 0.40052059196887574
1225.2592136463993 0.4005701785526464
1225.0013388886473 0.4006545024913049
1224.990857629736 0.40065793056878685
1224.7647189476368 0.4007319074355186
1224.6887401646738 0.40075676854644654
1224.39731691187 0.400852154120606
1224.0998185063047 0.4009495749966778
1223.9824693121022 0.4009880159962194
1223.9391529578804 0.40100220733808273

1385.6566580091242 0.24559740022678628
1249.8690710411513 0.33743136012852115
1216.1876019191404 0.4733278904402739
1215.5465613436156 0.4735775085075279
1214.5693695152552 0.5394727973322243
1214.0243327443752 0.5397149938875199
1212.9180286799253 0.5402072686144709
1210.331520749161 0.5413617047012572
1483.4419978518476 0.1996236049329217
1393.234070802017 0.22476753629926988
1388.8888425296075 0.24183458104124225
1381.691272343074 0.2463022526275885
1354.0000175442485 0.2613676872004606
1255.1374411907725 0.32806904769699
1250.9515465391296 0.33713937345597644
1249.5561486360186 0.3375158619997607
1249.5035784977854 0.3375300622436228
1248.7000694877238 0.33774725486882273
1247.894248146115 0.337965353434825
1246.4587182986431 0.3383545836156121
1246.2851444686232 0.33840170726243046
1245.4848869589487 0.3386191394531853
1244.3789974550496 0.338920072973364
1242.4612747851718 0.3408846651774296
1241.2308944554104 0.34122256990460414
1237.6268413243401 0.38315744003010643
1232.464249096805 0.401263761075609
1230.4406617630564 0.4019236809641808
1224.397454985745 0.46037729972454877
1220.9037683500424 0.4608614968944621
1220.7203834644215 0.46176405485767485
1220.458314481078 0.4618632094416251
1219.9101150153926 0.47188354691914236
1217.6527024230757 0.4727583742478238
1216.448408194405 0.47322640904307456
1216.3185333787817 0.47327693872829757
1215.7261526762193 0.47350754997644195
1215.6581180644707 0.4735340499453427
1215.398495295254 0.47363520213685945
1215.2802639260804 0.473681280839937
1215.2122293143318 0.4737078002587324
1214.8637293470167 0.5393420838060679
1214.8040257109876 0.5393685907016537
1214.6876008844288 0.5394202878578427
1214.621886438281 0.5394494720063032
1214.404002474677 0.5395462580749306
1214.217736493755 0.5396290266838816
1214.1425641135486 0.5396624372565468
1213.9581137245382 0.5397444342755221
1213.9562981326267 0.5397452415167965
1213.7718477436163 0.5398272637023904
1213.6937847714707 0.5398619845860091
1213.33061988086 0.5400235719681822
1213.2958828183155 0.5400390330217147
1213.27201504679 0.5400496567961817
1213.1843260974606 0.5400886915792493
1213.0362600490987 0.5401546160705122
1212.8499940681768 0.540237571448262
1210.517786730083 0.5412784037617211
1208.6738103250837 0.5592482900742242

1229.1948641761585 0.38450888159726165
1227.5551707795348 0.3850224851314293
1224.7358042679743 0.4007413682798033
1218.9269867385085 0.429870781625317
1184.5299683698802 0.9749587882777654
1385.4587865324856 0.1435058198319469
1347.4701066210537 0.19192156662587154
1249.9052590790568 0.3067214441547241
1234.955959569087 0.3568166177030112
1228.1481517482912 0.384836586544275
1227.99528624306 0.38488449246043976
1223.9225009673112 0.40100766314510444
1223.5425567017219 0.4011321872666684
1223.4018257511173 0.40117833049847
1223.2121700339799 0.4012405321065267
1219.1332440264991 0.4174513546413898
1218.8492657184931 0.43079091531812147
1218.605405265038 0.44064226652355076
1218.2083573965976 0.4469477361499524
1216.292948732192 0.4476515859644651
1215.7062796167054 0.44786761130248226
1215.36401022413 0.47223452491863094
1213.6339965409009 0.47490541375124323
1211.6800013166217 0.49709216713831955
1202.958354760443 0.6863146670234208
1201.7029022540034 0.7694025214987957
1198.8669635523988 0.8219735888867182
1198.8537802810654 0.8219826277712173
1192.8868125726792 0.8260942867694312
1192.2576763898137 0.8727484809806066
1189.3209875227253 0.9710312983260384
1185.1105302725177 0.9744811755027059
1177.0581786508678 1.0305250666904242
1176.770595984166 1.030776909443628
1176.6331713281215 1.0308972988442422
1176.004035145256 1.0783058693109453
1338.4725425969264 0.1932117138110926
1206.193494397738 0.5842222764069644
1211.2549939938754 0.4972665877286669
1204.303170996853 0.6855482760267623
1206.8226305806033 0.5667946043122252
1246.5617101902374 0.3075441375965306
1280.6375406493949 0.24817441659958167
1327.1990878532945 0.23442857780363277
1262.1515543577812 0.2767898816850445
1254.0741680476208 0.2959338521988885
1199.395676847867 0.8216112494408148
1270.0961283612642 0.2750585342308173
1180.7560636253115 0.9780749286137661
1238.6509379864128 0.3394232925599645
1249.999775544981 0.30669825196901984
1215.7062796167052 0.44786761130248237
1232.1089228471844 0.37042570024854676
1185.58668566549 0.9717924757764465
1212.729343162452 0.4836949012661037
1225.2892029137688 0.39949714755647103
1219.4788430241001 0.40840989433132113
1230.3542593162529 0.37095398099551397
1226.726544994148 0.38528255903333963
1218.9674970876667 0.4293912289669674

1284.614387776667 0.39153272969217306
1284.4769631206225 0.3915746193112577
1259.857462713518 0.4358224765100399
1258.0182082516055 0.43645966000171366
1252.8331973713025 0.47233398276210403
1245.6116045117096 0.5132177657638065
1245.5287964518736 0.5132518866669742
1245.3799991451808 0.513313209715717
1245.0412795147058 0.5134528591101376
1242.8453272326838 0.5143600661076361
1242.7845879789484 0.5143852046930907
1241.7398467759615 0.5148179840864113
1241.2579044379047 0.515017872104878
1239.970913982067 0.5155524193902302
1239.2360029371707 0.5158581603195891
1239.125752183823 0.5159040586077133
1238.8005197656842 0.5160395031137749
1238.5402985384715 0.51614792464269
1238.2013417775636 0.5162892197800665
1237.7679359847548 0.5164699990134851
1236.4572885227267 0.5170174583553516
1359.4091332386438 0.22844156281933492
1341.1215773567633 0.31389905569667825
1302.4614225653934 0.38616773528490844
1285.8889947115101 0.3911446321701193
1274.7528763433168 0.43072991607950206
1268.1703089617654 0.43296566365678496
1261.8652457562673 0.4351290292652341
1261.6718135982799 0.4351957407081201
1260.8664844227683 0.43547370497426613
1260.2015005904586 0.4357034959823455
1259.6534451721689 0.4358930637262803
1247.2276745783618 0.49605797198582774
1245.8090118621076 0.4979515030936654
1245.666221107918 0.5131952635822391
1244.3509164051777 0.5137377216097253
1244.2572469623055 0.5137763965109831
1244.1558791055272 0.5138182565488226
1243.2545044707979 0.5141907810332693
1243.1731988755328 0.5142244099657218
1242.9930889216703 0.5142989211883339
1242.7254571693563 0.5144096799409583
1242.4771866403203 0.5145124687605467
1242.3860004635542 0.5145502319234504
1242.145144357561 0.5146500049377087
1241.6916449102093 0.5148379690701691
1241.633321854535 0.5148621524768197
1241.5992674936151 0.5148762740231378
1241.4842186857843 0.5149239878004176
1241.4359527749064 0.5149440075809375
1241.1091071312119 0.5150796179029127
1240.6328976982256 0.5152773280984422
1240.6290877711842 0.5152789104964736
1240.5943975458479 0.5152933190264102
1240.5938612113569 0.5152935417984137
1240.0970487604366 0.5154999806797094
1239.5390932305147 0.5157320234337183
1239.087205630478 0.5159201077794145
1238.8611018955612 0.5160142680231328
1230.974033333804 0.5193204627929129