1244.0092325358703 0.25208914736780386
1227.1930003636257 0.25779169324254647
1260.152198985627 0.24161100206341324
1259.1606408919918 0.2418012647962426
1256.9056959072577 0.2422350670704546
1251.503026194027 0.2505796791409631
1246.8742916013055 0.2515098986802426
1242.9609847907448 0.2523017460603874
1242.6669179692883 0.2523614511764077
1241.2188423582309 0.2526558702185206
1240.5947438547578 0.25278297228088076
1238.7814840205344 0.2531529820173234
1238.690488349424 0.25317157893536624
1221.5067758463945 0.2714194734329516
1192.613937231021 0.4428479345578305
1211.232293927726 0.3658628002039332
1219.2899481714817 0.27813410027588603
1192.748899832015 0.41002841225839803
1218.414072392226 0.2922361165739203
1216.9456810502986 0.31409977798532335
1212.6136173244693 0.33606426006187096
1215.1118190957045 0.314573821298656
1211.402839228633 0.34001514798910937
1222.5588336495732 0.26044297552157963
1214.4706463553825 0.3216031733944369
1248.9999176844292 0.2510818634232109
1196.676320349999 0.38615446100088646
1254.344868281426 0.25001196614875754
1219.9311209118039 0.27177003702242614
1225.483600970163 0.2581512810523871
1235.0669448813455 0.2539143550455653
1217.4791724841136 0.30612218512970013
1229.795482575506 0.2550027473599777
1236.516864230708 0.2536166192466358
1203.1800860467538 0.3742770278621276
1224.2055545939813 0.2584207858818805
1195.7831717713561 0.40241840975787646
1200.335368507964 0.37516404032002837
1221.5988996907586 0.27139900500805836
1223.5117349264438 0.2602015711525445
1212.328266438652 0.3366522675633343
1250.8193483778025 0.250716641979
1193.6141369831123 0.409731187381196
1220.8840221886744 0.27155792021969366
1221.5778418562118 0.27140368344536114
1217.3273495603748 0.3073885019087292
1210.6437214372784 0.3704156605073333
1229.6721562404603 0.25502832210695303
1247.1992462188161 0.25144436841058154
1241.0724435660493 0.2526856738890713
1245.412197729425 0.2518051672525659
1197.457663729559 0.38433143863362884
1243.064661569786 0.2522807030421224
1256.7463074036134 0.24953423367961264
1194.6536533640237 0.40279888739672265
1249.3718869371774 0.2510071100738739
1248.293370757549 0.2512239783483983
1245.8509493314914 0.2517164889715886
1241.1974684174618 0.2526602210585299
1242.70344001086 0.25235403447897675

1276.931935618803 0.2721835006842229
1269.3398572550739 0.30170087583131094
1233.8303259221805 0.38306429381707585
1214.5479038660271 0.5571407999955436
1214.4533874001027 0.5571841602265613
1340.784196464125 0.21832051709973246
1333.7840692345173 0.23229742555279198
1303.3776488622668 0.23771667850600584
1294.6482111906919 0.23931953317384144
1285.0356213116222 0.2704670583508463
1260.6462617299908 0.32118886929594503
1260.1149182004324 0.3213243026798385
1242.0827758187181 0.36600929048501923
1237.6871427784379 0.3783423491865214
1226.6814905061508 0.40010573713075226
1224.1404587744678 0.4086079322795513
1223.7749549388354 0.4158679846758676
1218.2928669817047 0.4605109776369054
1216.5090765398577 0.49758708480936303
1216.1741606293804 0.5200014953439074
1213.7007995668248 0.7174237283834023
1186.6004397558015 1.045070517076667
1186.0977114130399 1.045513470944686
1249.8084474234292 0.3374477276845463
1246.6208516431216 0.3545417759559012
1260.8293999756484 0.32114221590568565
1281.3376642047137 0.27124762978689626
1223.585493096754 0.42912341947173654
1230.057501114966 0.3975515994278952
1287.1367733551026 0.2700255416261965
1220.1908336350257 0.44886471978333325
1216.3196146977762 0.4976645922050712
1239.211763521405 0.36685726272418473
1216.633415903691 0.48889623596195786
1231.2803327151537 0.3838576235902673
1219.888142827545 0.4561368535476275
1224.0776457463162 0.4086288998232708
1271.1169613557975 0.29699595667390555
1211.0423086257722 0.9676472446073592
1212.4807500536342 0.952483495172614
1261.444135705993 0.3134779611835983
1198.0092845242907 0.9781741829404855
1259.3143351643691 0.32152857795775536
1214.9561157428643 0.5205228188338484
1220.3282582910704 0.4470554022283658
1214.6853285220716 0.5553108271693019
1288.659655401085 0.26970643716166576
1280.218723160009 0.2714847065463255
1238.9756833355054 0.36837269420771995
1282.5950679747364 0.2709817096997075
1227.5412545757813 0.3998255049710951
1270.948859232159 0.301318927098933
1192.2762928499847 1.0157502721647598
1197.192081338788 1.0115795015981663
1260.0410702369193 0.32134313472106374
1269.2660092915607 0.30171842927960874
1292.1447691423741 0.2689789973014323
1217.1852721892824 0.48867457664107866
1235.9523931425053 0.38095752722743054
1229.8214209290668 0.3990842033088328

1254.6461867461842 0.36377172732003205
1242.3455702262029 0.36737347600076364
1238.7735273687247 0.3684328091007879
1211.6073656097026 0.5308671109693406
1210.284980682332 0.5314471484623177
1182.5785624911994 1.2287633521984476
1441.121699144167 0.19746066399423365
1264.7617786210374 0.33068849569699865
1256.6131168346628 0.36320232887414766
1256.0788246402756 0.36335682249787093
1239.6176005101936 0.36818193799467425
1227.6454203264918 0.38378467116803355
1226.0904663213187 0.400298603949009
1222.4822492569076 0.40902925226219794
1220.545507403483 0.4169683318812745
1219.8467169178043 0.4522257033405788
1216.4226151062933 0.46840017167854364
1211.504462662833 0.5309122018392454
1211.119835096102 0.5310808089930742
1192.4790962044572 1.092477770751295
1191.498631197145 1.1057985317252756
1182.0349387466176 1.229328466572677
1181.0689549289395 1.2303339213349618
1180.1803356132032 1.2436676184079296
1179.7527267435376 1.2441183936360702
1179.214351795525 1.2446864007795342
1178.7867429258595 1.2451379149725124
1287.0518339420369 0.28835124561903425
1377.9065336280871 0.1978858560807246
1195.4138205599709 0.9046287546813156
1353.338965800252 0.2426419580589832
1266.7522340107025 0.32103631116494336
1187.9225807720718 1.1091273608707333
1186.365806975068 1.1105827807781448
1193.0698861837827 1.0919367924506354
1204.1432288702083 0.6570488779735411
1206.723315564427 0.6089643707467665
1244.7835291889917 0.3666539601672834
1196.7823371825405 0.8812665948069421
1247.7707985436823 0.36577615942033365
1216.3280986403688 0.46843656936508477
1197.185123629337 0.7492587597115935
1276.5347203370852 0.29072691371484904
1207.5434402370493 0.5881680929582705
1186.0399515788488 1.2126983281874493
1223.9696092149943 0.4009922291276452
1234.5878654724793 0.36968191838940834
1208.3526120365193 0.541867828502436
1226.4944513033315 0.40016675286387426
1202.9171438952837 0.6730185217925823
1184.6411100949358 1.2141303000433006
1214.981395131366 0.4912550440916156
1220.4509909375588 0.41700062352872647
1200.3707001321227 0.7042227890941406
1228.7420024384346 0.37144071710938265
1189.060672234356 1.1080657763700696
1187.3317907927462 1.1096792380592997
1198.7755766404644 0.7245182260977552
1222.3877327909831 0.4090608788879783
1183.6751262772577 1.2151211379821556

1225.4990679116079 0.40049177909208633
1225.3707235031693 0.4005337262999689
1225.064102291786 0.40063397585925997
1224.445949303693 0.4008362331246377
1224.3659534131527 0.4008624223953701
1224.2172905745047 0.40091110112755235
1224.1943234381363 0.40091862262945355
1208.607178101821 0.5464444569839371
1208.5118777946366 0.5468638969914212
1497.9781092323956 0.25219067722923727
1440.7169086018926 0.2715480394640208
1341.970390403072 0.2802857220563138
1252.4352616244335 0.3078920416649578
1240.5977830615464 0.3678910415282506
1229.749411322317 0.37113643342784036
1225.5084546572557 0.4004887115371869
1225.503869650332 0.4004902098951772
1225.4075398773762 0.400521692589493
1225.376685714599 0.4005317774569815
1225.0442327305775 0.40064047392773194
1224.7503509936325 0.40073660855490134
1224.4709068958896 0.40082806314102465
1224.2481447372818 0.40090099714950955
1224.0961912802716 0.40095076308528294
1223.9290878938682 0.40100550500698023
1223.5858321697153 0.40111800012697224
1223.248816861227 0.401228511500202
1220.891106401084 0.40793746699235706
1219.0387275605742 0.4174837211493967
1218.8492657184931 0.43079091531812147
1218.1807047120753 0.44695788185715163
1215.7840006367205 0.44783898061844307
1215.7062796167052 0.44786761130248237
1215.2862892041146 0.4722647256616898
1215.2812722939586 0.4844452799416498
1212.6672573708593 0.49668747471462416
1210.4655180510867 0.525619591486488
1210.223985677597 0.5283695843899288
1208.971973943335 0.546279572545073
1208.681789729714 0.5464107251027793
1207.7176142635699 0.5692803202595289
1206.0939910033949 0.6363417055414203
1200.6703983272942 0.7289071801217386
1200.6564452719624 0.7289156508897556
1190.912369712066 0.9697337369329847
1176.7705959841662 1.0307769094436279
1176.6331713281218 1.030897298844242
1175.1919513531946 1.0552158170510644
1197.494462907273 0.9621290587960519
1199.0917536963225 0.7524615598475706
1180.893488281356 0.9779611066543902
1205.728687316678 0.6365345001340109
1204.6558659684395 0.678249483499964
1199.3526499530797 0.7522978762101304
1189.4858992752777 0.9708966733815244
1200.5329736712497 0.728990617912048
1226.0144884745687 0.3855063271540421
1218.6616071047458 0.44678150548363255
1225.5223358250064 0.39203236711787276
1220.7536817450398 0.4097415466849637

1311.5187172501967 0.2519121725826187
1284.6219503115942 0.25718658268693634
1284.453161977868 0.2572203792441277
1282.8998938989375 0.25753180822329463
1272.0024614634124 0.25973812115517625
1268.8280939635695 0.2603879367245097
1263.563487799716 0.2614728366523005
1234.4106896077237 0.29575723918840857
1221.8461242575543 0.3736681490623881
1219.9724164940403 0.374242051310021
1341.503321654019 0.18390322024633513
1339.5272554028938 0.20798303758038522
1314.367938132011 0.251366090011915
1312.4258876134554 0.2517380467449101
1306.8601251361763 0.2528101692679922
1306.7153265989223 0.2528381834360117
1306.6675332130017 0.25284743138361065
1305.1051017093432 0.2531501325161826
1303.7409793892627 0.2534150070208242
1302.7339172828274 0.25361090631183597
1298.808525485835 0.25437739509885093
1298.1658315708958 0.25450333186282376
1297.0360040407436 0.2547250256862475
1296.7521155785919 0.2547807907742276
1295.9867378757403 0.2549312580056231
1295.4594877259258 0.25503501466127265
1294.5326654120788 0.2552176073054877
1292.9357999984168 0.2555328187568716
1292.407467745284 0.255637279798186
1291.963610310001 0.25572510464593595
1291.5243246706093 0.25581208432100444
1286.8402186427775 0.2567432418250993
1285.4991754143284 0.25701107846979304
1284.0692356413617 0.25729728606125013
1283.490144392546 0.2574133746867476
1281.377419269615 0.257837795856889
1280.8998321433735 0.2579339314085298
1280.81125332642 0.2579517696984706
1280.6980929594565 0.2579745618905403
1280.476405468152 0.25801922474664735
1280.1333043742316 0.25808837901203563
1278.9842012113086 0.25832025847728274
1278.507597925845 0.25841655535036495
1278.007627771091 0.2585176506508639
1275.9321503988433 0.25893816480914794
1274.6398197167607 0.2592006968044369
1274.4817898710226 0.2592328364916861
1274.268075899438 0.25927631374745325
1273.8011531509142 0.25937135370619613
1270.6616581520318 0.2600121970515428
1270.6069090264464 0.26002340070574065
1269.439273995389 0.2602625712102132
1267.156495011479 0.26073143352532263
1258.3487952072212 0.2625563998659521
1245.4428673278712 0.2788892393178269
1225.6855178530482 0.323656405796601
1220.1353288739267 0.37419208253869735
1219.8923495703298 0.3742666144690424
1211.7615083961437 0.39229577926425935
1199.1978033738199 0.3964057671564256

1295.2153695783895 0.2631535007387593
1225.5753797365307 0.3869251455886163
1222.4784124048692 0.40148136523581074
1214.2737237841695 0.4960303644351113
1210.9339586810981 0.5908999276078333
1194.026826493883 0.9819437831492274
1406.6690080168 0.15807787107293797
1307.2051536176084 0.21509634561958832
1282.636316140633 0.27894608346188765
1265.0339470172714 0.2920391450279839
1245.056613333384 0.3303632238861736
1244.7751844336851 0.3336031489785222
1243.0860378304578 0.3371781157057369
1242.7597425606411 0.33896484761905504
1238.7394074142278 0.3409280279279609
1236.4109759419243 0.3473333655303565
1233.0743275089585 0.37013568472402986
1228.785430941405 0.3846370005602796
1227.0334175537905 0.38518620253368385
1226.6680660792533 0.3853009265987823
1226.4175645275502 0.38665944287666665
1225.567884231371 0.386927512001332
1225.2355977489688 0.40057789937325256
1225.0551273782426 0.40063691095598786
1224.6434729269217 0.4007715819613902
1224.1615107904663 0.4009293689250957
1223.9086425535766 0.4010122037863855
1223.8558629519582 0.4010294977055477
1223.6793168953052 0.4010873561456176
1223.6414072809032 0.4010997822264306
1223.6165038671536 0.4011079455307013
1223.5785942527516 0.40112037288732555
1223.5572921327803 0.40112735638892466
1223.4840777868274 0.4011513601970453
1222.9637531179503 0.4013220348782302
1222.383895938945 0.4015124083474736
1220.8892534000406 0.44449936057588096
1220.6531732141411 0.44605255566877
1220.4735177653656 0.44611821524343487
1220.4356081509638 0.4461320727295689
1219.3354263030815 0.4465346087320398
1219.240909837157 0.44656922442840447
1213.520915235243 0.5243984621174826
1211.1029987152658 0.5456938970114572
1210.5691628395841 0.591077990822195
1210.5063498114328 0.5911086617876822
1210.0271328652798 0.7278448839265002
1200.5847268603818 0.8207975318875483
1197.53480227819 0.8228879684784045
1186.5792944957088 1.020627087103063
1185.965320040111 1.0211554659262745
1184.7291640127758 1.0222209478291386
1182.5482562500272 1.0257407692597635
1181.9968410871766 1.072838783785682
1181.9191200671614 1.072909331865641
1341.3375092404262 0.20159542332224356
1271.2040627077838 0.2858834444244606
1254.621396885681 0.2944628819780622
1188.014399618556 1.0097952818062135
1248.8117117928068 0.30908543075137707