1170.80101444991 1.2084164936426143
1642.377447808368 0.2174214694169705
1175.345949680376 1.2037436782076985
1172.9823601840149 1.2061692525476881
1170.8853369379974 1.208329468310436
1170.2457427610157 1.2089898770293632
1169.8311000283727 1.2094183994599406
1168.8317398817567 1.210452461513326
1304.5335385921876 0.25891124308796826
1300.2360059556386 0.2597669950530296
1284.7356618886392 0.2629010855278385
1176.669725991278 1.0954184807392862
1265.475387984623 0.2669023857230114
1176.6295861148249 1.2024304618299027
1176.5469900834873 1.2025148749344736
1177.6690861378938 1.094488917769176
1176.6615088127942 1.202397840023058
1174.2635339879746 1.2048532681840607
1323.1211049880576 0.25744021064422873
1178.9391313343126 0.8994605503728089
1188.8496670531304 0.5830324655574307
1186.3400325748828 0.8938681319473633
1192.0302233423654 0.5814768275049345
1311.9192963195283 0.25745364145065947
1187.6574306225618 0.8928766169687615
1182.9916008221633 0.896379348077393
1229.869460799478 0.389515713181096
1207.5087766289546 0.4722613660238406
1290.2801340891206 0.26177137135052575
1187.3393927214988 0.8931157807722281
1188.811256880125 0.8554720488500224
1187.7505308263726 0.8927878476200105
1238.1778381593576 0.30094157536233607
1206.5103829130148 0.5248338270830092
1229.1560723271577 0.3952416139170991
1305.2861188123345 0.2587619643378817
1233.7391122569268 0.3589292167839955
1259.2443494785437 0.28210570708487126
1243.3825411272767 0.29554800244571056
1233.9367146653408 0.33202348253844416
1195.0791262826947 0.5298540052734864
1193.5139710730525 0.5807539495628506
1200.6851475870885 0.5273801070598282
1273.807852647577 0.2651564750718306
1253.1709716978542 0.28347290643109746
1277.4012453866926 0.26441057682279284
1204.1163559144666 0.525877302944471
1276.1206361421619 0.26467591743357916
1291.4088587942133 0.26154257640931305
1279.8947030115232 0.26389545900308986
1258.140315114932 0.2823532584835912
1198.0510674428297 0.528539624801796
1248.2446639763489 0.2845916572722511
1296.6917592309587 0.26047701600815826
1214.5561786028977 0.42018579498242437
1232.644360330402 0.3886388447147494
1246.2638453044917 0.2909686298586105
1202.997121819979 0.5263665641374505
1179.9384914809286 0.8986987436905236
1227.7046121304395 0.3957088903816649

1308.1466226795112 0.21494154144762603
1305.527507174052 0.21537275160664546
1304.2591142096385 0.2155822017687245
1264.702101180846 0.3129855830920672
1260.3156140437573 0.3140749191433144
1239.7929153383548 0.36834963038440455
1237.049650961529 0.37650007383894135
1211.8021616632573 0.6430921574583081
1324.6417257465562 0.21226498158192356
1324.5309649446879 0.21228273174420045
1319.566609027062 0.21308136292229699
1317.2374462184298 0.21345813719876175
1310.879120181183 0.2134840784988772
1309.3818957180179 0.21473876524316377
1300.154271688749 0.2162628371424158
1294.1631157989746 0.21726399716209788
1287.8980304653667 0.2183208956509087
1281.8842399060215 0.21934511929006464
1278.0742905645166 0.2896114116164987
1272.2917095620637 0.3111185285582815
1269.4959738473306 0.31180368644749445
1264.9070348787163 0.31293487478611703
1260.4046976125703 0.31405272078533863
1255.0742781553142 0.31538653246693793
1251.220900999364 0.3163578263915613
1250.5193011108033 0.3165353179469051
1240.287963114492 0.3682026075390769
1221.2164501717048 0.5045308180322765
1216.1798677392392 0.6078768215103965
1215.9402502157707 0.6079966118853909
1211.1730254803917 0.6558861789784086
1210.9989107318922 0.655980480844484
1206.6570087556124 1.481124979730825
1206.2320014328664 1.4816468436521437
1209.2642769707197 0.7581683161655575
1241.3224941232932 0.32618884238715723
1209.087924026467 1.38220209463222
1234.3262064714324 0.38936680338806523
1209.6892842934658 0.7337195780509476
1237.8636418102878 0.3762524959924722
1244.4108554116817 0.3180890964221766
1238.0135926748621 0.37620692348227835
1250.1892021780664 0.3166188956729371
1208.5957713769044 1.3827649415651768
1229.0226945836991 0.4055275210530749
1210.2558655080832 0.6805542701036786
1210.6808728308292 0.6561528026015613
1217.470213183048 0.5898156048328455
1212.1201995643203 0.6429234219813961
1252.6968229049603 0.31598509498724964
1215.5258185862237 0.6082039073806983
1292.8741110075302 0.2174806109305738
1224.8998022865094 0.4471391175011946
1251.14488279365 0.3163770479498769
1211.628046914758 0.6431845718172714
1215.955597309353 0.6079889381011501
1297.7174893893102 0.21666892356560416
1256.950044978425 0.31491587605825977
1220.6335950606037 0.5873434268109775
1208.4587878436012 1.3963016371597488

1261.1254349803858 0.2657284361893257
1227.3732758603014 0.3042081247717454
1223.0500598031185 0.3059510843494197
1223.0051370748763 0.30888373954032583
1222.6423072192945 0.3089754035061049
1216.315226620686 0.33636670248397066
1342.7716263847308 0.17961727187411414
1339.4264833102086 0.1800658560111019
1320.763946151702 0.18261020599777203
1319.9859642298188 0.18271783398993824
1265.6175353160413 0.23886178808526853
1257.0774968231476 0.2665841131694898
1256.8138344104575 0.26664003888301935
1256.3322840968217 0.26674224161710275
1255.9983390724956 0.26681316308379144
1255.3782558135915 0.2676539699252597
1228.473739595987 0.3039356158864336
1227.8433549757322 0.30409165886783346
1227.7517848559771 0.30411433911148084
1226.4976133006567 0.3044253153005435
1222.283903504105 0.3160688496046084
1218.0977125702407 0.3171550716203282
1216.9087675897506 0.3175352723652135
1216.3451288494455 0.3363584333555414
1204.3855913155996 1.1991378907361683
1203.3219818291077 1.2001978019282336
1204.4745016555216 0.40280780843634145
1302.5312029948175 0.19002514348418198
1207.205143006145 0.3656530304133548
1261.9325428163652 0.265558481381272
1215.9822989938637 0.3364587973837835
1237.3339829662307 0.29388869452678795
1239.9353305386396 0.2932721247563842
1246.2418857256685 0.2917880333767109
1204.9237003176024 0.40265764064681453
1287.897590620678 0.2107235748007343
1231.234767898287 0.29585584760302724
1278.9659748244317 0.2300067294987861
1293.4356173944425 0.20982133213521947
1299.0278560497977 0.20891806361882845
1205.213317143727 0.3662573360182538
1273.4909651184644 0.2339133879533773
1263.6400381101203 0.23923558798420683
1238.756389155099 0.2935512358451674
1296.5201136458224 0.20932215506452156
1214.0763613989238 0.35556220082817336
1229.2927959471053 0.2963232250736611
1299.6906984543962 0.19748381260055956
1236.748117760802 0.29402791378891535
1209.9969793819523 0.3567609427033094
1214.4206742809345 0.35546139173566205
1216.6407195364834 0.3362767129110338
1225.9230387993557 0.3045679955652798
1221.9838866766747 0.3161464496241682
1237.0810453876243 0.2939487839567008
1224.0793821384484 0.30502672301540823
1223.7165522828666 0.30511716291478996
1238.1983548217477 0.29368353425079957
1253.9585371867931 0.2888439231715898
1262.1962052290555 0.2655030083972611

1234.5443118392948 0.36969496044104966
1234.4844194427922 0.3697128966067939
1234.1238607376633 0.3698209110513005
1234.0331515244854 0.36984809521877343
1229.8126033503686 0.3843157414405034
1228.8104612193033 0.3994125355155329
1228.648697122384 0.3994651222380495
1228.4451097447663 0.3995313246723634
1331.6565980581154 0.19903893460598107
1317.037885469494 0.21349048088924766
1310.027486750773 0.2146329404245031
1306.2303611085304 0.21525686424837145
1291.0759030306358 0.21778351749747452
1284.002015093758 0.21898334131329905
1280.0459626934194 0.2196601213651761
1261.4809853948843 0.2975500445579595
1249.16384235324 0.32039519870617605
1241.9485240532797 0.33299505742609214
1239.8754317947182 0.3413477564230013
1236.2000416235514 0.3476415059342836
1234.6539846073733 0.36966212090044825
1234.2935979708939 0.3697700541252532
1234.27555579718 0.36977545928418987
1234.2335335057421 0.36978804913181174
1234.215008877414 0.36979359936910516
1234.1836575395648 0.36980299304726433
1234.1658830291012 0.36980831896597577
1234.1313562428231 0.3698186649414898
1234.1098934799463 0.36982509656508744
1234.0891410736403 0.3698313155329162
1233.4080781801986 0.37003552887503555
1233.270653524154 0.3700767623262124
1232.8004220509467 0.37021792202897996
1230.5068120373096 0.370907991783074
1229.8080922624783 0.39908852858553256
1229.7945380498284 0.39909292715018324
1229.5069106340297 0.39918628983591264
1229.0871713639071 0.3993226139029459
1229.017103709829 0.3993453797364661
1228.9697119965172 0.3993607793525544
1228.8300716699252 0.3994061614366541
1228.7456920487507 0.3994335891955588
1228.7347124206535 0.39943715842186506
1228.7168437596272 0.39944296725180123
1228.7036697573128 0.39944725002779075
1228.6698113434547 0.3994582575826123
1228.6511755828262 0.3994643164287822
1228.6091532913883 0.39947797936290497
1228.5951860336713 0.39948252081964636
1228.492823811861 0.39951580706895357
1228.4420319598596 0.39953232567318303
1228.436834262706 0.3995340161532907
1228.4163495196503 0.399540678675868
1228.4161774510012 0.39954073464096035
1228.3983073459365 0.39954654695351643
1228.3637805596584 0.39955777738741
1228.3562850544986 0.39956021551339876
1228.3475154939354 0.3995630680998732
1228.3423177967816 0.39956475884014303
1227.1968899144042 0.3999377003129843

1246.5333267481528 0.339771096819328
1243.2355328744402 0.35148439894436295
1231.2739964371508 0.37067688576938745
1222.7379390870865 0.4013961506339235
1340.5895995194842 0.2196881687160928
1331.4215396779668 0.22206579138730287
1285.6582073345785 0.271729124744249
1277.8790804364153 0.27338328387062777
1259.4201436955625 0.3095541432113894
1258.7321638900125 0.31492170844967415
1256.825532299517 0.3153994515114056
1255.6484454855602 0.3156951174972458
1246.6075563109923 0.3383141859592369
1245.8419130956759 0.3399596619756199
1242.625544380146 0.35165693800108005
1240.675519920807 0.3522096527273626
1240.6233117899371 0.3522244744766143
1232.6029099046452 0.3688242432725081
1232.0208708156508 0.36924696063667073
1231.4577289308456 0.3706215810788753
1230.9669595608452 0.37076934273766055
1229.8064618247117 0.3711192164748959
1227.4583208574732 0.3848716415567603
1225.498406012759 0.40049199540003605
1225.4500040394046 0.40050781375478417
1222.8324555530107 0.40136512549599784
1220.8481982109638 0.4097098250319427
1220.7536817450396 0.4097415466849638
1220.4509909375588 0.41700062352872647
1216.1386367982873 0.4817813616204581
1213.067812933471 0.5232853239907409
1311.8016162995848 0.23465580538473288
1270.6771907356451 0.274932753925513
1305.883137348218 0.23571930441099775
1226.2989257173788 0.38541690983948523
1252.1942592517617 0.3175316807362187
1290.4734823203166 0.2385340489324111
1293.9781490758548 0.23788799292910506
1216.6307894478496 0.46114009614735446
1240.6158162847778 0.35222660253296423
1228.6833369393394 0.3714584521550192
1273.1831013803976 0.27439162444154
1225.9147447812586 0.40035598239842346
1279.8764086430724 0.2729566519392819
1242.5310279142216 0.35168368773227465
1244.5141727078735 0.3481411787664751
1275.9797842818107 0.2737902149413115
1271.9385663982143 0.2746601043700971
1279.1619268678562 0.2731091131321445
1258.8684627505818 0.31488761158308304
1255.0047215884633 0.31585704556638694
1224.4415265057985 0.4008376809827914
1264.0097145251093 0.2985153879314105
1265.3855452203943 0.2829688721346812
1236.7465195792063 0.35852999345213693
1219.8689583959153 0.4522174580548759
1214.0785933253874 0.4988366214696428
1218.8607129272953 0.452591533778278
1216.3280986403688 0.46843656936508477
1218.709563255821 0.45264766615280366

1276.5746273864684 0.2286457465290156
1240.1585226065433 0.3269415992611533
1238.5662736290774 0.32736190170132007
1229.8132694535432 0.35378304421564283
1229.3635107040352 0.3539124746226609
1228.8687800760213 0.35405495634542156
1228.3560734299467 0.3542027362385001
1228.1397947331495 0.35426511228601865
1228.062256974201 0.35428747998173143
1227.9276580389499 0.3543263151014277
1226.9475742378063 0.3546093504071257
1226.49373052075 0.3547405677315089
1226.4915765032854 0.3547411907422111
1226.3912980041587 0.3547701969119743
1226.2970719738428 0.354797456691104
1225.6395916013619 0.3549877837379611
1225.4537267688124 0.35504162481212015
1225.3852592827068 0.3550614624977212
1225.3227383216845 0.35507957918091254
1225.2285122913686 0.3551068865271396
1224.9089516546226 0.35519952866402515
1224.8539157531482 0.35521548871118824
1224.5987277199595 0.35528951029872585
1224.4887405161928 0.3553214234543739
1224.2307490109993 0.35539630305443176
1224.1089105324024 0.35543167649587193
1223.8990730255657 0.3554926152599339
1223.450857191527 0.3556228513197697
1223.3290308465655 0.35565826634799885
1339.7847866920993 0.16180984849113264
1318.3102880816969 0.18017996189469007
1315.7495842952437 0.18053062703353856
1301.890181682 0.20646071207563463
1273.5083383942256 0.24099555487367977
1252.8582724549785 0.2609938170057561
1244.124585454443 0.28226982525045397
1240.91848923529 0.32674137281022764
1240.7423817607505 0.326787749559212
1239.8499295528159 0.3270229735501714
1237.1649898801907 0.32773269049393144
1236.6641684148058 0.3362619333370449
1236.0853221243374 0.3364194014092354
1233.6914400138942 0.3404908056349495
1233.0664082955557 0.3406633977612882
1229.6279265526473 0.35383637024564485
1229.2546896756282 0.3539438050863784
1229.0023464787798 0.35401647810570674
1228.908120448464 0.3540436221751805
1228.537288663353 0.35415048960983625
1228.30562247358 0.3542172846265104
1228.2099979617499 0.3542448628541591
1228.156735895623 0.354260225562158
1227.192087604021 0.35453869583981296
1224.6709004595432 0.35526857225137454
1224.6648479907321 0.3552703280394635
1224.1365229806836 0.3554236591394738
1221.970718536927 0.35605360724600627
1211.1250953657095 0.5754842985957733
1210.3764126179994 0.5774949361855314
1208.6499626045731 0.5783198368359915