1242.7884601913634 0.19322398022459292
1233.8459337931522 0.22064862755838527
1229.8729147428726 0.221361417628155
1225.6302233720637 0.22212769130392737
1194.3818655856462 0.5152728108047789
1188.534343022009 0.5731979507764003
1322.872344260739 0.13218082380289226
1250.2455197206157 0.1826491337890942
1250.2439969813238 0.18397953519110766
1240.7444769583622 0.1935422944166988
1236.1555027294337 0.22023637908728533
1235.8899170261534 0.2202837066306385
1235.3764869443912 0.2203752578967517
1234.9935591903804 0.22044358845760195
1231.904061745306 0.22099643987231188
1231.6460102379115 0.22104274251443784
1231.09446623654 0.22114177211941463
1230.7791322193555 0.22119843015134272
1225.637551954126 0.22212636311272482
1184.9499873842076 0.8151217683718571
1184.549210705702 0.8208332175977292
1184.4546942397778 0.8208987179965355
1262.7589801083716 0.1450305837217488
1221.550359922604 0.3584381395142693
1188.1093356992628 0.623163031018733
1214.259879637318 0.4256864135388467
1223.1547717758633 0.24805183226532043
1187.3857079886004 0.7301352600802645
1223.2710947986586 0.2467920514678905
1204.2731950016853 0.4817739285250597
1208.4834551386132 0.4277211500654212
1192.2594766142718 0.5447188373609897
1262.7585813565809 0.1450306295192637
1187.248283332556 0.7302197736469641
1221.1153506180513 0.3863045409067374
1197.9972904735416 0.48991334266328135
1189.7930565104816 0.5515023148332074
1220.732422864041 0.38642571957574195
1248.3273537909604 0.18426201167631756
1225.746546394859 0.22210661144482027
1256.7598334304134 0.18192857173623506
1188.169039335292 0.6223047334041258
1195.4511172320374 0.5063596081820685
1255.601141741732 0.18209645874827782
1230.0568367021697 0.22132831897415126
1221.3537167974578 0.3584958495739812
1241.8921023555904 0.19336344308807762
1186.6191471496902 0.7306069304547308
1218.8655725379276 0.42407788431553
1236.7059342340376 0.19417431922011313
1185.1961969369963 0.8033083952565527
1247.94442603695 0.18431855188500673
1214.7426802407376 0.42551722407949266
1188.6120640420243 0.5723104258879038
1243.7100661072227 0.19308079865188263
1228.567369580236 0.2215966487885574
1189.1639203276159 0.5517940913118448
1225.7538749769212 0.222105283505695
1233.5695880567619 0.22069805752817093
1234.4794919007918 0.22053538653020593

1236.9872580668664 0.3696892508108109
1303.64562590086 0.24953325912190255
1237.654055952183 0.36719386069663257
1230.0855710525268 0.3922058395382712
1223.017566049056 0.4494727350539693
1222.7484771151355 0.44957165003228716
1216.7736580816643 0.5892066399052345
1214.9908287158673 0.5900712183656791
1214.3616925330018 0.635753926304215
1224.325239342378 0.4339273368617065
1250.4414543012822 0.3412004797998071
1226.0025395032044 0.4096582251639483
1225.6160349449322 0.4282865054639808
1256.8197731411892 0.2628240807017406
1230.4929240160789 0.39207600034298606
1223.202257939761 0.44940486895192555
1235.6833752259668 0.3812004920007344
1287.535589636619 0.2526554950320747
1283.9306688203453 0.25336488150870107
1225.5781253305302 0.4282997532332907
1214.4394135530172 0.6357132396770522
1234.5736715334447 0.3815431362700222
1283.641127114778 0.2534220312044948
1289.8027350629843 0.25221139087999284
1251.30813501313 0.340964157613096
1253.3869370864156 0.27025428796127504
1244.6372318101462 0.3527282496898387
1249.9554066543453 0.3413331562852701
1239.8613961758 0.355698688582941
1218.5278419401227 0.4532320841504393
1233.5333786638278 0.39014582566532563
1293.1986392485426 0.2515490906795901
1236.9659559468948 0.3696956173277995
1236.518499110294 0.3799815897111983
1238.2026227545132 0.35617520471993275
1248.7670917684575 0.35156172449537965
1233.9689696554549 0.3817301100568111
1215.0685497358827 0.5900334748680114
1222.6887734791064 0.4495936025215426
1216.1534626095247 0.5895071145586879
1220.9965404105747 0.45021671416552106
1216.9282627993114 0.47678569315499814
1231.206511360882 0.3918487594459764
1216.8728297990915 0.5891586212191663
1216.359345338437 0.5894073337382225
1233.0204794461629 0.39127228796335256
1283.581423478749 0.2534338187050273
1283.5730925030296 0.25343546360628183
1222.5360693388363 0.4496497602139542
1228.4197330131642 0.3927377028657679
1253.188834402459 0.3302215715622526
1235.5018737593741 0.38125649227870523
1226.047095857858 0.40380423179758496
1234.404125925262 0.3815955412820666
1216.782654374311 0.5892022836010556
1223.584712978079 0.43570067117325634
1226.1416123237823 0.4037731047658203
1232.440926836867 0.39145628288797446
1223.3628287270603 0.43577969524920634
1228.744128481103 0.39263401786907476

1413.2287377053126 0.16769437034918067
1348.4341885491165 0.21360410770920327
1324.5575687928974 0.2640397143866515
1323.8031989980132 0.26419017752598667
1318.0603178293031 0.26534127264276464
1313.295226023189 0.2734193567296998
1311.8680475503465 0.2737168090692942
1306.5488445492838 0.2748311610342565
1305.7984774236163 0.27498909066269045
1305.2264327083897 0.27510961079016916
1285.0060841808845 0.27943862703524747
1259.8713215675868 0.3572411230213384
1237.7820691431946 0.39750054252146017
1226.3378281945575 0.43444265832000645
1222.5491656988775 0.4408173317411745
1205.6718271320208 0.566431776593381
1201.5218178608538 0.5683882097512334
1201.325340174837 0.5684811700813592
1190.570152147497 0.6828764303166254
1188.4778186858016 1.1904431318703572
1189.469970299615 0.683508046306722
1188.4778186858018 1.1904431318703568
1377.0107382785072 0.2098731565846823
1285.4820033268684 0.27933517152798304
1386.3205493646462 0.18360139168855033
1338.5749474333934 0.21856261884749018
1208.8275450217582 0.5209360204575968
1305.2719657183538 0.27510001388701155
1339.0874699344108 0.21399743995034998
1218.277465261652 0.44236298914880856
1240.8817515235098 0.3965075990550043
1247.9954107593826 0.36883745344295876
1197.4042508745306 0.6561459876106902
1258.6393713477285 0.35759078893046803
1195.4372333789238 0.6572256349575061
1211.8325783987325 0.45497266515164225
1206.310838692298 0.5661317242007954
1248.7573725309926 0.3613739241699155
1266.1105228449296 0.32809338839240687
1229.3404105669167 0.4132553031025994
1199.1905128611384 0.5694931937057935
1198.5341575843654 0.5698050662214075
1262.6592593617054 0.3564523385404104
1240.2909898488906 0.3966964591653608
1212.510235795477 0.4547183863977361
1276.19727689877 0.3255002177476243
1202.9854709209208 0.5676966609648033
1262.4377034311126 0.3565148953932062
1195.4585354988953 0.6572139237195932
1198.5128554643939 0.5698151938189762
1295.402252287273 0.27719601016705275
1285.642760177718 0.2793002434407279
1236.9971153235501 0.39775278204999076
1212.5315379154486 0.45471039776790056
1198.3969946464076 0.6556024408181393
1192.4626648953135 0.6703902517540109
1310.7258698463693 0.2739553282316263
1197.5417934395027 0.6560706265647321
1191.3245734330294 0.6710306863080646
1314.589218601118 0.2660418914167844

1256.2768534900479 0.2759054964416278
1181.49924916286 0.5954596475270618
1175.8551799693707 0.6865942742138379
1173.9486436473392 0.687709328887968
1339.236770797148 0.17560917391814423
1285.4550170853063 0.2478482667611519
1270.2980958552337 0.2508055384980505
1262.3997437803614 0.274567299809753
1258.7014266761535 0.27537403357490337
1258.2225664757207 0.2754788367062611
1257.796588872662 0.27557213304335704
1249.383438732677 0.2796026527211416
1244.0701094277188 0.29021709283725305
1213.4781552115742 0.37809875901402207
1210.3645454412274 0.41532626257967636
1184.4846890243648 0.5505209407518264
1183.984374205896 0.5942098069764384
1183.9760432301764 0.5942139880977565
1183.9132302020248 0.5942455143777322
1181.3875083407938 0.5955159687172319
1180.7793474886894 0.6506743260165762
1179.7831949417157 0.651223724321189
1179.2906031904351 0.6519724846310846
1177.3130357695927 0.6639498648895696
1174.060384469405 0.6876438763722635
1174.0218274970537 0.6876664598245538
1173.734105202746 0.6878350303471809
1173.6223643806798 0.6879005192591764
1173.5528847262608 0.6879412460904719
1173.3250010395375 0.7319258809477036
1173.1920270157088 0.7320088401967376
1173.0372787452297 0.7321054075471948
1172.9255379231638 0.7321751528613117
1171.0363876355486 0.7333563193179796
1170.6369245191747 0.7336065666787038
1170.5592034991594 0.7336552755782467
1236.304874628586 0.3392078297246976
1181.3097873207785 0.5955551490482687
1303.3780455794974 0.2007514318777074
1192.0159884814123 0.510070921123857
1228.4205149275283 0.3413849641102483
1289.9645623304464 0.20676151466732687
1173.5446433606644 0.6879460772448298
1200.1993458329848 0.4941104438078623
1173.3399695527107 0.7319165436350107
1208.7991107636853 0.4158641237744331
1209.6902009806636 0.41555778711733926
1188.0636195912116 0.527265553913406
1184.2952271822835 0.5506090122977934
1204.6934839259434 0.45360060942205366
1213.5409682397258 0.3780791885762572
1262.1306126395132 0.27462584732448514
1177.9270373305596 0.6636037770245947
1273.7016412349044 0.250135343843262
1177.1109213075076 0.6858618157878292
1204.0738965081555 0.45383402136721235
1202.2270638221535 0.47324635819562944
1180.3453031870954 0.6509135962391444
1202.089639166109 0.47495838237799193
1174.3481067637128 0.6874753995189038

1270.7202770830422 0.2667624065762542
1265.4989548743215 0.30665197075275785
1263.8490960716156 0.32115726859473026
1263.4437212964629 0.32126031161386187
1263.4111953308707 0.3212685823192983
1263.2061790345006 0.3213207236846434
1262.9571381523401 0.3213840845019391
1262.5988808813775 0.3214752759221027
1261.955684039535 0.3216391262734412
1261.4938161225941 0.32175688728927815
1261.400646069213 0.3217806530186345
1261.026494889584 0.3218761265169287
1260.971397457786 0.32189019071217045
1260.9226561314415 0.3219026334696674
1260.8514337054708 0.3219208169652555
1260.2766023434494 0.3220676499552
1259.9120847880997 0.32216083051425354
1259.847521230141 0.3221773403292133
1259.7527247699452 0.322201584191376
1258.842581477451 0.3224345359638992
1258.815634238179 0.32244143826186394
1258.7930746747297 0.3224472169225759
1258.686805698429 0.32247444064137415
1258.6077645487435 0.32249469218538207
1258.1023164437556 0.32262425583764087
1295.126438851701 0.22716394907004878
1290.5632547988084 0.23750083211938688
1277.5759016919972 0.26533092769750727
1275.0625752758056 0.26585393201317425
1274.5732590534847 0.2659559949120919
1274.207448042517 0.2660323479670996
1274.0693598143866 0.2660611815115791
1273.0449872707816 0.266275271172184
1272.6462052643208 0.26635870817649027
1267.3119812354548 0.2814266570941358
1265.4823189121264 0.30665600198299814
1265.4361418461701 0.3066671921758188
1264.474956609372 0.30690030393195833
1264.1074772840598 0.3210916246475692
1264.0858666168795 0.3210971139932045
1263.8881941910508 0.32114733366116355
1263.5668179894649 0.3212290144308483
1263.2981542360294 0.32129732973111214
1263.1683057026798 0.32133035778196356
1263.0837053355185 0.32135188024016137
1263.0420783545899 0.32136247126386475
1262.9987224445988 0.3213735029158617
1262.962000084677 0.32138284729316097
1262.9137257585874 0.321395132012262
1262.9135725012027 0.3213951710142796
1262.8562007359976 0.32140977204983595
1262.8177362609542 0.32141956194888527
1262.7468715275581 0.3214375998566239
1262.739647504323 0.3214394387730581
1262.564663904945 0.32148398827740166
1262.3255158667805 0.32154489353847054
1262.2023835082855 0.32157626139327794
1262.1359879722338 0.3215931781347861
1262.0200095280509 0.3216227322434202
1261.98154173142 0.32163253596672886

1223.2151633811525 0.29071252029291433
1172.370644721595 0.9942868275483423
1295.018255684985 0.14717509728406372
1287.2308047196714 0.21007177773967312
1205.1004029064 0.36033958238501196
1202.360374716729 0.36116075100828915
1199.1860675649987 0.38256600295551696
1199.1528040213655 0.3825766150317171
1196.627187676964 0.4164597096086079
1176.329314064886 0.9909407808796146
1172.5956145420191 0.9940960673866381
1170.7300658592094 0.9956801512529208
1170.4183688380726 0.9959453133055793
1170.1933990176485 0.9961367839107584
1167.1405815389655 0.9987423173256554
1164.963335835019 1.0006089060438215
1250.855969920771 0.23254527045361656
1176.6069993625715 0.6498946330942553
1228.3092882925898 0.2689563389957993
1205.8424858880546 0.32898444341306093
1220.5521358853205 0.30608296970005533
1219.4154366955784 0.3184864650759085
1224.6750281825105 0.2844410318949345
1234.2331635047315 0.2676654453163576
1198.6494007234378 0.3827372878102633
1271.3697571662112 0.23125287285630003
1199.488431415167 0.3620254806484255
1224.1863959953998 0.29048187773553735
1173.96623849641 0.9929354446717372
1204.889253684456 0.3604027296180241
1223.0092119200622 0.29076147549924314
1288.3029475860544 0.1479422507898478
1190.840038482149 0.4906739665392377
1187.378699559696 0.533320267393613
1239.7284866648374 0.2346325368438409
1176.1987710113463 0.9910507626604167
1177.1485355609227 0.6223869456753148
1234.8444509689941 0.256002311261969
1205.1956756572679 0.36031109693326846
1234.3764428026616 0.256099373364028
1194.682360100115 0.4171376658210237
1185.6068132286591 0.5642414178476064
1179.2805564576806 0.5886508004470941
1178.411558120229 0.6096962464874991
1182.09760275895 0.5741604375491333
1180.2292442748821 0.5777280178358996
1192.1631372502354 0.45567852742427545
1193.5146102916765 0.42941727275127867
1177.412197973613 0.6102137425108372
1193.0021679419647 0.44348147823892803
1183.3607240793083 0.5735475776872017
1205.5094181064214 0.36021732339296164
1222.037979305815 0.2909925624480562
1202.4644741317143 0.36112948470171263
1200.3842600221496 0.3617553065110076
1175.033573504808 0.9920335174544439
1205.409586910284 0.3602471563448929
1199.7976154190512 0.36193218784122494
1172.6313579804373 0.9940657659527522
1227.3380556783425 0.26916917291472875