1329.9321627546651 0.21839472942570395
1287.7735654234123 0.294255764488115
1285.3178447079897 0.3029137412733556
1278.8457198304807 0.30444676087864037
1270.9448636092586 0.3063393607494861
1266.0187610728076 0.3075313328974534
1252.1272351678665 0.3724593917631422
1248.6839450649834 0.3734864616974138
1212.921267370594 0.5991646614131866
1211.8046835220493 0.5997167450885923
1349.8605149932891 0.210202552368734
1346.5541499688397 0.21071868933004229
1333.0188559876474 0.21788902200047938
1316.872341031904 0.25000965886547305
1299.3635218926977 0.29163108598683946
1298.700121436474 0.29178005663240975
1291.8125619061877 0.2933357409236668
1284.6222694429891 0.3030777578180399
1284.58480936759 0.30308659593879056
1284.2709508621215 0.3031606662165346
1283.2730331357504 0.30339641449063076
1282.9842917057738 0.30346469522885655
1282.1037180312796 0.3036731206612133
1280.4048618148304 0.3040760377261116
1279.572453198516 0.30427385029482173
1278.1424942722274 0.30461426547561343
1278.0181949734585 0.30464389208010356
1277.160184464446 0.30484855525711985
1266.2815428283902 0.3074675132642816
1266.2238168531178 0.30748153042446413
1265.557744988944 0.30764336009757054
1259.7600934768177 0.31814980679860194
1258.1553293444936 0.31855560359232715
1258.0942186261377 0.31857107712482063
1253.0104419999452 0.3721968570958716
1250.1617295352512 0.3730449728244846
1248.9433135168965 0.37340889964609203
1248.637671002536 0.37350030297119013
1239.6854422623828 0.40821099159216767
1237.135761362795 0.41413224904305707
1217.484593187508 0.5943290353857613
1214.8390849294676 0.5982187842821577
1214.3059286479033 0.5984814397588917
1213.0166447585689 0.599117550138482
1212.7234538101784 0.5992623942430225
1212.324053885698 0.5994598211226077
1212.2921311877285 0.5994756064059747
1211.6959670557685 0.599770553211313
1211.235250975213 0.5999986872078141
1211.0384772536877 0.6000961770702832
1211.0112220357378 0.6001096829336471
1207.979299892424 0.6104190314490524
1207.9731607262006 0.6104221337231936
1207.9473771944545 0.6104351631305673
1207.926307166398 0.6104458110367663
1207.5728033127475 0.6106245124335303
1207.2770900762641 0.6107740802107474
1207.2493091382044 0.6107881352006839
1206.7137743973497 0.6110592005292166
1206.4081323890273 0.6112140116219466

1328.7677714124457 0.23542809944061982
1322.1454178556269 0.2366073102071892
1319.1937708830606 0.2381847310075231
1319.0244905506684 0.23821529904528477
1318.6206099063297 0.238288262070242
1289.8464513474812 0.33115513360109716
1441.257413503394 0.16656871430949438
1440.186673317017 0.1666925536835899
1383.8586993189172 0.1909699805367218
1343.8970189663723 0.2218014968922858
1330.6234845294684 0.23509976688274214
1320.249801490551 0.23799421375397242
1314.417654334242 0.2618347320103599
1305.1955562786115 0.3012724700499869
1292.9636994856678 0.3303567409439177
1290.3695287676417 0.3310208931613664
1289.3699979708863 0.3312775034265385
1229.304406384514 0.5099917138199377
1225.9340436105892 0.5654673683473288
1217.4465446788215 0.5728252545361157
1212.6694088744375 0.8291533382435431
1211.1603542180599 0.83018642828944
1211.1278669390272 0.8305574090403866
1353.636440461875 0.22027814054323946
1293.8921214117977 0.3188411529027258
1216.4698987430247 0.6445058727909829
1307.0393627538028 0.2964646920810568
1245.0395109247158 0.47159376032984296
1368.4117606643222 0.19533114708400406
1212.603493441735 0.829198409861234
1378.4707423727407 0.19311144607788813
1345.336567740829 0.22156416291900347
1310.2859937868031 0.2776938741570191
1215.6435142780042 0.8271247917209056
1319.0569778297013 0.2382094320001002
1241.2212672190337 0.5050953263337911
1215.6213071226166 0.827487324619611
1291.666814908191 0.3306884321799631
1337.5239918202801 0.22293171554307084
1397.154337828204 0.17182668217561428
1419.7592281867753 0.16804222699034096
1253.0288924607 0.38194711865996633
1284.5450814138685 0.33716997730151504
1250.7066795790024 0.4410183250384763
1408.120811764014 0.16943113154880118
1400.5069881711577 0.17141534914422618
1260.6553251461712 0.37963649978439684
1217.4140573997888 0.5731874518991454
1217.8957433409023 0.5691995404354065
1227.885540966966 0.5645686623705666
1281.9328295779467 0.3682716017196203
1396.4868547153399 0.17190881070285707
1315.3340216348363 0.26070469620384007
1266.6339661051186 0.37784457694965584
1318.5856468364555 0.23829458042292315
1338.8519147006482 0.22263729633046747
1274.751793301059 0.37543840109744725
1297.3913496779871 0.3078962541990174
1256.8988209850647 0.38077112260951046
1261.9710825817915 0.37924068283239326

1253.5287675627812 0.3596863501084598
1244.0410480705464 0.3778520248758315
1243.5683661122334 0.3779956469234309
1240.61395730686 0.37889580902549824
1239.6984106598463 0.379175632557204
1238.7034781398095 0.3794801882271398
1236.9615282594586 0.38001459083657896
1236.5425590293307 0.3801433485727342
1235.671992779355 0.38041117043108663
1227.1768852197235 0.39848479289844035
1323.0244350633002 0.2610780192596633
1255.826336225816 0.3454802505121115
1249.859777096336 0.36373187123216927
1245.829618304222 0.3649085146329047
1243.6683562458713 0.37796525631723704
1243.6273157985786 0.37797772939738195
1243.3602347312708 0.37805892122945617
1243.1642239638848 0.3781185301031985
1241.9910190031717 0.3784757070299775
1241.8397758672945 0.3785218014246787
1241.5003715371406 0.37862528261679645
1240.7895297152545 0.3788421950578365
1238.9818971633515 0.3793949129671044
1238.0945150458053 0.3796668374907685
1237.5710475309952 0.3798274288816819
1236.8117980758054 0.3800605959398335
1236.2966996381215 0.3802189467784721
1235.9496659887855 0.38032570579324293
1235.819384260507 0.3803658002365657
1235.4884331424012 0.3804676890794724
1235.3682352482172 0.38050470752767884
1234.9996686528582 0.3806182632865436
1233.939284909243 0.3809453469800834
1232.275432482499 0.3814597099409296
1217.7269124066536 0.4660495302727861
1217.2347597570913 0.46623796353047325
1214.0917736553033 0.4734970144293193
1194.8896047218589 0.9896626252408861
1194.352937880298 0.9901073171727713
1189.1377826895325 1.0184311579259209
1307.0344625378407 0.26427199040167715
1280.3602106563517 0.3181754390352162
1207.2144091707592 0.9830176826522359
1282.1041172509147 0.31774265963852316
1266.7285930381254 0.3287611862943387
1210.8909552034338 0.9765847023635661
1261.9932410961876 0.32999479030365997
1230.5978150136216 0.38197973643964617
1244.624682793658 0.36526178677467314
1259.1302147465626 0.33074513666880423
1274.18726598823 0.32392427092703724
1275.8502906622477 0.3227429958467602
1250.7230761472047 0.36348080895851814
1249.4992183912073 0.3638368306355648
1227.4008968849494 0.38297465012050513
1217.6001112316285 0.4660980647854831
1248.8429767959408 0.3640280194932429
1219.5903052361607 0.42906065548404304
1240.2033423667456 0.3790212564215968
1222.302349622174 0.4000739482401331

1333.1774842728892 0.12704414907443462
1209.8799336603727 0.5825853509979659
1354.0377993150726 0.1250869060969495
1347.7912333416693 0.12566664247749132
1345.8433098007176 0.12584852770098773
1344.0568017548815 0.12601580441652602
1342.9788792717668 0.1261169491708516
1342.3066983120966 0.1261801041949835
1342.278570779728 0.12618274830704956
1340.2348627942674 0.12637516285878328
1337.248254819476 0.1266574089322774
1333.1566659923617 0.1270461329678526
1332.8936374503758 0.12707120380485007
1332.1730519906948 0.12713993786433964
1330.3350110899698 0.15773647350189957
1327.29531213745 0.16064229941129018
1323.6621478581562 0.16108322753249477
1323.1799227260697 0.16114193336632707
1323.0260229727974 0.16116067804961845
1322.6559282640098 0.1612057727057087
1322.263770953031 0.1612535831530092
1321.534217809905 0.16134260321533087
1321.301520965575 0.16137101755833164
1310.2979884353542 0.1807711804167396
1307.5729342612915 0.23896537567864237
1295.7081183318596 0.25377829770081056
1228.658975788194 0.42298374723860505
1218.699268867362 0.4518008318677534
1216.9418881976787 0.48641653741726476
1210.5189452206496 0.5822778144859555
1208.6285255670196 0.6889600822725295
1208.4891300083075 0.7104642492441021
1208.3897451108 0.7105226818953883
1246.798111458789 0.37756208052981116
1276.2699007174867 0.3284581871370903
1290.8274459063587 0.29488319645126815
1300.3617027291737 0.25287010521553605
1210.9280976383336 0.5533936639785308
1232.9240144588673 0.4142930643277448
1291.3475987198121 0.2947644179562864
1215.5349484487945 0.4920963682461488
1223.7403867890414 0.44136807332464056
1313.2834005154716 0.18036024362614178
1233.3467737246963 0.41328695982204394
1276.9848637751402 0.3282742887398199
1271.2685109028225 0.3313355501495213
1217.2462099959487 0.4695843948481175
1284.6551464343017 0.31418547850123313
1249.4866646870325 0.3660028163586824
1215.1257960311107 0.5208503718095798
1211.7541622196964 0.5441541838825266
1298.6805834204943 0.2531974411454735
1220.7679217004068 0.4459603611423943
1284.4622381274912 0.31423266477645634
1212.7607514130916 0.536321718567098
1334.809943887383 0.12688877531237097
1213.542895359911 0.5359760523468688
1218.8608624137346 0.45174093323540987
1221.2042677372365 0.4429843935668122
1332.8655099180069 0.12707388539528178

1268.7171929743504 0.28847122440930506
1267.6641867996304 0.2887108477919762
1233.2057986773436 0.3700962248293521
1226.486336134166 0.4001694006071048
1222.665382369332 0.40910089456387544
1217.7098970702318 0.4970963991472643
1324.5189265163858 0.22235369251602183
1274.462986296048 0.2476842321456399
1265.6917353315932 0.28916077419954367
1264.555320298414 0.29348103126549646
1255.7079610341927 0.306725627712009
1251.8262365809576 0.3166590313807998
1247.1633663756722 0.33535475885784466
1228.5045605215262 0.3995119902324639
1228.4678101196969 0.39952394188968743
1228.3870611049524 0.39955020491841503
1228.3415971081342 0.39956499327149847
1227.783107627449 0.399746745931399
1227.1617100119804 0.39994916560656196
1226.6636092405195 0.40011156953412047
1224.2150704023609 0.4068298434318915
1222.3626915618513 0.4163484600114388
1220.1908336350257 0.44886471978333325
1219.7465791075697 0.46712372185239176
1218.3053591326425 0.4899147281603384
1216.8117673473382 0.49746330639060143
1216.7967988341652 0.49746942597117716
1216.64180304829 0.4975328017851876
1216.5090765398575 0.4975870848093632
1216.3973357177913 0.49763279420733164
1214.9729111887732 0.5205156232719
1184.080027626588 1.0227813498260283
1183.8962874520792 1.0245728201946012
1179.9571353293982 1.0279932395290579
1178.9409226772173 1.0518602851811585
1178.515915354471 1.052239616777689
1300.7993316332816 0.23824942803813207
1214.547903866027 0.5571407999955437
1212.8284302345555 0.7823639782290261
1237.5830850820284 0.3520201411262866
1270.7044892788467 0.2751430658955244
1194.4051214989663 0.8424289852832775
1249.3248456945546 0.3347745555758415
1190.2900638096773 0.9845177983709017
1219.6520626416454 0.4671599214249512
1230.4254882568468 0.38412431065538155
1261.8774024384236 0.29722733299851106
1259.0009569869692 0.3045055239980098
1230.49784761594 0.37091069392150855
1256.5027812906976 0.30511094112144094
1199.4451737684647 0.8372775408079228
1219.462600799564 0.480468140615187
1210.9914613485832 0.7835507564445486
1241.549227606558 0.34614370058810345
1264.088043356928 0.2935895181065789
1186.4887646572952 1.0207049615912402
1225.3993003531646 0.4005243856775194
1226.9844369056268 0.4000069497388118
1204.4353591717645 0.8012678157980443
1181.1077609089293 1.026991776871597

1562.593740443949 0.18702380526034884
1358.0628212208526 0.19218132023019413
1307.5332276518586 0.19472075365775482
1251.8529766767829 0.20468409331780066
1251.8418663113075 0.21457853857358553
1251.6168964908834 0.21461710764006675
1250.4871786703945 0.21481099748973362
1249.8970387344584 0.2149124206824994
1249.3559679904363 0.21500549489540394
1248.5423510935452 0.21514560396212332
1241.4289661441608 0.23173560253139444
1237.637703655723 0.2579056907424996
1223.5230415346819 0.2700084576415771
1222.3023550743842 0.2702781091455938
1214.1797869419213 0.27208620410801915
1213.3331784699337 0.272276053433494
1213.1082086495096 0.27232654678141627
1209.6402204342735 0.29741066058368754
1209.2102861727437 0.304320905896187
1209.0481293804712 0.3043617212291108
1208.9853163523196 0.3043775343916904
1208.5811499898782 0.3468166438601809
1208.356180169454 0.346881213628077
1207.8781454668804 0.3902663064665618
1206.848676229832 0.3920864895973372
1205.9250505669638 0.3923867911324001
1205.808385175736 0.3924247556705994
1204.9713509666497 0.3926973538072482
1204.826831462102 0.3927444580263172
1204.7023801597268 0.3927850303370447
1203.9802229901145 0.3930206260057757
1203.7552531696904 0.39309407763094845
1200.9592571831613 0.4054997023285611
1195.729194000532 0.4072733389298556
1194.4683469975066 0.4437917310471844
1191.6903782652832 0.46894402249406164
1191.6327404966469 0.4963673356778696
1188.6912907180067 0.4975956105050301
1186.4026773140176 0.4985554903213385
1185.9915881809886 0.5085466454609765
1184.5157264774116 0.5253777826247776
1184.2907566569875 0.5254775842526697
1182.8495366820603 0.5473867773822203
1181.4724786720305 0.6621341472193704
1181.3592183956673 0.6752004579872586
1180.2908622736027 0.6758116247479009
1180.2001323171053 0.7029152846404625
1180.1257632968548 0.7029595808694438
1179.7523202625114 0.7031820982185449
1179.5611207568284 0.7032960796538589
1179.5399269372124 0.7033087163861207
1178.9009153769355 0.7036899379072445
1178.7124154845021 0.8083256803382073
1177.271195509575 0.8093152357789533
1176.9570393361448 0.8513841861030867
1176.600494827472 0.8516421805180648
1176.6004948274717 0.8516421805180651
1176.3603946582014 0.8518160043161365
1175.7982864128217 0.8522232279063605
1175.1592748525447 0.8526866378510568