1222.8271099233834 0.40136688007707383
1368.2255139766928 0.16002881693543763
1339.390963698588 0.2198847700935749
1287.7288137751868 0.24024990855686984
1285.4805282446666 0.2406701019252243
1281.9304151160584 0.24133660150931513
1251.044857149353 0.33854581091212044
1249.2693035667578 0.3390269771632413
1249.170488521904 0.33905379573305455
1239.418457995917 0.34172154926263076
1238.3340792051486 0.36856355501506044
1226.2630383159144 0.3899874069486201
1225.754192914477 0.40040842186852504
1225.6987092764184 0.4004265471351884
1225.2788421623206 0.4005637615658702
1225.0760767337854 0.40063005988342953
1224.8231348307188 0.40071279519997516
1224.7600626446874 0.4007334309414031
1224.6387935390462 0.4007731133236918
1224.539314136324 0.40080567142083107
1224.3517602181537 0.40086706935935035
1224.02601164562 0.40097375163111354
1223.9846676835093 0.4009872957906382
1223.648223919346 0.4010975477997862
1223.638422004398 0.40110076077837414
1223.0626103907505 0.4012895969625049
1222.7648647137735 0.40138731177764175
1222.7020516856219 0.4014079319708275
1222.384852787747 0.40151209405474814
1222.2759155366412 0.401547879447601
1221.809150493085 0.4017012818945908
1220.0479461758696 0.4022811591314825
1219.4788430241 0.4084098943313212
1217.0300791325442 0.4473804524909066
1214.9987065374125 0.48279146039190174
1214.861281881368 0.48461275780602386
1201.327080588453 1.1736416697338599
1199.4021393731814 1.17552526752635
1197.8187907999481 1.177079147186139
1197.6813661439037 1.1772142078972028
1315.578894835973 0.22386469961955086
1251.2925594432888 0.3153661136502054
1255.958547154953 0.291638063925362
1277.8976802025602 0.24209820124761136
1288.0878266420414 0.23779994338623944
1266.3513999093457 0.27587190998035316
1213.0168613504113 0.991858477455744
1256.6903907995652 0.2828334206229282
1219.0387275605744 0.41748372114939664
1249.406728222802 0.3389896869320669
1248.74947813701 0.3391681062265046
1218.8492657184931 0.43079091531812147
1239.0578992907883 0.346839679043262
1229.1651794407865 0.3713128374949526
1264.0853692073038 0.2763664447903229
1215.7840006367205 0.44783898061844307
1218.9269867385083 0.4298707816253171
1247.9280189565325 0.33939136650302115
1232.8088064767599 0.3702154041489278
1214.6002099236446 0.9905654942236503

1168.8914234830088 1.2103906558052884
1167.791668601369 1.2115305278117459
1366.8126270563168 0.1786202940251326
1315.0177070352001 0.230059109583527
1262.8964937341218 0.2564803928131003
1238.8125078749933 0.3119613654691341
1192.9647081995552 0.6314422981679819
1178.0769012522637 1.2009532273579644
1176.7755280747658 1.2022813381830342
1176.7436053767965 1.2023139536685634
1175.821469901381 1.2032568658177674
1175.3666313371111 1.203722497230728
1175.1818633916266 1.20391175247681
1174.9274469950171 1.2041724450759013
1174.8497259750018 1.2042521059113567
1174.813485224272 1.204289254787272
1174.6345131498663 1.2044727451782835
1174.3388376655992 1.2047760077893757
1174.1493758235176 1.2049704115734523
1172.7517197209643 1.2064064651053394
1172.5117017337486 1.206653421490585
1172.4166624927655 1.2067512360551311
1172.3847397947961 1.2067840945135577
1168.8742595691515 1.2104084293517412
1168.8144322286864 1.2104703857369534
1167.5963873421704 1.211733157084664
1167.518666322155 1.2118138214369107
1167.0936589994087 1.2122551139963764
1276.765404951548 0.24809638574348597
1241.130586596535 0.2913859128939021
1215.576921814662 0.384214476663207
1215.1053632442463 0.3956740022464793
1200.415193967913 0.48744430320491783
1259.366192656199 0.25951412416924924
1231.6125733115962 0.33254304860845363
1207.6903882990719 0.4595694838136773
1249.324417805324 0.2812412856529754
1280.1607093839882 0.24743837245498831
1188.349327127371 0.6569016870203939
1198.1933437512405 0.5573684852198263
1178.2637216871692 1.0033952206233596
1193.594285505162 0.6100871634627902
1178.1697624553042 1.2008585704035581
1186.867742340146 0.8297269925131661
1192.3320148331707 0.6353346334238538
1178.6887290099155 1.003033420000449
1199.034369035149 0.5569775364692072
1199.0662917331183 0.556962708076653
1185.8950935603389 0.8304075189368127
1249.7330152682825 0.28114933443268025
1216.8287203033815 0.38381922045893924
1220.1793896654663 0.3762343741142474
1216.9037470253927 0.3837955565512339
1211.551448820368 0.4576043803266859
1199.0864728769416 0.5569533341534455
1252.8389055719688 0.2597656611073432
1183.6352541235276 0.9383261111779966
1181.5841549779611 0.9474046049729741
1222.8263999211606 0.34112201553391064
1227.794444652315 0.3331758892161471

1284.7634589358324 0.3136720741387697
1246.340543123707 0.37921926322392013
1220.994080027496 0.4141220756898454
1220.3163250304408 0.422127576447789
1219.3264498548824 0.43383576671001256
1216.7119970660904 0.447497410077552
1216.5076812651616 0.4475725684946846
1215.780744748353 0.47207265656291486
1215.7724137726336 0.4720758914001222
1213.576291730943 0.4987895768598295
1406.7079299722327 0.14636731196028516
1390.4517222566967 0.15696385109434668
1387.2199097597893 0.15732953048804663
1313.294998573571 0.2020254071565172
1299.246828479882 0.24031282066324747
1290.3683895812137 0.2908850222480286
1279.2212817393417 0.3403407836816697
1242.4004921307812 0.3804218893046934
1233.1755530761397 0.3832676874841442
1232.3978965312765 0.38350953358469786
1230.5009282753624 0.38410076061617215
1230.2402158665636 0.3841821592188436
1228.954458676273 0.38458409842017827
1228.3058646789516 0.38478717400979595
1227.2926271917872 0.38982986144647214
1226.4762126210055 0.39871244295191605
1226.2401324351063 0.4002497463600076
1225.8734512276878 0.4003694683917696
1225.6232198613473 0.4004512104781574
1225.5120988061706 0.4004875206550202
1222.365163334677 0.4015185614785345
1222.2736004843111 0.4015486400010103
1222.224187638265 0.4015648740612826
1222.2240862922952 0.4015649073587622
1221.7514728072347 0.4062694790881701
1221.170217326975 0.41204303339029413
1220.8319066647252 0.41712070076784347
1220.737577366032 0.4171507861544312
1220.5728276919049 0.41909677482464613
1220.271869491172 0.42373736032535586
1220.1702602478158 0.42385402807349626
1218.4962694177948 0.44684212923976807
1217.5944040970128 0.44717310268944044
1217.287457992795 0.4472858599850818
1217.128883389384 0.447344134978656
1217.0272741460278 0.4473814836067769
1216.7203280418098 0.4474943460290834
1216.277980219019 0.44765709513158836
1216.2007351609439 0.4476855273609987
1216.1834637530944 0.44769188508543895
1215.8669302385579 0.47203919417298856
1215.8579898064281 0.4720426651658294
1215.7634733405037 0.4720793629326693
1214.861281881368 0.48461275780602386
1210.7793144947627 0.5649423864334862
1203.012181367154 0.9577161714199043
1201.7479548149354 0.9587236790329168
1198.6568690609733 0.9611960271942103
1185.6563316077993 0.9740325858797121
1207.2426209931941 0.5665974208334613

1307.0697477284034 0.2058985524687902
1300.6108001390967 0.2069210627839189
1297.7771537327542 0.2073728669509654
1283.5351645419103 0.20967385738050617
1279.1369205799897 0.21039480973702035
1276.4820360744473 0.21083239828478803
1223.93377147608 0.3554625965813404
1223.2760545791969 0.35565371759209374
1223.0981195739942 0.35570545771422896
1222.9393339653632 0.35575164226813755
1222.8840139903114 0.3557677355130813
1324.722684070892 0.20315479780719373
1316.9072334321168 0.2043604607832824
1312.756220761999 0.2050066606249332
1311.3244451619557 0.20523049808606805
1306.892919054104 0.20592641149805144
1306.014834371707 0.20606486385163775
1296.5025795174413 0.2075767324220774
1295.109497354807 0.2078000119547391
1294.0119652943827 0.20797626007407158
1293.5500076976398 0.20805053336285953
1292.2154015817769 0.20826540892764134
1287.723190100772 0.20899194104904215
1286.223192431142 0.20923566813030592
1284.7263937648474 0.20947944273517013
1284.7189368940665 0.20948065861289322
1282.8375664398475 0.20978787655860584
1282.4543655705136 0.20985056174946423
1280.7608159409979 0.21012804708215171
1280.4149101652001 0.2101848134510574
1280.2489382728836 0.21021206187921992
1278.8558561102493 0.21044104990189297
1278.7801627608615 0.21045350629461756
1277.8228666283387 0.21061117003105018
1276.2822512449955 0.2108654012625331
1271.23629387596 0.21170239579336977
1269.5055838694898 0.2119910085095711
1269.2530966937547 0.21203317898853957
1268.2983445633006 0.21219279374340702
1263.9788849134138 0.2129179310233974
1253.2965502271581 0.2789926046545108
1246.9735001792399 0.28040729726985186
1245.015890511457 0.28084819769548963
1241.7274150124938 0.28159196996457525
1236.1069416844825 0.32449617147037196
1234.7952349668 0.33265873655368444
1231.4668216129776 0.3335578478911387
1231.1317852071963 0.3336486212947827
1230.462239194459 0.3521178823748522
1229.5037913072333 0.35239237249257505
1228.0524603572806 0.35280883512201106
1227.5033183678165 0.35296666943717775
1226.8289712822987 0.3531606834769433
1226.8183806061645 0.3531637321844628
1223.5449875867034 0.35557554553886045
1223.4107365956652 0.3556145646253779
1223.2536351950864 0.3556602358946563
1222.7743412222326 0.3557996449431629
1222.1697505147467 0.3639964787016942
1222.007841967158 0.3934390481914226

1276.2469699080555 0.2659499176659648
1261.5278750039465 0.28291433491747436
1360.1971291249004 0.1556849246026906
1319.0627599417303 0.18067850677647246
1311.751429787373 0.20829055513569952
1304.4469287219995 0.20945691809642691
1301.1558089002633 0.20998671461290216
1300.7420766282953 0.2100535059330885
1291.9608739185117 0.24654128348926052
1290.9014893717165 0.24674360878520754
1290.6890691305894 0.24678421758722524
1290.2100060676407 0.24687585011418495
1287.497642790076 0.24739594193238526
1287.3834337715202 0.24741788943223778
1277.8568827455815 0.25501200491976594
1277.1950644345952 0.2657524962475033
1276.6734731022248 0.2658610707589339
1276.1747575091995 0.26596496645251794
1262.5272351505625 0.28269039257124123
1246.3903637306405 0.31698723391507383
1233.4551225444159 0.38412595276482625
1216.0231283809997 0.43478962919332526
1210.0094638093872 0.4430224842930851
1206.7573842262545 0.4451318789262195
1206.4043210262855 0.44526215008228454
1192.6951779089866 1.307786179845977
1189.9877030111265 1.3556923068136963
1334.1071476266786 0.17754937322175454
1334.1259948845698 0.17754686497377922
1240.576973182866 0.37758321241908005
1292.5815580609183 0.23112587374687754
1198.3124408697768 0.734520748571627
1203.253839419338 0.4998187641418003
1295.1420183409182 0.21096175526793756
1312.8376058648257 0.18743947800534888
1276.5884897811675 0.26587876930228893
1289.710631932441 0.24697144009468142
1300.5493771192553 0.21008462909394462
1223.5042346126118 0.4101506859318054
1231.2575895863808 0.38481153590224343
1287.272672969652 0.24743917800955748
1297.5799773037074 0.2105653896403406
1206.7621769956631 0.4451301110431247
1245.3910035840245 0.3172415993373783
1236.0633636049574 0.38331540120903956
1286.3621376558008 0.24761432472991926
1234.0529189265862 0.3839398755704541
1263.6324549221988 0.28244314107821067
1210.373153975405 0.4428893659069635
1217.0428637380985 0.41529761294079787
1298.1761414356672 0.21046869125810344
1249.2991210772263 0.28880183534367654
1194.4516657850409 1.2292067534294284
1200.6681342491825 0.6324373512445528
1222.5130708654979 0.41343933917960823
1199.5112031627177 0.733786686418269
1250.547681900307 0.2853984097545579
1305.3520508916272 0.20931168210432693
1227.4658145233507 0.4064272146375428
1211.8744942007302 0.43718968489592536

1258.7102450751427 0.15469715839715809
1258.0265085929454 0.154781236188974
1257.699653002186 0.15482146130335026
1281.6058328835586 0.14061586655652408
1279.81774265019 0.14210917981513443
1278.9764347947846 0.14220265891768166
1277.050089715984 0.14241716216575656
1275.7320547156046 0.14256430184426144
1264.649287681155 0.15197080061963522
1261.2293535905997 0.15238288278401593
1260.8933970964308 0.15242348416965992
1260.2581209763523 0.15250031842926154
1259.2626874730186 0.15262086827779092
1258.2514784133696 0.15475356198591692
1257.474683181762 0.15484915979844768
1256.6111129586063 0.15502176709397655
1250.3056856268208 0.20099071327825427
1250.040739360995 0.20103331328101573
1249.4060598592907 0.20113543518293253
1248.521036746749 0.20431949265504043
1206.7022421930951 0.2946907286430156
1206.5570806351245 0.30499010416761235
1206.5289750353475 0.3049972087875436
1205.661352351043 0.30521669205826274
1205.3589911217564 0.34779716345363904
1198.478892180216 0.3654502768492322
1198.2486593901676 0.41069603182699244
1180.8403260093635 0.9780051351595191
1177.646229502272 0.9806577507819975
1176.8710109508704 1.01935668759772
1173.4738230130663 1.033672787807205
1172.9785298686368 1.0341092587504894
1180.9667926557106 0.526956600076312
1183.7554206826449 0.5257152237596541
1212.053034208314 0.25229199178155554
1244.0020537613382 0.22268320609716694
1219.4604435965566 0.23646828697313463
1181.938025269958 0.5265235846175106
1250.9805009887068 0.16911664030014328
1263.0467490032863 0.1521636193621654
1242.3702161291187 0.22297569768385742
1221.9392114620389 0.23598859863393049
1186.060917567148 0.4791909206012954
1180.7442417638147 0.9780847213071631
1276.9433571359532 0.14242906602278646
1190.6023557245906 0.4654169797733974
1210.5890543043856 0.25939384278082184
1246.3471888480738 0.20717080213144673
1214.6903987535661 0.24123409731610643
1190.3773859041664 0.4655049390841184
1254.163631658185 0.15734087937666466
1206.4661620071956 0.30501308805450117
1195.372400567581 0.4116842327293914
1231.7279762939675 0.22823923834759344
1176.8131657831352 1.0194067931372317
1177.1014221658268 0.9811116365110495
1173.5316681808017 1.0336218364972272
1177.6545604779915 0.9806508134030878
1252.447026747384 0.16887471496411946
1274.7608221013575 0.14267292072960672