1283.5570949648677 0.2601491304424649
1248.3833321503103 0.33783294743093156
1464.396294453032 0.1489327539939757
1260.9487232404138 0.2888281024810003
1250.726874461605 0.33719993488229294
1250.1259573141447 0.33736202192784837
1237.3742395360637 0.38051977519665425
1214.8252066631553 0.48230224821008966
1209.1086918150552 0.7239709599862145
1208.9712671590107 0.7240532542994582
1296.614689170661 0.2575292914057188
1298.5241766654951 0.2571505930569861
1402.5528675922926 0.23436181395381184
1260.61966399584 0.28890349521040837
1213.0964040215263 0.5560381782485586
1253.1744160182693 0.33654135867535817
1265.0654627890362 0.2755203917913382
1224.5818734606453 0.41748323851876523
1258.043432557589 0.3060000624945703
1256.7947418249776 0.30630408942076565
1241.2659410660667 0.3453351839361275
1211.6062154719539 0.6709906337536811
1213.047435446881 0.6478586264053298
1270.3062425562036 0.2729199613149737
1279.7725688808887 0.2609184399227774
1236.7818794717207 0.3807020261838821
1434.4104341213047 0.21774548215556916
1285.4537640532205 0.259765284031283
1232.3494918444194 0.4021071688288492
1458.4432491444043 0.16672745235764797
1253.9471248022396 0.3138271080609151
1228.0263676361353 0.4104125906504318
1213.4617077082435 0.50427467737543
1210.6485673198374 0.6896549528845288
1455.9801618652518 0.1793302085231254
1271.1511038058793 0.2632656505540007
1287.2344068276727 0.25940594840941766
1247.7260820645183 0.33801090374431964
1219.0258199803607 0.4406602950273046
1250.5736990872563 0.3372412365075339
1237.941274611815 0.367233765304115
1210.5499117899824 0.7007281525471587
1248.443186746959 0.33781675057470467
1215.0146685052368 0.46894294901839284
1233.3406827427682 0.38241717727985136
1214.9029276831707 0.48137577147087557
1219.1375608024268 0.4282732498279593
1447.4568481749536 0.19275291593098373
1212.9100107908368 0.6479320298302392
1456.5557320741125 0.17925934468777613
1215.454783968762 0.4598204477307442
1231.1314469579033 0.402505001718289
1277.8331343128764 0.261314449564592
1227.9224091470878 0.4104473370419727
1254.0697924270398 0.3130951880149908
1279.7342331259 0.26092625600296504
1303.3192887049163 0.24833964730770813
1210.412487133938 0.7008077099925487
1253.8316661040612 0.3363649459695368
1280.446527538589 0.26078110639282703

1365.4498758893858 0.2579330138599219
1361.6525086528075 0.2586523356911816
1344.6115476228608 0.26193037118077006
1261.5979236661854 0.4372931180289469
1240.8391076708085 0.45982942880457267
1240.8391076708083 0.4598294288045727
1238.806030011977 0.46058408200767886
1234.4599701483287 0.46220562182351294
1233.9475234833599 0.4623975714201738
1215.0111712002533 0.5673291615385446
1427.5243504000562 0.19281530394308696
1400.862859970734 0.24597278892088156
1396.8018303214656 0.24668792457365415
1370.688740464938 0.25010481667862416
1266.9389203289352 0.3870794970494088
1261.8885827630597 0.4296112585428627
1243.242754643437 0.4561761419172899
1241.2270626157697 0.45968570562440975
1241.1269769316468 0.45972277512590637
1240.8074385038856 0.4598411650454147
1240.7973635165852 0.4598448988492043
1240.4341508916102 0.4599795464422848
1240.2030156271594 0.4600652723216523
1239.9654251520715 0.46015342568819395
1239.649070358395 0.46027085548790414
1238.9013156605256 0.4605486578359466
1238.7017138940676 0.46062286966968574
1236.536266827181 0.46142952166107987
1235.0814354263725 0.46197305032090524
1234.965410324601 0.4620164527269412
1234.6854366082719 0.46212121824813374
1229.6260799526633 0.4756822449944488
1227.364136063983 0.49960321924913614
1219.5957132635124 0.536872505231578
1211.4200487587816 0.5690109468827693
1318.01256886218 0.26721642121125583
1297.1979563273176 0.2999017853876257
1284.2880695748127 0.34660411823284876
1287.90203978595 0.3347680790465848
1295.5608792830328 0.3143728384149975
1318.3450705814494 0.2671490261707217
1268.7506936830098 0.3716254277310597
1266.433583981343 0.38723395073868305
1217.04351714105 0.5379983515195789
1231.189625311835 0.4634333545282505
1246.4685212353095 0.4431055905971663
1393.1187215274588 0.24734011483592866
1259.1319631538008 0.4381495394311134
1225.155757570225 0.5210408073357594
1229.3844060177612 0.4757757552092751
1222.6321713291943 0.5221162668592714
1394.9700414673064 0.24701185998248515
1214.7611532087167 0.5674459272888598
1227.6058099988852 0.4995048643253469
1413.745860410544 0.19469449864816152
1229.963409466866 0.4638953758518408
1408.0502253976856 0.20493051529083042
1216.9407639757499 0.5380437777516366
1221.7248280376464 0.535936890961914
1213.972244881244 0.5678146859810921

1267.0941311560875 0.21239445627254105
1252.2077977435881 0.24964311340420717
1224.0803071786381 0.381545433024219
1222.9683203360798 0.38189235411310263
1218.6094547540795 0.38325835158824006
1218.537409746866 0.38328101141836424
1490.6947716124334 0.2037516697564352
1361.6091618014382 0.20537484030121794
1306.8861719625713 0.2059274746391093
1305.6033566238693 0.20612980785293492
1305.1315772236499 0.20620431972500458
1266.9547470935042 0.21241782285469668
1266.9522559455474 0.21241824052175787
1266.6981562249916 0.21246085163261508
1264.114081304438 0.21289515955341348
1263.3536089483462 0.21302331123037815
1256.3618098281013 0.23966292280138235
1256.2203603122275 0.239689908675417
1255.1367752638976 0.23989683783755683
1243.450663725116 0.3031160710514631
1238.0695086538333 0.31914167458885295
1228.2478523216837 0.3725478905175218
1224.33226522639 0.381466913944747
1223.734202487245 0.38165334425533515
1223.627469907214 0.3816866344904039
1223.3676652760319 0.38176769266949073
1222.476561869547 0.3820459757074113
1222.2635250169035 0.38211256517078307
1222.0275517320931 0.38218635103350185
1220.875105343601 0.38254711625678445
1219.9442258209058 0.38283901917287877
1217.9046594349034 0.3834801412744376
1217.089013747157 0.3837371347400214
1215.1628692326071 0.3843453932671893
1210.728963981408 0.38575293459822146
1207.7427999908487 0.41769802921571675
1199.6589865144983 0.4416413615942375
1192.2036826128108 0.5099785501350199
1192.1550074055806 0.5099993723531514
1190.7137874306534 0.5106166670300039
1305.2050975757215 0.20619270452811866
1230.3501956122782 0.34758726600857276
1195.1598118288482 0.49224237072215543
1207.5178301704245 0.4177758495578072
1250.7779096818972 0.26266094088273106
1234.25359415007 0.32038134966105897
1197.5326730795668 0.4445240899830713
1209.6297508274547 0.3861034754968695
1229.2674244752586 0.37223889391720366
1247.4243279780935 0.2875745214742076
1259.4645005769137 0.2136811072560993
1249.8906053609755 0.2781995602332237
1297.2586144447082 0.20745575788542636
1240.9884677554433 0.3132599868083124
1245.966265561428 0.2957703885304589
1198.1687979649257 0.44219064054490226
1224.3444537838918 0.3737356305253352
1210.279770347703 0.38589610625708076
1275.3118593760703 0.20775929773295843
1193.0297471941735 0.5006241188633067

1261.2046022176146 0.264968534877716
1248.9916144356623 0.2675594709910265
1226.786848690126 0.44382238697677023
1206.7158144276684 0.4789815881101975
1202.9708596937912 0.5032360122247738
1199.6105289690672 0.5494363648213172
1173.3375658673579 1.0872220403138315
1167.0643459810242 1.2122855620659843
1291.9358321986147 0.12689423499570554
1286.2136441564855 0.16536585795007167
1279.1285440814313 0.238732125621504
1276.9621483399656 0.23913714017966442
1271.0531841179145 0.24024885825971146
1270.7762975079243 0.24030120554699405
1259.0808615287206 0.2654154676172965
1251.500034199801 0.26702319336675495
1251.4295733984513 0.26703822790691883
1250.9038700678411 0.2671504530659979
1231.8422288865459 0.38511483581865225
1230.0395075599924 0.40548245064025107
1229.929834791914 0.4067669866285483
1227.7271444216462 0.43452658227493973
1219.685434983818 0.4705458392079739
1219.3550338535172 0.4706733401185506
1219.2936882900108 0.4706970208130004
1219.0298370282233 0.4707989001920679
1211.485625841769 0.47373067771681693
1206.1191655238354 0.4792185330553332
1205.6949315509955 0.4793871501547474
1205.0994414971688 0.47962403540256965
1202.8615304853518 0.5044633339631232
1195.4730214661506 0.570186052882612
1195.1288485638645 0.6452956343244373
1193.2520414614635 0.695504016345745
1191.461671583339 0.6965491271291453
1187.2719454796334 0.8415741129225983
1176.7065436769178 1.0841092617306205
1172.8257868917901 1.20633027722242
1171.6097110654055 1.2075823913649635
1171.391181231835 1.2078076728791456
1169.795471634109 1.2094552346474674
1169.7716837642336 1.2094798295014386
1169.4030323095706 1.2098611150687002
1169.389467286519 1.2098751495665079
1169.30255033196 1.2099650823759138
1169.2918595912233 1.209976144988631
1169.2035498893192 1.2100675342361964
1168.976194288812 1.2103028817413422
1168.7023237182395 1.2105865008751975
1168.5413193820268 1.210753298294141
1168.504815693956 1.2107911218102598
1167.7291384746661 1.2115954034365055
1167.6640826612208 1.2116629068612554
1167.6150218754522 1.2117138184487084
1167.549686694105 1.211781625020858
1167.3004261669234 1.212040383880112
1167.1359336657506 1.2122112050745555
1167.0864372687488 1.2122626152230591
1166.820999987824 1.2125383899068838
1166.690464954887 1.2126740546298058

1316.7713462934166 0.18236787738414023
1277.6988092204951 0.21734593196471014
1239.5806518300976 0.29515370146381326
1208.7541175517706 0.4184103024420466
1202.5824408170938 0.4779692667119577
1200.7457521613853 0.4787003796293817
1331.8206784645658 0.16428813343802165
1254.2193948678687 0.2837169087126108
1250.8934076665014 0.2853823667389114
1247.8651539633308 0.28607491769776444
1247.081769342357 0.2933783707250551
1244.6265096072484 0.2939571147058661
1244.5430187571646 0.29397683497991456
1244.419433338703 0.29400603032128875
1243.539169646416 0.29421414828019377
1242.3621120501737 0.2944928971206455
1241.3352337156134 0.294736512517616
1241.2606692278102 0.2947542178051818
1236.7809037802797 0.2958218521423563
1219.3583448326438 0.35321867775257226
1210.1097289765175 0.40025080022685594
1209.7852212008322 0.4082881645442277
1209.3635583379962 0.40831310570202295
1208.8372745893078 0.41838151960918935
1208.704649948516 0.4184274263563459
1208.6471448831383 0.41844733431427245
1208.4629760136138 0.4185111053805325
1208.3555886481945 0.41854829874101984
1207.3102723000504 0.4518870436662053
1206.1540521388924 0.4765539247484391
1206.1167633203167 0.47656865809216
1201.823555788562 0.4782710778379412
1201.0528791280622 0.4785779688695413
1201.0203918490295 0.47859091427506406
1198.744957932594 0.4898166316791393
1193.742120527598 0.5503840865328761
1186.9029809994506 0.9311748668839828
1193.3435916240219 0.5505678927460164
1284.7405183381838 0.20785330568932442
1192.96903032275 0.9259687206421834
1271.6309226784786 0.2285945010866716
1194.044522714689 0.5015549150427325
1235.08975926708 0.2962269057009187
1256.5746511613343 0.2806210939563015
1252.3067050179063 0.2850602969604508
1263.3668210096096 0.23599587573538858
1247.3024930814406 0.2862039667186486
1221.3829898296226 0.341836597973128
1202.8832143443324 0.47784975344537767
1238.0027676050502 0.29552988670482455
1202.3052417296753 0.47807946555327363
1201.8560430675948 0.47825814972891467
1220.27654108175 0.3469320063281405
1208.3880759272272 0.4185370461511932
1209.817708479865 0.40827720076726004
1242.8501779291669 0.29437725008832993
1243.9947282027065 0.29410640524110193
1230.074306913106 0.31643945486582936
1213.6705308317828 0.3695604921259016
1233.6560145421151 0.29657117813864436

1275.2234943039857 0.272686582978024
1266.8984329864788 0.2758921339875543
1263.9645987545632 0.28110790864476026
1263.8557268387594 0.2811321240325706
1234.2959624917396 0.369769345762731
1197.547773809621 0.9790567398069093
1374.8694422100807 0.20092740855107058
1291.4235683340703 0.246584327548686
1290.8504894867801 0.26940438377862264
1275.2091388541062 0.2727088209099684
1274.0848132612095 0.27293028970729716
1270.2234203066682 0.2737792227028533
1263.9502433046837 0.2811111013578553
1263.870082288639 0.2811289308419313
1263.4628257362444 0.28355613434134813
1262.6592124792753 0.2873561270278959
1262.644857029396 0.2873593940799542
1251.737959924954 0.3492496731438834
1237.7262976478019 0.35796943861508834
1237.6467575945035 0.36732115420773376
1234.3074148244348 0.36976591491437244
1233.113778911333 0.38328688769234615
1232.0771874307732 0.38360936093220915
1230.0464488643422 0.38424267874261236
1229.593754816694 0.3873880843232589
1228.3391420185117 0.3995657918847112
1228.0391626448093 0.39966339585341876
1227.672953417587 0.39978261361653483
1226.7302145140827 0.4000898454906191
1226.1072967416612 0.400293109165816
1225.7770160862876 0.40040096652380347
1223.3588441088245 0.4071145827874936
1222.2914610889432 0.42822351976422257
1220.5113432523478 0.43020426947816476
1210.1798944972763 0.7845765295302675
1210.0773245567163 0.7846430326919791
1205.3763209277643 0.7877031639390223
1204.890379416209 0.9401002378970535
1197.1542172379827 0.9793785982679243
1192.9135003275971 0.9828602148161517
1192.361377479304 0.9833153281664562
1188.3905747219146 0.9837000193584382
1187.8978274322333 0.9870101553460043
1183.7986009776946 1.0230244975435494
1182.667764249604 1.0240026874549761
1213.2772139146764 0.5637792810498421
1307.6580746549605 0.22283919184695433
1254.3132968498262 0.3319886846068059
1212.8572235020858 0.6055864859613233
1205.186859085683 0.7878269951037318
1211.2582301815373 0.783878051825229
1197.5609874295653 0.964349970283682
1257.270661818068 0.31669771249701284
1208.7325083203061 0.7855160138378381
1213.7022212374227 0.5394794493182283
1281.6346515408306 0.2713225151777751
1261.813464549547 0.3155575318967858
1299.488599503823 0.22663659706651343
1291.6999632092718 0.24320146674462728
1242.0240439991883 0.3505391867750247