1228.0424860188116 0.25636730356561777
1227.258979048572 0.2565309736407318
1273.234392848054 0.1779467350721758
1259.4288904992175 0.18265372700557467
1255.6932734508894 0.18319711159715374
1241.087966764751 0.22681014982914213
1239.227309688299 0.2271506974486074
1238.5170179099562 0.22728096878966242
1236.3374908686903 0.2546472489347961
1235.0177970445613 0.2549193554603497
1234.8654896066714 0.2549507970337239
1234.3068298768019 0.2550661903378468
1233.4221187046326 0.2552491446604687
1230.893537869921 0.25577349390385
1230.1545072565466 0.2559271530100595
1227.9370796080764 0.256389310195882
1227.4533766531974 0.2564903456154751
1213.9620304428563 0.34590845880720267
1211.5434510259913 0.3465989887901612
1211.0128811984166 0.34675084098643016
1204.562975650612 0.3611788551092507
1197.4938694181644 0.42161650719824606
1196.864733235299 0.4645899037207007
1196.590405121954 0.47719897826261154
1195.9612689390883 0.5202340773460447
1201.907553489452 0.3723292098376739
1258.4766052466982 0.1827919405010182
1198.8560939934816 0.40636592296366486
1266.9893683549997 0.17882383929004908
1215.6357899386178 0.32984516965220795
1248.073398098646 0.1843155868065348
1253.6813481283232 0.18349110887835565
1236.4086135497325 0.2276685430756553
1248.7200911502396 0.1842201325809378
1222.0810847109567 0.26018190257833995
1204.7396834126541 0.3611258784305026
1206.030445786642 0.35850035937950014
1215.9192855204974 0.29923503941118823
1208.8625757098441 0.3473676358575117
1198.1622743259443 0.4141291454810726
1213.1399816849257 0.3461428535375825
1218.6427300105943 0.27915532892840594
1215.3521156016996 0.3455128185571602
1217.5279266839505 0.2845085344018608
1242.5772561234958 0.20439841976010964
1222.086930442397 0.25947971369244205
1212.1613480678216 0.34642231058621076
1202.6641795320222 0.3617490932687218
1234.3126756082422 0.25506498233887076
1236.685812637151 0.22761751191500837
1210.0361808150192 0.347030726567295
1255.6261757051723 0.18320690122518785
1232.9502565253679 0.2553468310164409
1206.7870718292122 0.3479650592912376
1215.5323227901692 0.34546159499654805
1230.9568709823277 0.25576033427834083
1239.4598458851176 0.22710808149822811
1240.1654093577338 0.2269788735994817
1232.2019039005747 0.2555019106917919
1207.5527402343635 0.3477444264003345

1243.0028227732648 0.324025943346917
1242.199209516296 0.3259586258671693
1237.7964094427036 0.3762729325892518
1228.1093047707616 0.3996405695136609
1182.3132265058957 1.2128817899356934
1298.6229797203334 0.21549889796002733
1263.7473133699852 0.2831154401739682
1263.4367772810988 0.28318502621347247
1259.796028755006 0.3040694304389315
1259.4688281619885 0.3041484254054868
1258.3714901611352 0.3044136520318898
1244.9295410152915 0.3179565682512691
1242.9083063073406 0.324050583770412
1234.4528538449174 0.3878049913009207
1234.224871074769 0.3893987721486968
1219.7810811420131 0.5051245212155153
1219.1944120265264 0.5257709659841925
1215.2759818676 0.5791517767257733
1187.431254290842 1.021522680718991
1184.1142905958666 1.175537746554872
1181.7497273450986 1.2134601339411628
1178.4627105964641 1.2168447669449902
1178.3914801235562 1.2169183218116597
1177.9079450676654 1.2174178707545256
1177.8482414316363 1.217479580124964
1177.8125938558965 1.2175164282583348
1177.675169199852 1.2176585020497825
1213.5182847360657 0.6780193941576773
1290.8559454927345 0.21949677468475537
1238.8628225630696 0.33882840308438766
1190.9347504844204 0.9697155131050195
1224.1186779925215 0.4280476280231027
1193.122035861243 0.9679377866883236
1243.0656358014166 0.3240095700757757
1253.3666708261921 0.3056292063999548
1227.2982470158825 0.40434853679478433
1245.583932603003 0.3165974333124368
1187.671132070171 1.0213163604796853
1248.8547800343242 0.30673339050856985
1230.737017508531 0.3973321026343023
1270.0009626655349 0.27159507928701415
1222.735239255167 0.45507475476732795
1262.9136367191218 0.28330233080932876
1186.8118581872304 1.0220558125408745
1219.4783903345322 0.5124130628963601
1219.9957856953317 0.479366273992818
1191.8639799631783 0.9689594803228108
1220.1075265173977 0.46698553149309363
1212.4128541153082 0.7741023058411024
1212.2754294592637 0.7741900587894328
1188.3243834165428 1.0207549175800315
1196.5138014714391 0.9004795389517991
1216.9435571382546 0.5673990527009283
1266.2623415846545 0.2723969597943466
1185.7220671058785 1.0533896025326683
1186.0873707925957 1.0530651685029073
1238.0763172191062 0.3761878637462276
1184.2001880868127 1.1754524774053168
1199.6446512617197 0.8496817285137804
1212.70043678201 0.7739187333786363

1220.4337665814169 0.4293400517761891
1415.9705003926526 0.14220654517091036
1411.913941627479 0.1426151176697506
1402.476070457721 0.1435748367949316
1238.7532777223935 0.26042435421201765
1238.0038878603368 0.28980792801484295
1237.8839841124768 0.2898359993504241
1237.6645085199525 0.28988739609587033
1235.4827123286293 0.3478433488527227
1229.7445300961606 0.3991091563913968
1220.1050385818146 0.4411992409698732
1216.8627305698185 0.45928842170988343
1215.014668505237 0.4689429490183928
1187.2299418558741 0.6562264330550756
1385.9115959611386 0.20173627884470177
1303.519786271222 0.20215069294685456
1288.1353316579196 0.2263531526096536
1387.7708488348997 0.14509619732523993
1235.7045965796478 0.34778088978188526
1264.1406206686283 0.23462044934763654
1213.5823198119863 0.4987870992825414
1234.502558880604 0.3697074641481505
1220.545507403483 0.4169683318812745
1215.1091849711615 0.4689064726006275
1242.0068764096663 0.2597421387162005
1238.0995362232409 0.2897855391413637
1215.4118757786423 0.46160256486089535
1192.0778148581144 0.6310645113449767
1213.090167162424 0.49898945801821026
1220.9856228670085 0.4079058885634418
1406.4276526564931 0.14317144045371288
1236.694683202783 0.2979987775326272
1230.9005094572924 0.3707893587024195
1395.0729766993993 0.14433673097242714
1212.7478977698486 0.5234233633230321
1201.6932616070676 0.5557451558927672
1228.36913709779 0.39955603503944176
1227.7996485580834 0.39974136053875486
1396.033428196024 0.14423742931783887
1277.1266868794207 0.2283042835954618
1241.7874008171423 0.2597880459783942
1192.1183252072726 0.6306013029779252
1217.4025213016953 0.44724358457479335
1217.705212109176 0.4471324110983155
1208.1670109169718 0.5252528063056932
1255.4802249978748 0.23623887860151346
1215.5493004346865 0.4597846938508614
1231.7602735269227 0.37053054911514427
1214.3272833225337 0.49848110419077285
1222.8324555530107 0.40136512549599784
1220.848198210964 0.40970982503194264
1395.3387716840073 0.14430923658900877
1204.827668146903 0.526708615470412
1410.2788203856455 0.14278047008442038
1193.7999579637958 0.6076414286017349
1213.2796290045055 0.49891153743037936
1212.8596385919147 0.5233751403011379
1214.4390241446 0.4984352388263871
1197.0541992025103 0.5692575648409747
1201.7015029726638 0.5443047678828329

1219.0289987095925 0.4298348087601994
1217.1962640137049 0.44731937124252547
1211.7428143447733 0.4970663994061583
1211.2549939938751 0.497266587728667
1204.5653761296364 0.6550142350528297
1203.974937811416 0.65533545893483
1192.1821061270673 0.8304096123466604
1176.6928749641509 1.0308449926576209
1314.9707683147487 0.24378179526026872
1248.0962328321054 0.33338918417198493
1217.7052121091763 0.4471324110983153
1217.6106956432518 0.44716711954449484
1215.878517102645 0.44780416780025784
1212.2678380088776 0.49685112385884356
1210.4591904883519 0.5299717867849336
1192.2043011614564 0.8245949154534152
1191.7379867203251 0.8307190772026086
1191.4977860451738 0.8308865464883615
1187.7627139084473 0.8563096364046175
1187.68259093115 0.8867262004056712
1180.8157672613406 0.9780254758276787
1179.4035038843563 0.9791966013642063
1176.6331713281218 1.030897298844242
1175.6169586759409 1.0548343369728683
1175.1919513531943 1.0552158170510646
1255.556391431435 0.3053688922692689
1295.376964292191 0.24746922590962186
1209.5420305160433 0.5370470784131315
1225.865624878165 0.4013679414198125
1238.9642454934717 0.3358464833392288
1220.993118372168 0.40790338448651753
1190.2088038311417 0.8317863869002745
1180.7560636253115 0.9780749286137661
1178.0000882421116 1.0183796651856427
1190.691917577495 0.8314488962096865
1233.857890004279 0.36501833077591755
1213.5270415013943 0.4749472698661485
1217.8426367652207 0.4470819554680504
1230.7604465308257 0.377918734842282
1183.3817636287572 0.9413640153373639
1217.2907804796293 0.4472846391581399
1176.869251514021 1.0193582115509685
1207.9152288908037 0.5923766597260223
1191.4200650251585 0.83094074848798
1181.6732235976203 0.9773157921989524
1194.271291462139 0.7741600549591441
1203.3833620831892 0.6860722764699332
1203.5605061818692 0.655561115842606
1234.2232414788161 0.3649102790224744
1209.6794551720877 0.5352118155578681
1189.3156747054406 0.8324110256436312
1206.4624450756994 0.6319703578704899
1176.7705959841662 1.0307769094436279
1189.6183655129214 0.8321992239660408
1192.5142212326275 0.8243806131748056
1220.4412620865767 0.4293374149261634
1189.2039338833745 0.8324892412378216
1215.4585266900544 0.47219780302528563
1182.2636619158404 0.9768277075937124
1197.1456054345335 0.6867825107512994

1356.2069229844715 0.23618368329549308
1280.8025712578408 0.24796083540358743
1277.8891678276689 0.24852615042980458
1266.962321932025 0.25066955035557587
1262.4391329239372 0.26712628815038686
1260.7247403834906 0.2720319006146061
1257.2660929252881 0.29087731033280567
1244.7235054822422 0.33882626845758057
1240.9062278835993 0.3413118462411283
1231.2603003334088 0.3971632373951446
1228.8002786044456 0.3994158452999538
1227.4372960867333 0.3998593684161054
1226.449302024353 0.40018148420281596
1214.2914166030307 0.4984958279067583
1200.7527011933123 1.1742030805819919
1198.2258005625547 1.1766793204556176
1195.0753189556074 1.1797813061610964
1194.920571352014 1.179934093161563
1194.4790256968765 1.180370262203443
1212.0242451210586 0.5692003948506112
1241.105867706078 0.34125694404610496
1264.3987951073466 0.25862964300416325
1244.6967685033262 0.33883354668873306
1233.4521442115865 0.38318174297031865
1273.8080696029306 0.24932239254470676
1246.4086590106901 0.33836817289021237
1228.9185886065152 0.39937739288339646
1230.341127652874 0.3974599531508982
1210.4158036333952 0.9939898782018595
1232.7719540716018 0.3866376374143998
1226.061903088363 0.40030792959745115
1210.2783789773507 0.9941027437371747
1206.3770610190732 1.0866690139854145
1227.8623511972996 0.39972094714446416
1202.5554069057125 1.1053043640361182
1221.4546389896918 0.40774926020233293
1217.1962640137046 0.4473193712425255
1213.0733717165149 0.4989963667103363
1269.56078094303 0.25015649531978446
1216.2163578183026 0.48085591869919736
1259.0303844618 0.28584485284359373
1272.3699112164402 0.2496042013855298
1274.2335916369068 0.24923913295063568
1216.3280986403688 0.46843656936508477
1243.2088898287075 0.3406796710643064
1220.4509909375586 0.4170006235287266
1195.502927825273 1.1793593206192476
1211.4619721337733 0.9931315096156479
1230.776638856802 0.3973193116589776
1262.2931917821056 0.267157172192034
1246.5482325987762 0.3383302864621149
1213.1851125385808 0.49895040648246347
1201.9140328227793 1.173068524249627
1248.539306604184 0.29600290118943307
1235.9713610368779 0.3824007233411701
1209.5370700443764 0.9947120158814335
1235.3665619762573 0.3825879354653896
1212.6533813039243 0.5234641599160621
1210.6715361169229 0.9937799158028349
1216.693450114906 0.4682959061673594

1292.6843933971068 0.2529335762787246
1284.8645622222496 0.25447295865653063
1278.2821733673231 0.27198516718153226
1278.2773805979143 0.2719861869619091
1265.7122360167273 0.2969941118234747
1264.281349319706 0.29733024343210007
1234.7704821101643 0.34852995377559476
1227.4469077606752 0.3850564448052088
1224.941592553491 0.40067404435218473
1221.7855436505638 0.40170904340310726
1209.8812895862018 0.5368964867030008
1208.607178101821 0.5464444569839371
1296.0027231291615 0.2293641182202717
1288.8962863267857 0.2536769560826602
1288.846934936653 0.2536866696569319
1271.3251240679429 0.285397381193221
1270.3592555155772 0.2856143720595647
1269.0572343126814 0.2859074053115084
1267.62634761566 0.2862301353522729
1267.014257219623 0.29668891191863866
1264.8867779837842 0.29718792851885695
1245.8133847943827 0.3250130014087495
1245.558043504997 0.33203006655844625
1234.7779776153236 0.34827867697349274
1234.0638737316115 0.35405518428189825
1231.875704079055 0.38367210338222685
1231.2635339764217 0.3838628607501044
1230.9608126329797 0.3839572613839111
1230.9533171278204 0.3839595993715453
1229.8201476242893 0.38431338387364206
1229.6738521351222 0.38435910600914136
1229.1624512578323 0.3845190210665906
1228.683415700193 0.384668936237029
1227.9016388510988 0.38491384613811624
1225.8430057753144 0.38556025548356593
1223.962486728418 0.40099456258295946
1221.4201921760268 0.40182920269986877
1219.4434303391392 0.41018180034843255
1217.690243596003 0.44713790749398813
1217.6106956432516 0.4471671195444949
1212.1721539661837 0.49689034330798887
1209.5985860903816 0.537021968425144
1208.5118777946368 0.5468638969914211
1192.8789219812895 0.8435068102723222
1192.8102617026866 0.8435553640234563
1185.4492610094455 0.9719051320082421
1180.5723234508025 1.0274575593193154
1177.7837969076525 1.0298901727443297
1176.6331713281215 1.0308972988442422
1175.1919513531946 1.0552158170510644
1255.0383238490244 0.3188955188714079
1189.6399375227625 0.8685776586817505
1207.1031450987423 0.5695701092509361
1195.2040497948794 0.7909592986582745
1180.7560636253115 0.9780749286137661
1279.5841945702186 0.2555230738305915
1261.7681720528767 0.2979224628469539
1241.2076400479045 0.33696390232589063
1202.659513183757 0.709869496912173
1216.292948732192 0.4476515859644651