1255.7224497299665 0.24973769228628598
1255.5142192255507 0.2497791119730088
1251.6213120627642 0.2505559978287727
1250.5021721102398 0.2507802335268536
1250.1707251847022 0.25084672071593395
1250.0184057403749 0.2508772873323416
1249.8116634458831 0.2509187871419017
1248.6558056097867 0.2511510580728009
1248.1061043563157 0.25126167210709766
1246.9452785758222 0.2514955805485049
1246.7109780329374 0.2515428453533345
1246.6768609209385 0.25154972918642426
1235.2581115838123 0.25387505963879337
1364.27208173311 0.20401802864031623
1360.8850785018765 0.20452579357443937
1357.377955418748 0.2050542367607138
1357.2006604819721 0.20508102357197952
1354.4096304236782 0.20550363375454006
1351.7225098710187 0.20591215919809486
1348.5798511217524 0.20639200594068552
1262.9973254634147 0.23147338487043484
1261.1285184648873 0.24769489467549477
1257.0111268502437 0.248506229484346
1256.7517885336724 0.2495331453743471
1256.4459879204271 0.2495938780995212
1256.3811605894307 0.24960675675884672
1255.748257276986 0.24973255979480222
1255.628200865303 0.2497564378782896
1255.4717842896014 0.24978755450493242
1255.4627744397344 0.24978934710954845
1255.114875642056 0.24985858492611712
1255.1048679250694 0.24986057720108035
1255.0171840343785 0.24987803413140608
1254.843724857682 0.2499125751959358
1254.8228812233672 0.24991672644820093
1254.8110742478339 0.24991907800592553
1254.7840448150343 0.2499244615386156
1254.752028243559 0.24993083867466018
1254.5748243327382 0.24996614045275173
1254.4501541448403 0.24999098267194667
1254.4092171941118 0.24999914098934417
1254.3994561765269 0.2500010863393675
1254.3371289419292 0.2500135087384167
1251.408257346229 0.2505986554800869
1250.2386956033424 0.25083308319480974
1249.1961376296372 0.2510424242446868
1245.0671182344238 0.25187495690380773
1243.5078419121517 0.25219079138690154
1239.6202385621789 0.2529816930960937
1220.481352706968 0.3440607544470789
1217.8550733596276 0.3448027143677631
1217.0997835996945 0.345016686930135
1215.808183692877 0.3498720820755399
1214.8856262858599 0.3501377672345734
1338.156381246844 0.21022001993796083
1224.500664083622 0.26720230797487293
1229.761969608662 0.2550096965898519
1345.0727280386238 0.20693014945747756
1345.3959847491706 0.20688043059389777
1234.7230697400037 0.2539850711736347

1234.62042992218 0.17861766112452687
1228.30637952041 0.20910093490166945
1294.9251152262138 0.13567248130916337
1260.4166773433667 0.1618419568131724
1249.9580893353639 0.16282764164445945
1232.8271340837296 0.2066193390451581
1228.7444186881448 0.20902639181679042
1226.3484379367596 0.22411843683074137
1226.3409419025359 0.2241198067592949
1214.0412431650673 0.3179706438525342
1211.6380893550481 0.3666554005260367
1208.6349707365698 0.388424919008399
1202.935533237841 0.4312503261098724
1199.8563683825907 0.4656038165853884
1189.7482185525976 1.1341186844847464
1189.4957954154208 1.1343593560342986
1188.790085903275 1.1350327534635318
1198.1007093888552 0.47518233685866634
1212.574361901085 0.34099040429657546
1195.6468605482087 0.963173438350559
1208.01350576538 0.38862474498712263
1213.195826872275 0.34081573044171354
1263.079160817765 0.1397752727519641
1208.8892230714323 0.37409480607293943
1195.4237039364496 1.128734255519392
1209.327262239167 0.3739593024895647
1214.9131037015068 0.3045262572027151
1198.0382446360586 0.8416093363340449
1196.4328343005077 0.962540699913639
1247.4492525252326 0.16842420834014785
1206.0968395606124 0.4071102204888372
1236.1628573672833 0.17839479018073762
1221.6602192461062 0.2488143292962177
1189.9338345831557 1.1339417749774465
1200.9091464552944 0.4606851643181317
1193.3008878780788 1.1307422111218641
1231.7087948033072 0.2068069406307959
1235.3768836149843 0.17850828884214906
1199.4277128344183 0.4657702156581245
1237.321864867549 0.16980274798874745
1267.10589334282 0.13602261142510927
1192.595178365933 1.1314113195910658
1255.7741980863063 0.16234669933297258
1229.3860302421822 0.20891730179560156
1210.1271498484557 0.3671131988078368
1243.5810946074937 0.16894809169432143
1194.6152239285318 1.1294981492498255
1244.0693640057293 0.16888178334733422
1222.321557089338 0.24289293537241025
1202.760445027579 0.43581664176964696
1219.3235067924916 0.2642589932489706
1260.6958521678919 0.16171291102151736
1208.0079413663912 0.3921007030249888
1205.049058431568 0.4304939598668063
1233.834456169881 0.17873144364424734
1209.689110680721 0.3672461337567013
1216.7760552375996 0.30406001063565424
1225.319471703398 0.22701259695676484
1256.1118699924668 0.16230305678748577
1244.704740265953 0.168795575371698

1241.2005248980674 0.486085020617608
1224.8734962970514 0.5878122024400536
1211.9567145260642 0.799802460650268
1206.5141982596053 1.0920364126929074
1203.010653452689 1.0952167656612481
1198.151429687992 1.2127926092473207
1381.991881829253 0.2508920834792187
1258.0332807669743 0.44514687220068583
1254.7231331540884 0.44632123634323145
1254.3654993414702 0.4464484875833921
1224.5859893877687 0.5879502083220632
1216.9403368962437 0.6039772242942081
1212.832500314692 0.779315839893535
1207.1998546050625 1.0914161660179456
1206.906260022159 1.09168166623503
1206.540908547622 1.0920122372945424
1206.153639554477 1.0923628580328717
1206.1533362213743 1.0923631327490335
1204.3732950506426 1.0939776249979678
1203.875890603786 1.0944296228655905
1203.397922445834 1.0948643107614997
1199.7867832680954 1.1751484017167102
1199.200975768723 1.2117311677079161
1197.278393698633 1.213676957951076
1195.4237905652185 1.2278089819426827
1377.8495212460434 0.29178440589811655
1312.558929265893 0.3401699687146927
1211.6386766250012 0.8000123974084432
1278.6641126061131 0.3894967439820965
1203.002854614427 1.0952238657428353
1249.5736721922979 0.4486772488790494
1219.6712587061095 0.5931428960936859
1237.5903970564284 0.5106091095265627
1209.6552014628533 1.0535033102515374
1225.2817232320506 0.5756545505403035
1239.179079701242 0.5099544859585274
1244.6201456735741 0.463504316138197
1226.5950310369958 0.5507531852772068
1207.790644584388 1.0908823005363337
1222.1387371302626 0.5891275398564486
1258.2092933881863 0.44508459999509004
1248.786675066951 0.44896000950752707
1275.072483408714 0.40539440515788416
1206.3268186157034 1.092206039522868
1196.0223793828059 1.2271944844722393
1210.0585106598567 1.040920927101065
1199.7789844298336 1.1751560404505417
1205.1242696723277 1.0932959115400782
1206.925407433291 1.091664347121885
1209.6630003011153 1.0534965181929863
1269.3416410256846 0.40722468580403437
1201.8183366749133 1.1731619311610775
1259.2044074122919 0.43154267337416113
1231.2833485443407 0.5264072346362836
1228.4556565125467 0.5424065724494183
1208.4966840453947 1.0545132442880887
1236.1512495935801 0.5177049694163346
1208.4282973560628 1.0903066733981495
1200.9530995238163 1.1740071459221666
1212.514462413629 0.779520251454525

1320.702507473721 0.2219943113125104
1265.738709547853 0.31317844713337456
1234.9438985405711 0.3695753394688778
1234.6379058021662 0.3696669350449083
1234.2951903760684 0.3697695770726388
1233.834721542532 0.36990757559290977
1233.647550342486 0.36996369862805917
1233.2552416736683 0.3700813871334189
1232.6700859618834 0.37025706693612737
1232.4520574140342 0.3703225677482274
1232.2257480773496 0.37039058081709664
1232.2151224192605 0.37039377477535895
1230.0748988113437 0.3842337917359297
1390.057650673752 0.2194861897046271
1322.6778032198863 0.22166278354532404
1321.528148355354 0.221855617650073
1316.8096768828802 0.22265058401557536
1311.256921672562 0.22359343828771594
1299.2196031126628 0.22566503991543474
1279.4069597775388 0.27671584747290223
1266.9874002804645 0.31286979132156256
1265.4654389246393 0.31324607637617546
1255.3261594162623 0.3157761674600396
1254.6917639543162 0.3333425642877494
1247.2518504089148 0.3430441980888371
1243.4318567257176 0.34561961862364676
1236.6030344820344 0.3556141473377215
1235.5244810720867 0.36940167315189115
1235.3417908044892 0.36945630264068646
1234.9910206428872 0.36956123801658475
1234.9838052042178 0.3695633971918195
1234.9296502163893 0.36957960354112307
1234.8351337504648 0.36960789181787335
1234.7785787134796 0.36962482051128615
1234.4752501597115 0.3697156427146701
1234.1944479592182 0.3697997599023651
1233.966397806119 0.36986810284266863
1233.6850984698501 0.3699524385065797
1233.364914441747 0.37004847890839476
1233.2689382863505 0.37007727703118326
1232.7012720392715 0.37024769981223055
1232.6312826027602 0.37026872266654653
1232.375698941924 0.3703455130769008
1232.3024900328105 0.3703675146481275
1232.1438332509267 0.37041520495538116
1231.234293951438 0.3706888386477581
1230.3898281964207 0.3709432572253759
1230.0901971259566 0.3842290131193334
1229.2304330563263 0.38449775548944226
1227.8337141100615 0.3958881883383116
1226.4023360791025 0.396568446999445
1225.9542603348127 0.4003430779298189
1225.8967095977239 0.40036187236742754
1225.7823995333147 0.40039920802458395
1225.6250700392388 0.4004506059654117
1225.3012418410283 0.4005564388771675
1225.2912809336456 0.4005596951686725
1225.223520821013 0.40058184783681794
1224.9444591756876 0.4006731066924399
1224.0641256809186 0.4009612663965553

1216.4593289906536 0.4350197910422087
1200.7357153775706 0.48276591248427375
1351.1431105733473 0.19966141861111703
1237.1312587570542 0.3846561167986215
1236.478597911936 0.3848591530555317
1215.8176487884455 0.4390597337297583
1205.3226419744828 0.4639438239240713
1195.8149936278583 0.5266047123332297
1195.6579698664598 0.5266738704493337
1189.0386752819952 0.57138066023015
1183.7146234144523 0.5769387498661193
1181.964367499388 0.5777930822701657
1175.6484855093022 0.646486554774576
1174.1184001329398 0.647329041889473
1173.8943716906695 0.6664955044007025
1172.364286314307 0.6673653662999427
1305.954254619036 0.25820400358360773
1271.1845399354459 0.310983394434923
1273.8258301944775 0.2944700928930011
1320.1428947824427 0.2349235306913556
1193.239611119732 0.5277412892220635
1290.6400507054727 0.26126774607324793
1208.4700803656272 0.4550488493584934
1196.521332316685 0.5029956081439477
1220.1996656914037 0.4237154714260312
1312.3413068266855 0.24031630121479064
1337.3853551210068 0.21561553729788088
1204.9112640321607 0.46410222252265376
1257.8465968926694 0.32320000591976816
1332.398964715976 0.2164224602052301
1190.295617528155 0.5290465674660572
1278.8806224649013 0.2933061960262571
1177.103839994445 0.6019769996451833
1175.9432168811538 0.6381626838786123
1190.1082542468462 0.5708671466628557
1253.8319122311216 0.3469302769392995
1264.7111853022807 0.3214457437289955
1190.1767667442793 0.5708342847090574
1224.0936985480273 0.4065253697634241
1298.099867505462 0.2597663134252361
1244.049978583272 0.37488096748136945
1243.8547023894432 0.38145386365801115
1180.4431827645137 0.5972776296698404
1198.3061677682808 0.48374471306134764
1195.8927146478736 0.5265704883138957
1202.7385854425827 0.4786444004755098
1291.1918761166562 0.2611560863082876
1184.0221133313605 0.573801532650661
1215.8170532840172 0.43905994878021765
1188.4031459010646 0.5716862208461112
1221.1675336374408 0.4216879092137256
1204.785975132922 0.46415048574765333
1216.7888854593493 0.4249095503076549
1205.3854550026342 0.46391964766049365
1199.5559119502927 0.48324072893296754
1218.6529830413124 0.42425959262790197
1230.9644189540857 0.38544833201497786
1220.6078548397336 0.42188126351756744
1183.4944528757503 0.5770460802511898
1218.6316809213408 0.42426700883813406

1342.4810595472338 0.19680461172213756
1341.1505036264446 0.19699986165169986
1304.2786368645563 0.22397003126215423
1258.6090013795695 0.31723286271919093
1201.3833030070111 1.2217183838082506
1368.5182347476946 0.1302383187970489
1357.4836212001621 0.18265095896598837
1351.705998601875 0.1954614864044376
1328.2415217661608 0.19891447401614298
1317.148585136899 0.21867229707429975
1287.9967599850436 0.23746119896530393
1257.7613548295787 0.31744665633003377
1257.419683522866 0.31753291425592844
1256.8413860472817 0.3176790174036826
1249.4579384109823 0.3233014686075738
1244.1351777609882 0.33640526372293844
1237.5964818551086 0.40260108656871935
1235.426327229982 0.42423344906912414
1232.1139915099263 0.42537393088872594
1224.3242836078566 0.4851638641853906
1214.9161780777672 0.5389403958596091
1213.3118054260729 0.6166302055795169
1208.070614627394 0.6893366664251585
1207.6456073046477 0.713802554743594
1204.0273954517263 0.864595835895438
1197.7810814715588 1.2720581607291106
1197.252971236142 1.2726192676554378
1195.3364050259204 1.274659746868327
1195.2596034970206 1.2747416502616151
1195.002849586349 1.2750155365572957
1194.9571239196885 1.2750643257014787
1194.5415915021333 1.2755078687020456
1194.284230892212 1.2757827324861915
1194.1137855435484 1.275964835092568
1193.122197006185 1.2770252730826845
1202.118108203965 0.9670511705420182
1204.5739323924174 0.8578515003969736
1291.2817627911365 0.22622431098360102
1207.7830319606917 0.7119442985237268
1284.0446009864988 0.2591112091921257
1311.590998380055 0.21959887423426033
1220.7573492924066 0.5215781633017034
1213.3895264460882 0.6165907086764159
1230.0482242461649 0.4533090789505234
1199.2419260608806 1.2238998949153082
1317.002666168158 0.21869652514680182
1214.491170755021 0.5632157498104594
1210.3530822025073 0.6680311950879808
1218.0331811526225 0.5227446886779078
1209.8811888697635 0.6787463708907693
1242.3070794485122 0.35790200056729166
1214.9938990977826 0.5389059207916069
1235.1154453881397 0.4243402297563143
1214.628595411065 0.5613850041817795
1219.1394852170724 0.5222703257516255
1267.9751545313518 0.2712945217766939
1362.8952889882655 0.15793612266036966
1257.4325201851927 0.3175296726801521
1265.2727662105892 0.2839991834689841
1221.5877208337806 0.514274622118388