1285.884515580888 0.21434302147682016
1283.182729584361 0.2313709074895935
1276.0890496156262 0.23265708040385938
1264.963763297242 0.24251900748253286
1262.91998366819 0.2596671595987475
1247.1261105071903 0.262955640329146
1244.8008044767819 0.2695101367518603
1242.5842375674297 0.2765500787855241
1239.689617731664 0.30482986448690597
1237.3643117012555 0.30540271333621977
1235.1477447919033 0.3059507818173078
1234.6422046428686 0.3258989554935792
1231.4556098442247 0.32674227287193824
1230.1575006028156 0.3270870638143714
1222.3298617709456 0.34681683768445243
1221.7345932696737 0.3646565787343157
1219.3124992114713 0.37778808189559393
1208.6934482232414 0.43380314645109264
1203.8956123947971 0.4718752444512598
1202.0027605172158 0.5166331625327337
1200.9815278591923 0.6516004573127014
1200.8718550911137 0.651659966431457
1199.1750672956234 0.6672473610138222
1198.726168713812 0.6679514441022426
1198.6164959457335 0.6680125613020013
1197.829286966928 0.6696132776579925
1197.3848221274718 0.6763726912203135
1196.9864764898036 0.6812568475187909
1196.8545557463065 0.6825762078225127
1196.0639959653736 0.6971575041799216
1195.648602508323 0.6989686486787665
1195.5389297402444 0.6990327685703015
1194.1661469089136 0.7042270958661748
1193.8963960761441 0.7043862100457576
1193.0393764974622 0.704892205727757
1192.9297037293836 0.7049570104510843
1192.5895155728354 0.7095728539211857
1191.9628736485035 0.7183367109142019
1191.8532008804248 0.7184028113160303
1191.850706621891 0.7414197574137202
1191.3337374656378 0.7501367398065105
1191.2240646975592 0.75020580286117
1190.613864044378 0.8276713470154563
1188.1754651077545 0.8493564585617782
1187.5463289248887 0.8909501576902814
1182.165634530776 0.9793911675727546
1179.119239982369 1.0083104263397362
1179.0879942074773 1.028751004175904
1178.7067888869494 1.0290837123268943
1178.6603940435937 1.0291242194805026
1178.1524150016646 1.029567942659593
1178.042742233586 1.0296637928033514
1177.0229557307075 1.0305559055980007
1176.5854547398997 1.0309391070288578
1176.3914594837338 1.0311091161653125
1175.2421600365635 1.0321174642126156
1175.1060204532575 1.0322370381396102
1174.996347685179 1.0323333859227408
1173.8597017502198 1.0489037718211738
1169.1741663902249 1.0736978758723779

1277.8400986055767 0.2394907548171686
1276.2598622264713 0.23978728690630072
1265.8170039251254 0.2844265719454059
1256.969516997424 0.3240963019707354
1246.0861103965153 0.33845575928118166
1245.9142590546812 0.338502443132788
1245.8823737051246 0.338511106285067
1245.2399704890568 0.338685739792267
1245.0991722913375 0.33872403902402076
1245.0136110333867 0.33874731720718293
1244.8679007314395 0.3387869671763444
1244.8177174321013 0.3388006249573573
1244.3032810307184 0.3389406964149725
1244.0801904755529 0.3390014758315329
1243.538674433303 0.33914909869303556
1308.548985205679 0.21386422989072237
1307.6347364596322 0.21401375567078174
1307.550268709359 0.2140275809598751
1300.272242458374 0.21522555958450196
1298.8164327225231 0.21546680034582363
1297.9632190138782 0.21560843704640176
1297.629368478456 0.2156639081954818
1294.5240121644388 0.2161812514604404
1286.1294485514031 0.2296259051525489
1280.353408622141 0.23224605767607362
1275.5198712503993 0.23992639914789482
1272.6084173124418 0.24047529906881027
1266.7361237109603 0.28422019740141136
1266.453128810484 0.2842837077395733
1259.1924815112902 0.3143550572195031
1257.7548772207633 0.32389393158147356
1257.0672079898839 0.3240711153385563
1255.7648038624911 0.32440722251156157
1255.128678977132 0.32457163872695555
1254.1668285930434 0.3248205604399656
1253.6521747656125 0.3249539069518798
1252.7306592371792 0.3251929448241257
1252.4142769332232 0.32527509439316893
1252.1139656055798 0.32535310949253676
1251.083709381884 0.3256210348627097
1248.7866445985842 0.33772383973529335
1248.7266332073243 0.33774007009103746
1248.0480429427494 0.33792370655023996
1247.9217734733688 0.33795789895558476
1247.7986984176207 0.3379912330080303
1247.7715832882488 0.3379985778427198
1247.6435054581427 0.3380332753538595
1247.6418639420533 0.3380337201025301
1247.4680193957345 0.3380808277780761
1246.950636386787 0.3382211038009105
1246.7701424900577 0.33827006779427277
1246.530305453207 0.33833515220526555
1246.399769696299 0.33837058612964155
1246.2974876930643 0.3383983557606701
1246.2109362948215 0.33842185808279
1246.1179813782458 0.33844710286382645
1246.1001754929532 0.33845193903222587
1246.0950414901388 0.3384533334789973
1246.0723342110953 0.3384595011420418
1243.1849483249655 0.339245597521298

1244.5095420690109 0.32267763497382557
1240.2769549608488 0.34981154451321533
1230.677282292128 0.4238310323681988
1341.1542130711518 0.18565696085517344
1271.4188546538708 0.22010985598564622
1271.3560416257196 0.22012073080444416
1259.5451385655429 0.2645664816963677
1259.1994561234023 0.26463911195923556
1258.6313731068844 0.29215054509845134
1253.9906879594132 0.3144749636690169
1241.9945794147347 0.326012330567513
1235.5599900794082 0.37709242568027673
1234.9746980550694 0.3839061665149506
1233.5542123538485 0.39642467437520323
1232.713976887711 0.39669488309945494
1232.122455931471 0.3968853295404372
1232.099495586724 0.39689272555352206
1231.620837956727 0.39704697410593515
1229.389673813473 0.4256406466823835
1223.6319462751171 0.5361803302524671
1222.6352383500575 0.5788291896645789
1215.656465826985 0.8203338272582802
1316.4918658131273 0.1891349439391416
1285.1030481441103 0.1937545908061528
1280.7611946858706 0.21530664870734778
1300.691973385823 0.1914324223811003
1229.4841902793974 0.42560792560309174
1261.2733300036325 0.24321913440059872
1273.4538809063706 0.21654211805924717
1230.7113284203215 0.3973403962927722
1262.831925967298 0.22323058703655432
1247.683351840366 0.3172547938481224
1258.9566450996135 0.2646901520756363
1260.5635157325873 0.25307005383298803
1234.6504805430022 0.38768336042092677
1256.3828325496106 0.31387620542144773
1241.9863380491383 0.34463902021849113
1259.104939657478 0.2646589774627531
1223.0602456728038 0.5364309594580507
1235.5013837133674 0.37777440722429145
1224.2175323817978 0.5260738895528804
1242.1042521828135 0.32598354500087606
1240.2443653941546 0.349820736416826
1236.4062217967044 0.3661150117714997
1276.8971450574481 0.21595819341410413
1257.483017295037 0.3030455416627976
1236.0616080541517 0.3712579203948745
1270.2030560146895 0.2203205382557845
1268.2640645632882 0.22065737634193905
1266.3567048609966 0.22098972581822202
1233.4110117690298 0.39647069978333194
1255.8340922261568 0.31401335453338347
1259.866480851269 0.25321006760239917
1264.5124248300535 0.22293392032116197
1265.6463325037425 0.22215925910519616
1231.5622315906867 0.3970658683848459
1265.012499912204 0.22284579178604752
1259.6536799809319 0.26454368462059663
1271.6213101748622 0.21991867740415214
1229.024370126756 0.476709928132816

1299.975932780757 0.1561401556342058
1290.2507663769036 0.18449824398895248
1286.8674103354313 0.18498331591122483
1278.0539202221366 0.24849411322251364
1272.404068500502 0.259310973989765
1270.9570066799577 0.26935005921694505
1268.4048105574952 0.2698920267110737
1259.8365930703694 0.2949906792982448
1248.6797665475356 0.3050381040782692
1246.337056710028 0.3056114768776989
1244.700852482932 0.3060132142022286
1244.6864970330525 0.3061666775893928
1238.8990996525783 0.3683954655033162
1236.640328026901 0.3850151913234497
1236.4753278612666 0.3869347847320186
1235.0677734494188 0.39593886057829497
1234.6709590265914 0.3975166811816482
1234.6081459984398 0.397536905595821
1234.4431458328054 0.3975900418261047
1234.3561936686751 0.39761804939373446
1233.8367913311697 0.39778543275086925
1233.4291089719052 0.39791691181401556
1232.7023716814601 0.39815150295698504
1232.6066594382955 0.3981824195297421
1231.7990157250297 0.398443492581239
1231.72843067935 0.3984663256598821
1231.6340155593953 0.3984968714595757
1229.3076265340546 0.4142426428462324
1228.8863741984633 0.419183728943828
1224.4814112111349 0.4283024431991299
1224.062677233143 0.43215713956601276
1220.3585189139449 0.4796066963475319
1220.0432418340076 0.4831662071031817
1220.0343014018774 0.48345457345509313
1219.7004455734998 0.49628513889324577
1218.8618908030157 0.49662657402537963
1216.8913153000897 0.4974307873093205
1215.9181075252782 0.5236539962192744
1212.7578500156408 0.5275238966293158
1212.2948410349688 0.5305660636658959
1211.4860478614555 0.5404663199425916
1211.468776453606 0.5404740251467388
1210.6838394468055 0.542145836778596
1210.0748734676492 0.5805746803173149
1209.937448811605 0.582414495705093
1209.5174583990145 0.6072586541459664
1208.790684482298 0.7120938831842869
1208.2871049799576 1.0904340793675305
1207.9757035001478 1.090715180042789
1204.6775757376129 1.0937013052008961
1203.7694372507708 1.0945264069335259
1202.1309695800317 1.0960182128830533
1200.0310788615468 1.1985595138150065
1199.4402888822215 1.1991498699644125
1198.6357663143024 1.2123025522197524
1198.0449763349768 1.2129003730143884
1196.0671657700436 1.2149060188849652
1195.1426955101488 1.2280977600398009
1194.5519055308232 1.228705140804843
1194.2125626366292 1.2290542849787003

1252.6089173057917 0.3224823732779952
1241.754600674106 0.3460864520837986
1214.1817602760439 0.4746911657928347
1208.1671639817655 0.5764732338690096
1205.158594311201 0.6779665537341817
1190.5954718447808 0.969991848575718
1181.820900213453 0.977193669897032
1181.2587919680732 0.977658672674507
1340.9187583248859 0.26477512420569865
1289.3272461318638 0.31329850327279835
1253.46839890351 0.3222612526931736
1251.3122452003204 0.34344301013152545
1245.1121925102766 0.34515318915928817
1244.0872371401535 0.3454375475259547
1241.9381214056978 0.346035311018245
1241.5680380181832 0.3461384563281917
1240.6862445520412 0.3463844674615551
1240.1851795544 0.34652441521712646
1240.0755067863213 0.346614320938402
1235.9790422128763 0.34770366602382696
1233.6209242079071 0.3483683161275621
1228.8790288335156 0.37139929953999007
1224.873900324794 0.408363262166777
1219.0387275605747 0.4174837211493966
1218.5088253661452 0.44683752481953015
1217.3080048357708 0.44727831028336795
1215.9902579247112 0.44776301779473054
1210.2130552552094 0.5300795733674141
1209.7360107464262 0.5351867942215164
1208.9693723964156 0.5462807480685987
1208.6071781018209 0.5464444569839372
1203.5728239252708 0.6859642775896684
1202.122815440886 0.7280265069916472
1200.3452344214272 0.7591287798712212
1193.0997154168124 0.8297709468900043
1192.9102535747309 0.8299027337797827
1186.0637301742734 0.9714016129143151
1185.9308928000373 0.9738070823957556
1185.3096849128203 0.9743174440741524
1183.8073502953982 0.975553921296756
1182.6485962024287 0.9765097649030857
1181.3705327901394 0.977566200092237
1181.1810709480578 0.9777230020403732
1180.9336420179638 0.9779278543264929
1179.7688075710737 0.9788934028678534
1178.381978166707 1.0293673702816015
1178.3539445573995 1.029391859428369
1178.3539445573992 1.0293918594283693
1178.223013097758 1.0295062518457636
1177.5503313004303 1.0300943626869257
1177.2476404929494 1.0303592178318404
1177.1764100200414 1.0304215644552746
1177.1358996708834 1.0304570257281553
1177.1358996708832 1.0304570257281556
1177.058178650868 1.030525066690424
1177.0581786508678 1.0305250666904242
1176.6331713281215 1.0308972988442422
1175.968387569516 1.062126593015274
1175.8309629134715 1.0622507285299223
1260.1348848292905 0.3205563954343457

1403.1201457411978 0.17391964982860927
1397.3253409554297 0.1746409066394797
1356.2246961710882 0.212133392897277
1349.2299355716614 0.2807247971107319
1345.4683191409313 0.2846277045408805
1275.7353143956427 0.2874996996037936
1270.94174598912 0.2939169119137712
1267.7771535271067 0.3047595296966833
1265.680251819653 0.30526443666450953
1262.983585120584 0.31128268588883157
1261.6081921222135 0.3183356945698754
1249.6575779936663 0.3311010944686388
1247.8079210520207 0.3530472553764553
1244.636776795207 0.35336679058449905
1241.9980301676944 0.3671864400294615
1237.1689113838695 0.38225017608809386
1236.1344096998207 0.38257007532218046
1234.75901670145 0.38299621855812127
1232.8789173501862 0.3835802750554092
1232.788501969111 0.38360840766427656
1230.9375681982597 0.3911292746185939
1227.9438869711582 0.4041359345953011
1227.8105633999628 0.4059278699088223
1227.8064623151138 0.40592922577775453
1227.5037715076328 0.4131456545809742
1227.3920306855669 0.4254468893811573
1220.373376313417 0.44082245832977723
1220.2359516573729 0.44263100702278796
1219.4726329454743 0.46538236299479663
1218.5252544334217 0.4657441882823608
1218.5211533485726 0.4657457558024886
1217.870395519105 0.4659946227576629
1217.5020574425482 0.4661356028586682
1215.716474557209 0.46682023926208194
1215.6219580912846 0.46685653524945153
1215.432496249203 0.46692930893242374
1214.1239063703451 0.49499240405607364
1214.1134322098403 0.5297713415785923
1214.050619181689 0.5297987510965042
1213.8277487143753 0.5394236592819465
1213.4140164424077 0.5396075841197047
1213.2245546003262 0.539691851328525
1212.7995472775797 0.5640013280928579
1206.2583675243507 0.584113408638133
1205.4330166729037 0.5845133466624719
1204.1661328511896 0.657571938554194
1199.798123179464 0.6906859894359423
1198.1387231557019 0.6916425767869155
1197.4306351087882 0.7046157466748518
1196.9814364467074 0.7048801722048141
1196.8696956246413 0.7049459804462528
1196.791974604626 0.7049917604329327
1185.9007734789743 0.723644150273173