1254.660273351797 0.34167442509245344
1241.3299892894947 0.36681277173248156
1429.4352416425195 0.18402624031433376
1427.1105083249631 0.1843260152299186
1424.9017585034119 0.1846117402287241
1424.4377542547827 0.18467187668014648
1424.0551545577237 0.18472149231746715
1423.3756404665194 0.18480967765197018
1411.630641674678 0.18634732452407823
1314.9219288407535 0.26026126983064746
1271.582144495292 0.31378346814041547
1270.402912544288 0.32778405763571716
1269.288109011876 0.3280719472194344
1234.5030014683166 0.3720523314590134
1211.1793643161575 0.5406031717846866
1196.6320244469634 1.214332534144135
1195.9924581859134 1.214981907903324
1195.914737165898 1.2150608680751889
1195.489729843152 1.2154928331131334
1195.4897298431517 1.2154928331131336
1194.542779985499 1.2164563907056951
1194.502269636341 1.2164976456069
1193.3186248488605 1.2177042815105232
1192.0770904955311 1.2189725062836907
1189.8133349444327 1.233598602550955
1201.2122407214795 0.938033523331987
1199.0262384038972 1.1995639631354695
1201.4791041012163 0.8917075942838131
1282.9381798497159 0.2805337894301845
1229.3858876466234 0.39609876358267715
1200.637035254863 1.1979546059379043
1241.9557485560108 0.3567503821639854
1261.6137748611839 0.3342901203424097
1213.4761982128973 0.48784029164427223
1234.6995123454178 0.3719931167843079
1239.9851730530847 0.3672105956596288
1210.687211666595 0.5408229306792978
1418.031812489845 0.1855061296758939
1327.9038031723398 0.1990812631418111
1393.123350789084 0.19907988164524798
1207.2745723189742 0.5484215043037064
1411.3945614887784 0.19650269269832893
1220.592125747301 0.42870849708803177
1318.6991602196836 0.20791301372637772
1326.4018142874997 0.1993066984821416
1326.6136073825503 0.19927487928301615
1213.326247348323 0.48790058216684695
1212.6971111654575 0.5335929902525062
1226.3745836797311 0.39874548401782633
1234.3936722598771 0.37208528382081707
1198.5235100611355 1.2000671279029198
1319.2205974988312 0.202297170918668
1418.5487630485773 0.18543852713738251
1200.7169475770497 0.9449889034791891
1225.4457031665795 0.4158729578768441
1237.8820187962494 0.36869815022595737
1236.4375661947004 0.3691288771925597
1239.7490928671853 0.3681428872616612
1212.9062569357325 0.512359432033603
1197.4692908233499 1.2134834770464853

1205.969465355836 0.5884507977954971
1201.7915959976776 0.5904964690791716
1403.1198003971288 0.2781238209590213
1399.6904377748601 0.27880524837341136
1363.7219716584761 0.2838326839464816
1359.5581730179285 0.28470195321867164
1358.4766901705232 0.28492860435023437
1357.7406483256068 0.2850830663793959
1357.6690436148726 0.28509810192182006
1356.8038502845766 0.2852799004745078
1342.482722984598 0.2883231647943179
1341.655973460735 0.2885008340656719
1339.1454876221403 0.2890416843803234
1337.0361751990295 0.28949767743942634
1322.654783184152 0.2926454221416608
1272.572444828189 0.37123492507743133
1266.3470836774632 0.37305991564293906
1255.4101198115602 0.37977123945913777
1254.2136452151415 0.40564348409378964
1251.2145532304462 0.4066157890583128
1210.783057949103 0.5360146993671281
1209.290036530033 0.5366764772722764
1209.1463107915013 0.5367402695713225
1206.7088640275974 0.5698717516783126
1206.571439371553 0.5717154806260528
1204.1238552869431 0.589352740492414
1203.5431587725718 0.5896370967945912
1203.5211177058645 0.5896478953010672
1201.5772491293617 0.5906018065171019
1199.806599127597 0.5914734045650808
1194.5157462568159 0.7081555152423955
1195.7778054383327 0.5934661864254248
1231.4612085942495 0.4261516668178822
1194.9407535795622 0.7079036439435719
1233.8195183825378 0.4170830689938108
1296.6469230148455 0.3011151775168404
1222.6961439992422 0.48039339557931426
1370.0683002755418 0.2825179352699186
1246.443378568349 0.40817224559963755
1309.225932269206 0.2982220705967478
1213.5018712197536 0.4954848526775585
1213.0097185701911 0.5161932962560534
1319.8719779296366 0.2932624329063889
1206.9964466942993 0.5472778505302283
1227.2972504317895 0.45426818696423915
1211.6810185247755 0.5267112197059352
1345.3663428399555 0.2877051811445967
1355.7485115573315 0.28550196741724004
1215.1707200564158 0.48597889613996714
1195.5890169252955 0.6999288342974722
1329.7373293196808 0.29108671226868904
1281.599598399936 0.3605928258918656
1289.5147356657105 0.307201902371282
1284.051296432732 0.3411491400555704
1272.626065451481 0.363590804573984
1199.529906155816 0.5916098384573903
1326.6478574931791 0.2917645893643657
1334.8723318410712 0.28996695649445603
1284.989927591617 0.3408999449406459
1371.7846762909633 0.28216444902939963

1250.4128624898194 0.2507981452807527
1237.9707694908757 0.253318765253734
1206.1082453296347 0.36719588542467213
1205.799302838791 0.3706207462474622
1204.5725088887832 0.3885494079929989
1201.8296749789151 0.42621909048574297
1201.7351585129907 0.4262526126156872
1199.9800760565047 0.4535261345198161
1190.8840808035363 1.1880377607198718
1189.638684696404 1.1892814808689895
1188.3529115270985 1.1905682587310373
1287.30093092456 0.1142256476353874
1278.3324031864013 0.16600537926500852
1273.989938017664 0.195205738100791
1259.311241004588 0.24902598860109834
1257.9083147666147 0.249303723543498
1255.6655218206886 0.24974901460456475
1248.2025783959916 0.2512422519993816
1247.8315975548828 0.2513169464230133
1244.3990719304743 0.2520101740843831
1243.9964509580682 0.25209173748536223
1242.9453460041887 0.2523049205307429
1238.5669336228357 0.25319683436917945
1231.882062424376 0.26363304072486105
1231.634888051321 0.26691690158217946
1222.6895194192648 0.29442098632042024
1221.82375692147 0.29462960777427233
1219.4546850854567 0.3058156425429584
1218.8563146992267 0.3144250207384628
1218.5062448038102 0.3145153532538648
1217.9890317005134 0.3412386499820906
1217.051368663204 0.3415015533214468
1213.4531367265968 0.3460535246822334
1212.5935021024347 0.34629884975705383
1210.3408103949032 0.3522225260554228
1210.2311376268246 0.3534325223601838
1206.2179180977134 0.3659805019088007
1206.193228650692 0.3662540888098493
1203.9343513631463 0.4245570552563388
1203.9244534203388 0.42456054570911556
1203.1854815274298 0.42482130210531044
1203.11046257158 0.4248477914855446
1202.8659952410815 0.42493413643657285
1202.8035146350555 0.4258740058169099
1202.2045956639136 0.4260861693890006
1202.0546447993393 0.4261393217059601
1200.2939385380635 0.4477242481074252
1194.8194276370634 1.0676746902768572
1191.4265011966463 1.187496883117643
1190.4929902192966 1.1884280447330966
1190.0813474183303 1.1888391156654676
1189.7461419789067 1.189174065554448
1189.484004342656 1.1894361348866098
1189.2916156946198 1.1896285469131442
1188.8627044158607 1.190057734488303
1188.0105178478013 1.190911389570737
1187.3611086575397 1.1915627405334184
1186.898242173857 1.192027426077807
1184.943753577006 1.1939935987373695
1192.7394171097926 1.0695366012388157

1307.2979510921937 0.2364553755080552
1305.7483585580426 0.23673598814076172
1248.2500007621195 0.3378690329393073
1223.4123653772144 0.4011748743705761
1222.312183529332 0.4015359648682054
1418.8923566100086 0.22139133657131685
1324.7005044731607 0.22563816859351596
1310.3003098292077 0.23591357310043531
1281.3650312329253 0.2704694134774512
1248.3874985429038 0.33783181994071587
1247.5660951812256 0.33805424999364286
1236.0266004868965 0.3535343768868022
1233.0258215879244 0.37015024546718767
1232.9360978914087 0.37017718218219364
1224.7413864687514 0.3992772126093344
1224.7059650442231 0.40075113210205593
1224.6711899886332 0.40076251159967985
1224.6431520160716 0.40077168698132914
1224.5957216639272 0.4007872094447077
1224.505306282852 0.4008168028879423
1224.501205198003 0.4008181452988037
1223.7831588496188 0.4010533225877839
1223.5027807582896 0.40114522803080926
1223.4502749916162 0.4011624436366869
1223.4461739067672 0.40116378836378214
1222.7934231575641 0.40137793734303606
1222.4025989104075 0.40150626513809085
1202.3862804553037 0.48183808552229657
1192.0689732424612 0.5448058883433868
1288.5525524681464 0.24601449080047402
1301.6946839645432 0.23747321989895742
1219.3354263030815 0.4465346087320398
1243.7336852648023 0.340535920727186
1197.8233170068181 0.5421886406058761
1223.7203458214672 0.40107390847877444
1222.308082444483 0.40153731210061394
1203.17842726058 0.46826873453521317
1233.8189199195447 0.3683044325487519
1301.1353459968088 0.2375753059644988
1226.3102340437747 0.3866932845130717
1261.4674484894888 0.30658923817153677
1199.8727959946493 0.48284743630060784
1254.6304617873614 0.3361507897896597
1221.6646132438166 0.4017488078666811
1197.888166968248 0.5416899467448242
1220.5816324310567 0.40210526600017127
1236.0479026068679 0.35352828405521003
1203.6772416018848 0.46602376600670675
1260.218757756877 0.3068930228423067
1232.6439607628245 0.3702649143274947
1243.8264888973501 0.34051051286625156
1229.5666605891108 0.37119159550851677
1262.1301190131178 0.2857807105384998
1233.0045194679528 0.3701566404031445
1258.492307743451 0.30731403094871024
1228.204459557214 0.37160328394564834
1238.1046895712211 0.35125508482143697
1251.48156468603 0.3369965907007138
1197.249440215888 0.5424485275322743
1262.1097150268054 0.28578533063264594

1332.096245408049 0.16921337947012766
1327.270539348863 0.17429828398603536
1326.5773339013294 0.17438936387777412
1314.9611372848565 0.1781462400778786
1310.2113407225372 0.17879205833056247
1309.0462820351283 0.17895118428634907
1307.2471412444277 0.179197471591202
1299.0888069233051 0.18032283952213143
1295.1999468022907 0.18833315507210105
1286.9402404766374 0.1895418953875823
1284.2587591748072 0.21288577969344724
1283.1705725074173 0.21987358889309092
1280.972442708681 0.22728622458551934
1273.2477037621209 0.2530358719622129
1271.5905177376433 0.2702270074034539
1269.691437348261 0.2736463763110377
1266.4298823617287 0.28098140648395886
1266.3708243188096 0.28099451023812383
1265.3291816801122 0.28122583017236835
1265.1103901623785 0.2812744661069775
1264.8441895993833 0.28133366345464256
1264.6359762325785 0.2813799830520321
1263.4084897829102 0.2816533626590218
1263.2656641718177 0.2816852065654771
1263.1971878403642 0.2817004763663886
1263.112587473203 0.28171934401442444
1262.6265151653322 0.28182779728233237
1262.3913333445323 0.2818803014248801
1261.8424704068602 0.2820029107473116
1261.5511512423845 0.28206803125570934
1261.2416761517566 0.2821372432324357
1259.3183978523734 0.28256813381442203
1258.4154220132555 0.28277089054584453
1258.2194302547296 0.2828149375242693
1258.0442687942 0.28285431473757183
1257.78272746866 0.2829131310106813
1256.7086162140843 0.2831549374041166
1254.2220052377445 0.2837163182221963
1246.1703023672533 0.2864639933561531
1239.9951115191789 0.2943965221260981
1236.8096771420053 0.29515474776051254
1236.5794407891342 0.2952097020565451
1232.0097679534028 0.29696746500504817
1229.8609822777623 0.30522203733271436
1226.2674977926129 0.31742180545820464
1224.407929517528 0.32710755012813536
1224.3202624668622 0.32713097255693063
1223.690904572075 0.336021987947328
1219.9561099343705 0.34419997801987806
1219.7363817576481 0.3470856449018932
1217.8792761050006 0.34761490484230506
1216.5502759480962 0.3483418085371096
1212.8777390248758 0.35377989217989686
1212.5927279954074 0.40136742096985634
1210.2764913482247 0.40213556108997056
1209.0816643387382 0.4025329556118105
1208.3453037485644 0.44159386147232427
1199.9582399780193 0.48359279094562163
1196.3743140360643 0.626035611138813
1193.0560414139602 0.643860315301393

1292.340974564255 0.31407680449591585
1286.6668216145722 0.31546187155190875
1262.276175804478 0.3341146959025817
1240.460427387655 0.35017746042148523
1236.7496341879553 0.39108915726732424
1213.5708744938925 0.6738450371866785
1355.9076654288915 0.2416443975041831
1351.8493900638807 0.24236981818543057
1322.3905749470803 0.2588349603747021
1306.2056706453418 0.31074304202778674
1284.9986494258835 0.31587140094787325
1266.0040137821943 0.32061061354589804
1265.7667191734868 0.32184380105586496
1265.5956019162359 0.3218873165583024
1260.7782101129324 0.33451166687454864
1256.775430350952 0.335577073229555
1236.443628248245 0.39118594745035074
1235.8738499489968 0.39136629697699316
1235.0942039113245 0.39161334467728215
1232.4539112262391 0.3967785914768929
1224.680027661465 0.4155606466278521
1221.8455863545707 0.45917196533458216
1217.0337757593031 0.5774346951295405
1216.3900902138187 0.5991048183375
1214.5757444416597 0.6732875366516812
1214.3829582859541 0.6733944226343853
1214.3216268762358 0.673428433581998
1214.2098860541696 0.6734904075847099
1214.1321650341542 0.6735335201575875
1213.493153473877 0.6738881951752279
1212.9736296852063 0.7106671560062275
1212.6910639286602 0.7877479348029269
1212.5536392726158 0.7896072605900851
1306.1349162910255 0.31075987522244586
1289.7843294770773 0.31469937596066333
1216.103411677313 0.6348433912511245
1274.5432108241355 0.31846258342847594
1298.2766608951997 0.3126408537071003
1331.1822259594114 0.25712551248918447
1256.5882499740917 0.3356270605209642
1228.2424432335142 0.39959724945794084
1280.9558511686116 0.3168683161406249
1215.9130457050353 0.6632113559187552
1218.9177388337162 0.5669355407503047
1216.2783493917525 0.6115355393140977
1217.631068355809 0.5734846366674029
1221.3534337050085 0.47972430599269195
1221.4716650741818 0.47832275270340824
1212.9355312591588 0.7875891640935496
1240.6265850105865 0.3501305610118395
1240.8725264851453 0.3500611649823317
1233.1607730325486 0.3965511534671785
1252.3738854309188 0.3367564794589056
1222.4095142047845 0.45720436274955456
1243.294812374625 0.3433249114852393
1332.1456983545522 0.25486017289177626
1220.244200458326 0.5023634656177685
1313.4602695532903 0.30093151802764817
1223.4229948983536 0.44604717467061594
1213.0681461511308 0.7106117842216765