1429.459407240963 0.22232950196191287
1282.5861171946322 0.2487934013217634
1261.7814117410371 0.2770303575920317
1254.5952436194843 0.2831766294775836
1248.9657393994503 0.3389874325232562
1234.070448951645 0.34824141885182985
1228.4023669444061 0.371543415097316
1227.9933429404675 0.38488510154112926
1224.935896780038 0.4006759074281148
1205.6251340058125 0.5403596164238279
1201.516263081651 0.6906269899451273
1200.2254674790966 0.7127268249579374
1203.554226485949 0.6632854978879639
1208.7756198874483 0.5389512530232591
1203.7622664736057 0.5941840515588597
1293.8920651103012 0.24294859761499987
1205.2051435932217 0.5600831889619852
1201.388101372754 0.6922745046779396
1254.6095990693639 0.28317338932390185
1202.3143274644715 0.674666333834939
1204.569542345876 0.5937858425458896
1315.2818896601348 0.22391525074094706
1240.9198635568216 0.3463192561639232
1251.1715337146202 0.2927538784193016
1204.9895327584668 0.5935788827721973
1202.6788969753084 0.6702179844538405
1269.4686515240298 0.25264764541567425
1254.50072715356 0.2831979645423398
1251.0143571516144 0.33855406473143773
1256.50072715356 0.2781946306465436
1243.1744847541606 0.3456911715743748
1263.1211753386958 0.2765774069978754
1232.779653349091 0.357631354927606
1227.1020218932329 0.3999686197455527
1223.7765016399437 0.4010555042737827
1217.9669096805121 0.4470363383190633
1275.9043260017893 0.2513732881066409
1217.6246402879365 0.471357778892905
1234.9457784622857 0.3479945853502586
1249.4273037824762 0.33898410445238897
1221.1876168023152 0.4031133823311845
1268.9826038770927 0.2527444149010741
1237.9964479470218 0.3471370574759728
1227.15101883149 0.39995265004217817
1243.5350434592895 0.3398606610748676
1241.7622213771763 0.34608432814892404
1278.3778535209306 0.2499581637295759
1269.8095328571594 0.25177781083067524
1229.6931625469601 0.371153409996066
1221.1098957822999 0.4040301095375874
1248.2323076443506 0.3390174119044991
1222.3470119424096 0.40273102961807145
1220.2107558137222 0.44621428298611165
1260.0298661098977 0.27741545268031825
1225.9426267531385 0.4003468769851687
1239.1868270729872 0.3468035930636335
1240.22489105915 0.346513319644009
1236.3436902279166 0.3476011140776004
1236.691923138248 0.34750323509470665
1260.6481417936884 0.27711997330374705

1276.3773118488978 0.19685427316145002
1247.089330577985 0.2561922081614455
1232.1609012271208 0.2592961431069312
1229.2451207703086 0.25991119588511447
1215.0804841992815 0.32642985207592773
1214.9622469588887 0.32646161945387536
1184.8528649023672 0.5252282914572347
1184.5157264774116 0.5253777826247776
1184.2907566569875 0.5254775842526697
1180.7414034875967 0.8019723950216348
1176.1963284650303 0.8577926744013186
1175.4060812314317 1.055023582862364
1175.3565670394157 1.0550680277922928
1173.73816551876 1.2165497273558288
1172.86779603653 1.3372260208082003
1175.9713586446062 0.8579567748808945
1181.3705396704624 0.7957131115838084
1181.593864277737 0.6221156659475762
1239.7836025663105 0.25770188338836697
1174.861273894986 1.0555128189967387
1230.0806839970612 0.2597346446715817
1185.7666183605645 0.5086431295799718
1182.2230004606029 0.5785033491339311
1185.2619892712348 0.5250469950896813
1175.852907222682 1.054622672208226
1175.5082601262802 1.0549318768766278
1216.6321214860975 0.3070300740269148
1252.4483914289326 0.20335836071731886
1218.9784066760474 0.2923540016075322
1177.5717274417193 0.8509397666929768
1178.0832793016364 0.8146058222131974
1187.373909928265 0.4981476884080882
1209.3599328383386 0.38978812650646455
1212.1687843916216 0.3514171397884102
1189.559803480868 0.4817405130369271
1176.600494827472 0.8516421805180648
1193.512479897932 0.40724662587526056
1175.8577932104956 1.0546182899831353
1183.0744053461788 0.5687315173387212
1188.5885708666208 0.482134158163032
1238.090989837817 0.25805419149137404
1213.1502439011595 0.34121559118315126
1175.4825678284033 1.0549549343210871
1179.6836480987495 0.8076601864450408
1227.8698452158226 0.2602023094061694
1178.7124154845021 0.8083256803382073
1202.3990847485047 0.3905078970550377
1190.8592645794072 0.46864661814758146
1192.8114444136775 0.45116662183445216
1202.8290190100345 0.39036831551710627
1173.7554369266097 1.2165318262447034
1175.356567039416 1.0550680277922924
1247.0381387978061 0.25620272502921054
1236.7261304962085 0.2583389818465005
1185.9915881809886 0.5085466454609765
1234.768466610707 0.2587485654313213
1214.3306123711948 0.3276481045308826
1232.9445727111568 0.25913133197286164
1209.6467982305269 0.37545291367957917
1213.3752137215836 0.34115232698473485

1295.8432776596474 0.21905906136573797
1220.4620121207242 0.33445967656244785
1196.9529987075337 0.5083116862114088
1302.2549904864375 0.2102876152027589
1286.4531587107183 0.22065802408671767
1265.9647244303458 0.27427176668022984
1258.6410597312688 0.27586767398045603
1254.953823562059 0.2766782131782484
1246.7628597439668 0.30063328898081326
1238.186315211874 0.3006791873403799
1214.4002145284826 0.3361291647903261
1206.4521151363679 0.3871204211085508
1205.7423099492555 0.3873483139847256
1203.0886262535043 0.4318763780215352
1199.464521319994 0.44689833908209425
1196.7798061898523 0.50838524676135
1180.9943373627555 0.5596387652060344
1203.47298689524 0.3994984577646066
1197.543698340921 0.48603414582497
1199.4002718381178 0.4852818047299589
1211.3831808949833 0.35094034546328884
1203.9445454656554 0.3879267135831845
1237.4361348424904 0.30086147038309524
1209.5661260614097 0.37713775049514514
1294.1504656807401 0.2193456013106686
1263.7684128388905 0.2747484254210632
1214.4482215613791 0.33611587763358686
1283.8629601444986 0.2211032025172489
1226.7671081850535 0.33274068656320455
1185.9476922858528 0.5130286951493793
1182.748451181388 0.5411757243580967
1261.981025289511 0.27513756115683746
1252.9744474668732 0.29713044490775914
1192.6699469856471 0.5101371076101665
1218.3136780409418 0.33504945170363115
1197.3642573402883 0.5081370964257166
1224.3754756331834 0.3333906452345056
1190.9392081481885 0.5108784671174603
1266.0427292224742 0.27425486795189097
1297.4308660482636 0.218791011921759
1235.917093750484 0.3235400315221898
1222.8536446725943 0.3338055470570573
1189.914242743765 0.5113185263552192
1187.5633712458152 0.5123307200444884
1188.636901991132 0.5118680028103048
1231.879903930789 0.3301620914743744
1194.8957028585626 0.5091868651241159
1192.9804849793961 0.5100043167087823
1224.327468600287 0.33340371779563294
1295.3426186798595 0.21914372922472378
1195.7240222000814 0.5088341337906318
1190.1623773149347 0.511211922579393
1191.0088114161854 0.5108486110739787
1196.1633233199616 0.5086472601418168
1232.003630238025 0.324567757477784
1193.5990486949845 0.5097400150863451
1194.782638035783 0.5092350505603904
1194.3670757153773 0.5094122313480608
1195.2293236388255 0.509044737319951
1295.722382492778 0.21907950029782394

1248.506160673189 0.33779971129384245
1248.4462682766864 0.33781591674437833
1247.0507580043736 0.3381939491371592
1247.034417672607 0.3381983806117456
1246.2930499839908 0.3383995607047672
1244.5435296800608 0.33887526676741186
1244.2197900352837 0.3389634403838144
1244.070036570524 0.3390042427085486
1243.9164250098406 0.3390461064300606
1294.0030329704819 0.22736116446281368
1282.528488519194 0.23861527637802232
1279.5994728024793 0.2391614690809849
1279.3211939049306 0.23921349166160738
1277.4551419550621 0.24211774843883707
1274.4069436638624 0.24269685930348647
1260.8350136353822 0.31394553632718186
1248.8335873701706 0.33771114493493853
1248.5980060603013 0.3377748631480825
1248.4214067906937 0.3378226441247617
1248.411950890554 0.33782520290929235
1248.1673537381293 0.33789140483518104
1248.1081643713294 0.3379074287495102
1248.0924284012212 0.33791168909199537
1247.991632307906 0.3379389810843968
1247.7697480568872 0.3379990749741747
1247.71316838497 0.33801440211606515
1247.6259533224436 0.3380380309506023
1247.5756534949978 0.33805165998751024
1247.5119730576544 0.3380689161566033
1247.3242798282731 0.3381197876482058
1247.315948852554 0.338122045991606
1247.3003879567793 0.338126264287349
1247.045064570514 0.33819549317509007
1247.0425278261048 0.33819618113520955
1246.7472969221053 0.33827626630125096
1246.7164437860379 0.3382846377988153
1246.6567401500088 0.33830083858788496
1246.631332298546 0.33830773356736593
1246.6273820132749 0.3383088055894283
1246.4348558989902 0.3383610612524179
1246.3875664499153 0.33837389907959603
1246.3562219002658 0.33838240882768683
1246.2302369558395 0.33841661686381597
1246.080096474438 0.33845739276089826
1246.008352704821 0.33847688075964144
1245.676586321509 0.33856702875776346
1245.1575478226637 0.3387081589486154
1244.2115429518158 0.33896568715591774
1237.531919199616 0.40979779293945895
1230.782627452045 0.5169429409510269
1228.5760916085653 0.5760302264574763
1224.5906239674198 0.6258372476084934
1266.9967239803473 0.29781793907922305
1241.5485585959862 0.33969273106878733
1235.172648234719 0.45049243921055165
1256.062193636529 0.3278275129578889
1248.8419906215252 0.3297228537738089
1236.7108933456739 0.4100698489104236
1258.7764955910393 0.32363106045885287
1244.876977553892 0.3387844969650659

1277.1043907009037 0.3203889597085509
1257.3634245630626 0.32541915820246886
1248.194619878885 0.33931887616384865
1247.0742847608194 0.3396237103327786
1246.7648215629426 0.3397080093422282
1246.2454203298657 0.3398495904113019
1246.1902470616417 0.3398646367596839
1245.5416893339327 0.34004160541391126
1244.8293860300678 0.34023618047914195
1243.7626588792045 0.34052798789821187
1238.378601032409 0.3497303119164308
1238.084804988893 0.3529466578200737
1236.2988506574186 0.35345652370887387
1235.9697321223452 0.35355064340312836
1235.563495355537 0.353666886130288
1232.5387116008426 0.37029653205404356
1231.3793164607482 0.38382676740740795
1231.2847999948237 0.3838562308991872
1390.1564766781637 0.2297401885176433
1291.6554946498431 0.31677962805926657
1282.7668942679063 0.3175784890997704
1278.477021442477 0.32004497563376444
1271.8111581287544 0.32172240710476774
1270.4925998052977 0.3220563010273263
1270.1533527136185 0.32214231950946237
1259.9531310745103 0.32475029196279526
1258.7732224180224 0.3250546960237172
1256.2683251232907 0.3257028287613072
1253.9733893694229 0.3262989076519733
1248.9298192938452 0.3311336743654691
1248.7318838749227 0.33917288500458315
1248.2538032175169 0.33930278807030523
1248.2303720969824 0.3393091572828342
1248.1291415889852 0.33933667722225014
1247.922419913914 0.3393928892473
1247.3593641693471 0.3395460905792057
1246.063747679616 0.3398991395422282
1244.8647694567371 0.3402265097725418
1244.600186301581 0.3402988367771608
1243.9599549775357 0.34047397905080806
1243.3853804762348 0.34063131375152983
1243.1599281094288 0.34069308869629517
1243.018060620697 0.34073197250213266
1242.443486119396 0.3408895457884551
1242.2384901093967 0.34094579987919005
1238.7923333043768 0.34961350887153364
1238.7439525069462 0.34962716349347345
1238.0907988976091 0.35294494911660007
1237.4712114798215 0.3531216645404545
1235.9213513249147 0.3535644833307594
1235.5559998503775 0.3536690316517942
1235.3613127828742 0.3694504642532611
1235.2742918221093 0.3694764908083082
1231.793048732716 0.38369784841351945
1231.645358699952 0.38374385869351063
1231.2922954999833 0.383853894170232
1230.9585930163041 0.38395795372071667
1230.6153874248805 0.384065035525426
1230.3783647621283 0.38413902261752503
1230.293764394967 0.3841654376927655

1255.1317810934902 0.3141890612424452
1237.3114701518375 0.39522087910211107
1201.3496749615547 0.9620277736627104
1323.0555656791003 0.2275808227117418
1316.7345210753797 0.22867333491392622
1274.7375736537838 0.2570223332536018
1267.6623665530951 0.2822410653920975
1262.837868321681 0.29388016371941184
1261.9155534097602 0.2940949562676008
1259.496004093438 0.300170817178776
1259.0510035329444 0.3132110414357836
1258.9944404156172 0.3132251131364331
1258.994440415617 0.31322511313643314
1258.400427877547 0.31337296722192104
1255.20142032373 0.31417162986926445
1255.0576515559728 0.31420761870852976
1254.9664383273152 0.3142304558860797
1254.9266981194967 0.31424040673312
1254.8896963718544 0.31424967244329566
1254.557622407061 0.31433285246850884
1254.2510484350837 0.31440968419308624
1254.146281925122 0.31443594875710545
1253.9143408031532 0.3144941111246363
1232.6301616474796 0.398174827498646
1230.9908181606172 0.40208056047713125
1228.5022200216013 0.42740597636401295
1201.0546688734805 0.962264069359719
1200.9457999022043 0.9623513011892785
1199.9371080628514 0.9631602735075588
1199.8077084399201 0.9632641506333163
1198.8754872974407 0.9864625889729258
1194.4742867590528 1.0423931378251359
1194.0704116997024 1.042745710492778
1193.3361952967687 1.043387274041885
1192.9323202374183 1.0437405196452445
1185.9972868707234 1.2459243253287957
1184.46414689371 1.247537017782598
1183.385759067455 1.2486738649370202
1183.3260554314259 1.2487368656371307
1202.0603669233749 0.7195388112706501
1188.8844080835763 1.2283605010012755
1212.775047788675 0.6757060366991676
1218.4811708649415 0.648147492824036
1238.4013806697722 0.39487304729267964
1218.8036463761714 0.6479760035979231
1245.3398857365037 0.32712288172467824
1268.2589339383035 0.28210830400570097
1266.414436857751 0.29305019643828867
1253.8236303658082 0.31451686384493255
1208.7376485458071 0.7155639509799125
1210.3260786488174 0.7002460275837745
1233.9887832112395 0.3962850664525235
1229.7979859281327 0.4138312389763135
1256.836415754071 0.3137629297610083
1259.3745925814046 0.3131305636625599
1192.011441766596 1.2251381119142806
1268.1821919828426 0.28212537532482057
1187.7463166212922 1.2295375087336786
1213.5890386374335 0.6752528202372411
1258.9135788769 0.31324523196352183