1239.613340810917 0.3764045059241047
1239.5727050944854 0.37641684522998275
1351.6377055340072 0.21893650059973563
1339.9357229175232 0.22084852599044136
1267.3944452264145 0.32930767820708934
1258.495795106456 0.3318386572466653
1243.6591529997609 0.3707364947360798
1243.34565895429 0.3752746018169158
1240.0687861653757 0.37626626223509885
1239.0635129069522 0.37657153343994976
1238.1099163574702 0.376861570140389
1231.8543160483878 0.3791375690894173
1198.7008008705136 0.4330772159297554
1193.3471468001287 0.4395591710154219
1190.6312175732266 1.2054590780481105
1185.143133750825 1.228477575474502
1183.8785427175835 1.2869962115837628
1183.16505680485 1.2877723109634942
1183.0853837720933 1.2878590339734495
1182.5359206219846 1.288457435315314
1180.5387776145121 1.2906371466523405
1191.4769544806268 0.9012050776718402
1191.3300451140433 0.9137397466075234
1191.9781806517065 0.900826121431054
1186.694827340708 1.2094577112528775
1214.4112456219113 0.38458327238209644
1239.072675945574 0.3765687486642285
1190.8250089813132 1.2052629051340686
1240.2299626545685 0.37621736382353416
1195.6357602041178 0.43418741965792723
1225.7244826247095 0.38103363152116365
1187.1960535117876 1.2089470863599618
1312.353757766434 0.22549013753114752
1253.9505374889782 0.33304148952715085
1276.4061114603658 0.2898360673647461
1213.4886882148942 0.3848756526490052
1185.7722699336907 1.2103986964641886
1323.8719395991031 0.22352828885993553
1291.0540361877759 0.23620738571037064
1204.058556055757 0.4242346260029476
1247.239292196488 0.35577837847661686
1277.164724840847 0.2826539705397518
1244.9022189979155 0.36564511383549936
1285.4047474161937 0.2670308077620842
1248.8555656869225 0.34163376125444106
1241.8525697026628 0.3757257974644923
1329.1824356347338 0.2226352240254795
1184.683807949183 1.2861214015328155
1248.9183787150741 0.33994287915198546
1279.3909568568486 0.26828598886381655
1350.707090082105 0.21908734432591398
1246.9086968878323 0.3650567316722358
1253.1730370428654 0.3332781884358627
1248.7448048850545 0.34745747655456516
1181.1679137973777 1.2899497028787463
1244.7954864178844 0.3656764653681819
1185.625360567107 1.2230319882657077
1182.1474626381075 1.2888808271453966
1240.9850906761583 0.3759884390155197
1242.4817240148411 0.3755355415427331

1232.558485938799 0.38345956632595907
1232.4488131707205 0.3834936895054662
1228.5111703775478 0.39950984070643764
1228.1458189030106 0.39962868775794214
1227.9593670149402 0.39968936690202544
1208.6899074169673 0.6622722812335392
1379.2904556467406 0.23672900078822828
1299.2946917043244 0.29122717504171414
1296.4841923549543 0.2918584930252268
1236.1648286106883 0.37155216623145537
1235.8405417353597 0.3716496622165277
1232.524716102811 0.3834700727007958
1230.157688712327 0.38548385835864507
1228.6743844280163 0.39945677081246883
1228.5866958754134 0.3994852814468242
1228.5308015251292 0.3995034567910865
1228.4831058349178 0.399518967458692
1228.431475521308 0.39953575902581967
1228.1710243058162 0.3996204862926345
1228.15331440817 0.39962624879624586
1227.9674369281984 0.39968674023748685
1227.1686004932326 0.39994691991495424
1227.147298373261 0.3999538626163574
1226.881256134057 0.40004059034217176
1226.845951402506 0.4000521022403325
1226.808041788104 0.40006446425657305
1226.7867396681324 0.4000714110395292
1224.1566261601104 0.4506335445458749
1217.5585169987362 0.5381483733049284
1216.353572356213 0.5557173317396616
1216.2758513361975 0.5557528425309147
1215.8329366934636 0.555955297213848
1213.4029611227961 0.5570686600734233
1197.270008720692 1.2259156719813498
1205.9824325191075 0.7080938353654128
1207.8817135799395 0.6627154077169604
1248.770251024227 0.3349232331921856
1261.0490523500805 0.3040109703955311
1204.0445476722714 1.1945643283911835
1236.9826431372508 0.34790665935445464
1212.9057169894963 0.5572970365409315
1200.8326277648828 1.2100847071330736
1224.8773303712796 0.4307189258845668
1205.3507969937282 1.1932697684611702
1208.9563209009702 0.5591176041646002
1277.7275776260608 0.2961428783706543
1266.5556919304584 0.2987550606914182
1302.1440837101409 0.2905899027192258
1222.5648738384339 0.48652428211303206
1220.9331246461388 0.4957840792590805
1309.4632422397297 0.24491767591576685
1222.997231020016 0.45106074284874775
1225.7078599402219 0.40042355770448423
1289.7687058743595 0.29337812344828706
1291.327718926607 0.29302392960810525
1283.0623525797382 0.2949115620538243
1284.1543209390013 0.29466078682432684
1212.0194579709278 0.5577045461080492
1235.8086190373904 0.37165926245699743
1216.5388216361787 0.5385994459635788

1217.7302764995175 0.5253698286512921
1217.3829507090002 0.5255197194403359
1212.9464255808855 0.5302810480704981
1206.7134664481885 0.680378788591682
1205.4372230688127 0.6900999272496682
1199.7843552002314 0.7421012009351373
1406.9458828126435 0.18160640255079516
1323.9354759129483 0.22145221495266595
1270.7816126322361 0.30168263556097014
1230.9114006427312 0.38397267442862365
1228.8918482326478 0.3858809324159554
1227.8509235736608 0.3994671390688871
1227.5182989735058 0.3998329820370414
1227.4270074170229 0.3998627201599952
1226.9622618900576 0.4000141791056911
1225.802376406146 0.4003926827279991
1225.6709759436862 0.40163884136288586
1223.5060602291678 0.45087315662541494
1223.0917474859405 0.45102588637341057
1218.7301956261572 0.49668023916367987
1218.423693264435 0.5250708355760731
1215.7555558542956 0.5290557782879522
1214.8284266641094 0.529459541522761
1213.9837704964623 0.5298279247566521
1213.0241466009008 0.5302470718433419
1200.9873143353147 0.7413578813278728
1198.8624266461118 0.750138262463926
1198.7847056260964 0.7501868963100516
1198.362516104084 0.7594124523970621
1198.3474603465515 0.7594219934776991
1198.2697393265362 0.7594712503770584
1197.9586410447337 0.7596684777211216
1197.718324163686 0.7598209018391407
1197.6406031436707 0.7598702105009921
1211.7164859401723 0.5403635368065826
1209.226157839582 0.6711162342044357
1285.107132340183 0.2823366643319598
1212.40990270509 0.5400544852764558
1224.4338597835765 0.4029332911763472
1201.4816643927504 0.7410528493643597
1223.5704909204642 0.45084941457754446
1304.830672246616 0.22989533810290716
1221.7232308633709 0.4536288485739452
1218.580244761583 0.49674135752794
1205.9317340721884 0.6854369907969731
1233.500656254839 0.3723546619618065
1220.8732626013054 0.4821536044673518
1205.0827315984238 0.7033914294226484
1236.6486563048716 0.34477613555091097
1204.3121458996845 0.70384149826732
1232.638862951732 0.38343456197517295
1203.02386318449 0.7114942885089877
1228.8557612692766 0.3983376706393857
1230.9711042787603 0.3839540512743356
1215.0599011888687 0.5293586770339951
1198.5443887450488 0.7503373142476908
1216.100542047393 0.5260738932251128
1224.5115808035919 0.40201912206259444
1299.148961561354 0.24300478100429543
1258.1426709382304 0.31963766186761083

1349.3268177457612 0.17233242439095725
1342.1802590124528 0.18440853148066583
1340.371716971847 0.18465735095186642
1339.7425883599167 0.18474406404428914
1295.1054140018357 0.22602075161333715
1273.8463326475437 0.2645594671154125
1205.1714600330579 0.4870548674890708
1194.9768239576126 0.5668879007610254
1366.4689680705285 0.16978736919590734
1364.4101622060239 0.17004356725210928
1363.6005104856863 0.170144532355671
1362.103320749651 0.17033155094934513
1361.2885559930041 0.17043349858127632
1358.8921443616373 0.17073405872511802
1332.7947649564276 0.18570712990076746
1330.1258905273316 0.18607974802197136
1308.5351423039633 0.20158330184031903
1298.4641299382322 0.2254361074303391
1272.824165512072 0.2691399697684542
1271.6071264047018 0.2693975602315486
1271.5126099387774 0.2694175855974968
1260.2686225216282 0.2904050736057792
1237.9711539039847 0.34680402936904536
1216.7565359527612 0.4411582797105292
1213.402132514735 0.4423778447751692
1195.4614379572959 0.5666580967671555
1193.8195372486184 0.5800396197269857
1193.4225213539796 0.5802325815191686
1238.246095461721 0.3303819677377162
1307.2770478182151 0.22391634549060152
1237.640361147301 0.3470118407880292
1215.2633909569913 0.44170031305292545
1340.0310700729624 0.18470429236640734
1279.0415637805518 0.24362599246990693
1228.1062952977875 0.3593482919860391
1219.0806159915162 0.4252129934498823
1219.061768733625 0.42521956743911876
1309.3304497054323 0.1951675692822839
1205.810471593335 0.486796755871908
1314.7211488411317 0.18826006622392494
1270.6194154645225 0.2696069753516544
1284.6273791329595 0.23751813777472905
1198.4055040722924 0.541925244607998
1201.7806432387088 0.5198561418548878
1201.953715470493 0.50118291448843
1264.641003307359 0.280820504782541
1299.581995893895 0.22524219327142508
1353.5520983835943 0.17140764027746375
1208.872222907546 0.46859875031326303
1200.1630230574954 0.5411316491649948
1276.8818154792173 0.24403806727355687
1303.7958045268706 0.22451422076589775
1266.1198435037759 0.27163493076944545
1193.8823502767698 0.5795381862251947
1358.9767447287986 0.17072343001928394
1224.5100347479852 0.3877690635433146
1258.0876860978028 0.31148271305773695
1236.052643414232 0.3473423132130047
1213.4119268615416 0.4423742740157796
1274.2105970459331 0.2623916742604868

1176.7977870143432 1.0307530923644663
1174.5591897429517 1.2395473776498998
1307.9419766149256 0.14572086619496083
1287.7065285691197 0.1584253747395803
1286.6510954219793 0.16207255599768003
1280.5694085943655 0.17430369704513898
1279.3394023295662 0.18696998095090112
1272.204061279743 0.19291913547777498
1271.9446651606936 0.20159011136446411
1246.9759712363816 0.23696436055713493
1209.7901260084723 0.30417504804837514
1200.9453002736254 0.4082126127676144
1195.6850449431925 0.44892591431918266
1193.1062866074376 0.46776399831214843
1186.9698072650026 0.49210592853237095
1184.5157264774116 0.5253777826247776
1182.8495366820603 0.5473867773822203
1176.1686508314774 1.0781549504265593
1175.6733576870477 1.0786091605624681
1175.196656901537 1.1919857497348578
1174.550249310822 1.2395568128266476
1174.5502493108218 1.2395568128266479
1181.593864277737 0.6221156659475762
1181.4976717106208 1.025016805326876
1255.3195685027595 0.2170310002255727
1227.6889138084564 0.27248282962021414
1182.2230004606029 0.5785033491339311
1176.2946516204647 1.078039462037475
1235.0712803284525 0.26598225173671763
1175.1793854936875 1.1920032681429311
1190.2971563340272 0.46886793273850386
1199.3431846478484 0.4186781665602846
1174.5675207186714 1.2395385857848735
1207.9547328131273 0.3775550071328008
1204.5447283646927 0.3928364383617008
1185.7666183605645 0.5086431295799718
1184.2907566569875 0.5254775842526697
1186.9647855593973 0.49831939051846447
1197.5696172573737 0.4389771842495135
1213.129468778541 0.2931294409697997
1289.684062181136 0.15599442678988815
1287.2872203073382 0.16199246634520975
1178.4669467798258 1.0292931518929727
1206.4248277159566 0.3907364401522628
1296.9482324060498 0.14695608737712879
1273.3702032290819 0.19274246172167456
1180.3470461310894 1.0260160119242274
1196.5364498287684 0.43935622571434507
1176.9237878033307 1.030642740526705
1184.8528649023672 0.5252282914572347
1194.2623206842698 0.46494761476418595
1188.5885708666206 0.4821341581630321
1283.9478775372695 0.16381175111312754
1194.5909625996703 0.44933706920967104
1194.2063311351149 0.4655789096473983
1176.8556321820784 1.030702428473424
1218.9071433530166 0.2846757988389472
1265.6626367323508 0.20259068985490125
1202.724669630498 0.3934309097389029
1179.6312050386377 1.0282772724827711

1243.025204976216 0.37878987938253683
1226.516978259416 0.4001594031581401
1224.4382044514446 0.40850857140942126
1220.0492699150507 0.45984801848279205
1216.319614697776 0.4976645922050713
1194.23682415468 0.8713021194462048
1659.1883991906438 0.25923945567402207
1548.2422299082973 0.2752567844306358
1276.9677013097667 0.3180013715447678
1251.7947239652788 0.3753235967797675
1233.8769719266963 0.3830498122932402
1230.4561303820967 0.3841147447838743
1221.7857572747066 0.4465220985861378
1218.294230514964 0.4882297582000638
1216.727932369615 0.4888582580844083
1216.6418030482898 0.49753280178518766
1216.5640820282745 0.49756458700506806
1216.5323625328738 0.497577560353016
1216.4918521837158 0.4975941301645333
1216.4141311637004 0.4976259232211571
1211.973266451958 0.5453020568563776
1208.0521423208759 0.6834208009468207
1207.764559654174 0.6835835313190979
1204.5408749163162 0.7021656767029079
1199.5501193440246 0.81989403833496
1197.9315498032333 0.8226154330694029
1196.8252457387837 0.8233758304626931
1196.6357838967022 0.8235061945247277
1196.2107765739559 0.823798781892986
1188.956475543626 1.0089951651965587
1178.9409226772173 1.0518602851811585
1178.515915354471 1.052239616777689
1178.5159153544707 1.0522396167776893
1210.3946218209862 0.5683970167534727
1275.7559698085227 0.34795776698707126
1195.58164039109 0.8703220598689548
1192.8360626437272 0.9496005090746205
1192.2069264608615 0.9806159301010805
1208.1703736900492 0.683353921491094
1208.769429601941 0.6830152570638189
1214.9729111887732 0.5205156232719
1223.037555763426 0.44606507608052787
1189.3100908092172 0.9858381159377135
1185.9260070406885 1.0115735116107458
1179.957135329398 1.0279932395290579
1233.9277006897996 0.3815826220605781
1211.8358417959134 0.5453638952217892
1268.1669499950212 0.35004003098861847
1229.8611137988935 0.3976150814672376
1210.5809064498508 0.5656550814081046
1219.462600799564 0.480468140615187
1219.896529972144 0.46706630255146425
1206.7073260844659 0.684182439970258
1226.5217710288246 0.4001578394910358
1230.4609231515053 0.38411324861819884
1195.7190650471346 0.8702220332713855
1213.4702286588583 0.5269561042613446
1256.228770588975 0.37075196479625977
1223.7749549388352 0.41586798467586766
1196.0066477138364 0.870012786296522