1254.6163742264953 0.3235206649207999
1230.4362129618867 0.3826654015074722
1216.8734707272442 0.5054737758309792
1208.6015238659331 0.6647018532068342
1207.3291073913906 0.6654023892773234
1201.5326018937615 0.6752510226481254
1315.1470639508943 0.23547545627686048
1270.7784986019294 0.25097787778150427
1254.6818525163953 0.3235037812942105
1244.0018465734647 0.3530924433441972
1242.511818584012 0.35900355092148845
1238.6988060534115 0.3794816195389462
1237.843945984481 0.37974369109044454
1234.2717141238575 0.3808427461013154
1234.1312593912967 0.3808860892754263
1232.025817021691 0.3821716728311905
1231.9494843527848 0.3821953525227186
1230.9672927665708 0.3825003070586707
1226.8631476172352 0.3985866947803209
1222.3238753738055 0.4515183692650054
1221.768909696092 0.4546379834820642
1221.5259581815108 0.4596091132431559
1218.7984119425162 0.4878602163958237
1215.5777048207128 0.5060125942732474
1207.724314572311 0.6651846476956802
1206.9423684862757 0.6656156032618593
1205.6929086760217 0.6663053808489787
1203.1708320615053 0.6677020846040775
1198.5760127783753 0.6849412474341873
1193.4382707018108 0.713705141607091
1213.6383564052471 0.6505966241677482
1257.2043151183416 0.3228547012838337
1215.290122154011 0.5407870502545474
1197.5934497710805 0.6855032060287569
1215.1526974979663 0.5426144697548037
1246.5766801461702 0.3517578965701944
1214.653204866639 0.6244519638463021
1250.443798216875 0.33727627041326663
1222.6434342288246 0.42798922493430475
1226.2471267190194 0.39878692989474873
1218.910152764582 0.47546653324072746
1199.2316799388243 0.6845667630953458
1219.3502682281076 0.46637082116265133
1247.6002449252326 0.3435102916735393
1241.9849264221882 0.3591558524132564
1248.9916165715708 0.34312762258775964
1205.3274123113135 0.666507427356839
1255.4130655018316 0.3233153571235368
1223.1983999065385 0.407458452112576
1240.7241112352665 0.3595208240851164
1220.4442840614317 0.46001646267290064
1254.0212978784823 0.3236741866322042
1234.1229495030595 0.38088865394763677
1206.9636339461058 0.6656038757984333
1250.0326275159994 0.3373872100139154
1265.763400449027 0.29909425539160595
1228.5863143848019 0.38324158583694096
1208.914632981913 0.6645296953025706
1193.8527023313577 0.6949555396864326
1222.7062472569762 0.4279672382148497

1241.600633703547 0.3675938930272206
1240.4567879006784 0.36793285746016224
1225.1653501607866 0.4006008674006346
1221.3256757101026 0.4018602996274939
1218.8492657184934 0.4307909153181214
1198.6818871432386 0.9634481967462941
1349.112619545691 0.2076854099234986
1283.381702273423 0.27221112688488097
1282.2564585894197 0.2726067420881871
1244.5689955009489 0.36671716246992353
1243.88766744323 0.3669180284311975
1242.2838003639608 0.36739174284848175
1242.2452556995986 0.36740314236186494
1240.7882895389937 0.36783455677013605
1240.1727256911227 0.3680171326730363
1238.436762859299 0.36853299596372197
1236.8990149159972 0.368991166638731
1227.3175260768999 0.38509703678741297
1227.153917804323 0.3933995673985983
1225.6352380743547 0.40044728377321526
1224.005955020692 0.40098032200776035
1221.8446252218296 0.4016896190008666
1221.3853793461312 0.4018406559331539
1219.43593483398 0.4101843216123325
1219.1332440264991 0.4174513546413898
1219.0387275605744 0.41748372114939664
1218.9269867385087 0.42987078162531694
1218.3590820215545 0.4468924437235236
1216.2929487321921 0.44765158596446497
1216.1984322662674 0.4476863750619908
1215.3808056700386 0.47222799907143764
1195.992475540336 0.9656146892720556
1186.0813389305458 0.9736835617714954
1185.6563316077995 0.9740325858797119
1346.7237815178232 0.2177049574819988
1207.915228890804 0.5923766597260222
1285.5099542452945 0.27191680200003987
1206.1633600875857 0.9552140768285277
1257.5720132157253 0.3187033634180327
1270.7617535064282 0.27507261273254074
1302.8566412420355 0.22503507624279584
1300.9185468540427 0.2253703310667219
1310.3347026723773 0.223750804277249
1245.6150630061575 0.3454955803237561
1250.626742827099 0.3386589948441716
1215.7062796167052 0.44786761130248237
1235.3440564463071 0.36945562505160123
1231.561374656797 0.37059039031273505
1228.3535921833536 0.38477222315878834
1211.222506714843 0.49765543184462013
1245.1229103565952 0.34563214239634676
1219.3414183680557 0.41021611678624553
1218.9674970876667 0.4293912289669674
1280.4794168989615 0.2728281101505995
1201.3478277673175 0.9590429964415025
1242.3723411252522 0.3673655597602664
1224.1912264916255 0.40091963686930643
1204.343390030379 0.9566575696333551
1222.0635731299594 0.4016176513031694
1237.5091666297694 0.36880923619428463

1388.6947790808715 0.16826559942538963
1385.056827714002 0.16870756112340674
1359.4151167702635 0.17610217094162234
1348.0726599291077 0.18537157074394128
1326.4465907197746 0.18711206959981616
1325.1996039497562 0.19556550796873978
1323.7892839083283 0.19796345514587207
1323.3929992973178 0.21685217753269076
1320.7038628580792 0.22521885749193926
1317.6168281556982 0.2405850206331142
1314.0762827724095 0.24123323428346172
1290.6935346408222 0.25324496904456356
1284.178287776175 0.25449995347725346
1273.0509965127858 0.2567545566685792
1268.9745413722922 0.2575491499948477
1264.874033639901 0.2583840807886957
1258.6193492124926 0.262279178082945
1258.1900279154856 0.2690149396638644
1246.541995193206 0.2930086014168851
1242.1350276779215 0.2988788615816621
1240.602944549478 0.2992479621575469
1239.253150013461 0.2995739030391417
1235.055132868523 0.3005921704408676
1232.5452405289527 0.33785858529192053
1232.1670471383954 0.3432119795771576
1230.5410656684546 0.3436654844089943
1226.9970459461554 0.3446581169981623
1224.4780662149988 0.34536714301900456
1222.9726130376587 0.3457922825987989
1221.3900130778334 0.346240338376797
1218.956128487507 0.34693167500855127
1216.8627408598575 0.3527971135970699
1214.7949912178196 0.35373924061210354
1214.2324164018864 0.35390313410192276
1212.378551249636 0.35444429237868996
1211.9293525875555 0.35457566629217646
1209.5505327074 0.43977080243382055
1207.8840204853122 0.47965298013642016
1206.1414659032625 0.48034595150168585
1205.9012894972498 0.48044162082825453
1205.817322116143 0.48047507649681703
1204.2750133873797 0.4913361709989448
1203.4628324800187 0.4916677590184591
1203.3054161993264 0.5057408308403382
1203.0684643847087 0.505840439641617
1202.2562834773478 0.506182158751672
1201.200232759832 0.519436804280862
1201.1308228473074 0.5301202320972545
1200.4540299531302 0.5374260103917328
1199.8927857786916 0.5410661249987186
1198.9609438851205 0.5486778566089284
1198.8060629468405 0.556678176780088
1198.7510813264055 0.5657884897184066
1198.7049362438936 0.5741156400803664
1198.3963673794183 0.5742634661385548
1197.1898183767473 0.5889225317092956
1196.983558274699 0.5925685587722205
1196.8474186913932 0.5926359625493531
1196.7430634238515 0.5989383484356551

1298.8898852852117 0.16783942727064563
1298.3402368698214 0.16791048158493058
1329.166619236303 0.1640162574645181
1327.9010692390589 0.16417257240317623
1319.4873279166575 0.16521942259052474
1314.3107643328838 0.1658701582228608
1307.36329733569 0.16675160980745177
1302.7835729564774 0.167337798049736
1298.919191507409 0.16783564047653154
1297.070260295883 0.16807488468988105
1283.4397178619297 0.17227203051006593
1191.767741628725 0.6047054756944213
1190.8493101017668 0.605171849205067
1181.0771107116527 0.7112054479811906
1280.0102919697426 0.17273358473790085
1224.5955605571548 0.18719488958420255
1253.6880241247748 0.18710774300417404
1296.915767592621 0.16809490630110285
1191.799961258717 0.38052815407857205
1210.2956780580307 0.3479173073500206
1273.9246477575364 0.1834846711000586
1200.303624636905 0.37783226675324116
1186.7686111166643 0.6846533183611431
1278.9291048082257 0.17431010326110707
1194.657096326617 0.37961808512515927
1293.7239711714144 0.16850961974254056
1221.7930119254374 0.21300238875375074
1287.5801697278773 0.17171805797542622
1287.8287085626755 0.16928100218950412
1281.474555157711 0.17253621255564447
1275.7001401097457 0.18129641767359372
1220.474834376511 0.22698849967798143
1300.8821694162382 0.16758238336968884
1206.0155767089627 0.3491520520459527
1214.9710721201977 0.33969053452498155
1195.4340296342134 0.37937136474813443
1283.3114210398237 0.17228925310599225
1286.2028359179665 0.17190194272549597
1276.0283008795182 0.1747063636199132
1295.8790510824579 0.16822938394737016
1279.4187578182268 0.17281344742074947
1196.1855797497683 0.3791330099327601
1298.1993730880395 0.1679287010556276
1305.0035671609571 0.16705313297202362
1289.8313079498173 0.16901817554764015
1313.1987391626847 0.16601061814368462
1316.9722517462103 0.16553494892914086
1309.8208347204436 0.16643874387632074
1294.3964472102402 0.16842207416727825
1306.1509016228906 0.1669063920279301
1283.9886310007753 0.1721983831437891
1311.9995274333667 0.16616235743650182
1280.2069350948886 0.1727070524086427
1291.4956432815327 0.16880036380144545
1301.4623340638466 0.16750767865342597
1280.2503279111822 0.17270119867423278
1303.0475121298919 0.16730390289266223
1302.503484960287 0.16737378206750167
1300.3900040482079 0.16764580914590196
1302.9066483481097 0.167321990957911

1320.308060108307 0.22306284648002261
1300.90087765655 0.22639055686457119
1287.4288507976828 0.22875957295488458
1245.787416186245 0.34970185651718816
1245.3139802782482 0.3498348040457555
1245.0143136506592 0.3499190069459087
1237.9190474189984 0.35192460538869547
1350.3924218433954 0.19150623897253588
1346.6287432822849 0.21998414642674813
1327.3179150403319 0.22188480301595773
1322.4433794427825 0.22270267196042037
1319.4070796218998 0.2232151688944048
1318.330275263753 0.22339748972187864
1315.6881416439037 0.22384611124509665
1314.316570774748 0.22407970854743955
1314.3132661534733 0.22408027195845517
1312.508814593562 0.22438833998191146
1307.9073708796677 0.22517777686365828
1307.727914782632 0.22520867742372
1307.4735636653277 0.22525248869480127
1305.4166175950636 0.2256074192320665
1305.3601807235866 0.2256171733038633
1303.5211083801125 0.22593548522145973
1300.0754212066443 0.22653429894469465
1299.319783332833 0.22666604318363853
1298.7775731472027 0.22676067111677478
1298.719690902227 0.22677077754451924
1298.2816019218633 0.22684729852314492
1296.4924061901963 0.22716035413096797
1296.4759538053172 0.22716323681426376
1296.3531632714405 0.22718475370944005
1296.1766565230992 0.22721569057437138
1295.5068653635715 0.2273331635611394
1295.457074889786 0.2273419010377723
1294.7452003593055 0.22746689776223586
1293.4052728019954 0.22770254637995582
1293.294289120063 0.22772208660927193
1293.2394390639772 0.2277317449670711
1293.2062221266203 0.2277375944216881
1292.0659918893539 0.22793856967601098
1291.7488709572865 0.22799452799213182
1291.641720040413 0.22801344176855873
1289.5582352973333 0.22838183345040652
1285.2809808446518 0.2291418596459201
1281.1983494316569 0.24630147095697963
1268.9457533996137 0.2616637277199607
1264.0387956192344 0.3062096345338518
1259.813061566384 0.322804610281712
1245.9043277429485 0.34966904164728435
1240.9418359851484 0.35106735838285874
1239.4363085208183 0.35149379542221415
1239.1443222980065 0.35157661979046595
1234.387887277429 0.35293134091501943
1226.323048061626 0.38668924390186526
1264.1007373002667 0.27986300123466623
1282.4555978525561 0.2299532099513178
1327.336762298223 0.22188165240623806
1233.7099029186984 0.3531252940706843
1250.6152212802633 0.3436344263154681
1256.6271024005218 0.3236230251519189

1307.7963024853784 0.15466920013843485
1299.52261883399 0.15565393408150918
1295.8489248823225 0.15609520845015554
1289.29701641468 0.15688844810322403
1288.7731840777794 0.1569522166882768
1286.6435976009725 0.1572119959455532
1284.4162730191256 0.15748461951042572
1283.5784332068997 0.1575874156315084
1283.3866215710784 0.1576109682379242
1281.2599893753938 0.15787257053740064
1280.371002296152 0.15798218460638752
1277.624500291367 0.15832179799564453
1274.8634930023734 0.15921582630551595
1272.8347149566594 0.16430481681425121
1267.1727390114215 0.17683818460686124
1267.1024999486394 0.17938051867826083
1266.7461391769368 0.17943098197006616
1266.0831907405009 0.17952493589806648
1265.7268299687983 0.17957548048887528
1264.880758317256 0.17969559752153202
1264.0026103394928 0.1798204385023067
1263.2682050188866 0.18015112372060077
1262.9205979157111 0.18020070863540355
1261.991215343969 0.18033341589674184
1260.7862744940908 0.18050576160180537
1260.1902373355729 0.1805911361254715
1258.3474296274528 0.18085560580199694
1257.752278372784 0.18094118421243416
1256.2727423059948 0.19913853602457343
1251.1959034528943 0.1992613229515228
1240.8697469177612 0.20999280744344148
1238.3862798886764 0.24286271925541725
1236.684977086098 0.253915958859363
1229.523299881777 0.25539495818743696
1228.4511578299582 0.2818710178657631
1219.4406162157259 0.28700607716226
1218.4066281742314 0.29990512185089546
1217.9863942028499 0.3000085961762187
1217.6007268374308 0.3001036220105009
1217.4887772336735 0.30013121691092093
1216.5738686553684 0.30035692669480146
1213.4090906137749 0.30114030883162346
1212.5465912411025 0.30135451365420907
1212.0448300618912 0.30147926811244485
1209.1484488170072 0.30220142832257996
1207.7310748539278 0.3025560871079901
1203.1869749711682 0.3036987566253264
1197.570401138414 0.30512309584403147
1194.899921682017 0.32816746593698415
1194.002384588399 0.47342093995176976
1193.5109946907392 0.47855647122581524
1190.9678622717533 0.5052025483446275
1189.8999072500653 0.5447356382859118
1188.9846616255852 0.5885947605089215
1186.6345310739705 0.6247967622081392
1185.2617673653883 0.625520398407344