1177.3784902072582 1.0302447073236136
1176.9407472621492 1.030627889190174
1176.6331713281218 1.030897298844242
1313.4204611685293 0.15417865591208943
1252.598816095442 0.2173452572457241
1251.31855635907 0.2175676293829621
1225.6415648951836 0.3013182568055418
1215.4737389546772 0.3314168243165603
1214.2321165814078 0.33175571713477026
1214.0705540205845 0.33885096702044615
1194.5436159765115 0.4493548790180385
1181.5013825044482 0.9774579359294573
1180.9018413683511 0.9779541890648705
1175.2804074345936 1.0320838757964232
1175.1429827785491 1.032204570702251
1172.9594157321114 1.1942592807342325
1172.706324662776 1.1945170233182607
1171.8554214924109 1.195384381444148
1288.8970306252345 0.21153811219695673
1180.7560636253115 0.9780749286137661
1185.5632847671832 0.5343762831370367
1239.511840689436 0.22063131386857843
1296.416033075214 0.16223630747488688
1229.3122662235749 0.2606012786813482
1179.2658750757391 0.9793108806497313
1173.5316681808017 1.0336218364972272
1225.5470484292593 0.30134149502947477
1265.9426801980153 0.2150542960344534
1222.9259188901235 0.31868324996221886
1277.749695298069 0.21306709202262394
1210.2436757720477 0.3463934135314153
1247.105125283575 0.21830269669371147
1189.6861770643732 0.48716063935876275
1201.558390357104 0.41003496619738794
1256.5035693470938 0.2166698277279215
1219.5750834038574 0.3303022930578681
1271.031754365464 0.21419324180918412
1183.9370468258523 0.5568960069100783
1243.4529109002306 0.21894388562961611
1195.1497089688498 0.44912699891130214
1181.658255084447 0.9773281722286666
1177.5353627872573 1.030107456969717
1231.9397232047047 0.23928612099105592
1265.7555124660892 0.21508609619209307
1202.4184952542262 0.38355845177139575
1192.58605076234 0.45009247064039715
1177.6545604779917 0.9806508134030876
1227.1453853003593 0.2771217631320574
1231.2795178248118 0.2420223608249418
1266.685237996339 0.21492822663710567
1225.7961701356746 0.28718059889998576
1181.6876644862602 0.5787654265536897
1230.6296572112085 0.2516795647096478
1191.2260465434895 0.47266872677050176
1177.5526341951065 1.0300923481707547
1259.1573565238114 0.21621317661324801
1195.4623095849267 0.44900955700164863
1197.8161139449692 0.44812721734978805
1246.5729860408758 0.21839588612826416
1257.0534227659587 0.2165750531993427

1260.8998010596897 0.3090872476858897
1226.735098646372 0.3921124896777562
1226.5921246384798 0.39215819508631683
1226.482451870401 0.3921932620982535
1226.0196555958223 0.39234130669100165
1226.015906171454 0.39234250655639386
1225.2076480561384 0.39260133126697294
1224.2030270416897 0.3970622959774623
1222.795946523691 0.4013771090580764
1222.045050611 0.40162373861603645
1221.9863386676975 0.4016430351575971
1221.9822375828485 0.40164438310858647
1220.0957385179179 0.40226540138547134
1207.6031958517667 0.4454673935754575
1371.7765135036236 0.21896604659595145
1296.882169780161 0.22607176690927425
1284.1131938511292 0.2676601564715498
1276.1236589752916 0.2775834447462025
1274.5669553938478 0.2779224737322885
1271.7174605780992 0.28530933348135407
1270.083522596882 0.28567637844184435
1266.89871992065 0.2863945281094475
1266.5624257384725 0.2864705707992143
1264.9968293638997 0.2868251149977879
1263.8075088255734 0.28958656643784775
1254.032654222784 0.32963782736608266
1253.9229814547052 0.3308911507913138
1253.8379981336482 0.33186247780925093
1233.395331161738 0.3817473242896935
1231.8844471615762 0.3878987303780537
1226.828204824379 0.39062288981760057
1226.6831004928752 0.39212911102471865
1226.5903121846363 0.3921587745533327
1226.5734277247964 0.3921641728351886
1226.17976106292 0.3922900776704582
1226.169552665446 0.39229334365682145
1225.9429136403614 0.3923658665940351
1225.9099828277435 0.39237640645994004
1225.2049111022268 0.3926022082890446
1224.7887509187271 0.39273560713592437
1224.1126116606142 0.3970916237847731
1224.0934970066394 0.39731643947516465
1224.0893959217904 0.3973177706103216
1224.0348906405989 0.39800577799296677
1224.0307895557498 0.3980071115014699
1223.6138526285743 0.401108814622578
1223.5732557016634 0.40112212300861433
1223.0854882292583 0.40128209083257155
1222.2399094402429 0.40155970868958885
1222.0767540487732 0.4016133195869835
1222.049151695849 0.40162239080361245
1220.7550823301217 0.40204813323143596
1220.1861538989933 0.4022355936553611
1220.1734595379332 0.40223977840779707
1220.1693584530842 0.4022411303672193
1220.0916374330689 0.4022667535171411
1219.1773069909598 0.4101380475588778
1207.0174719747295 0.4456835635107873
1200.6753820765798 0.4825246790942425
1198.767060277184 0.4871588883967155

1225.6196219242975 0.4081147957587708
1220.6524289192248 0.40977553464785366
1203.383362083189 0.6860722764699334
1191.1671445429727 0.9672397579035923
1191.104331514821 0.967290765406911
1190.483731022715 0.970082893655741
1185.8742683321918 0.971556809416928
1184.6952157479923 0.9748227960146173
1181.3705327901391 0.9775662000922373
1178.1407696186504 1.0295781194681208
1177.1764100200414 1.0304215644552746
1176.6928749641506 1.030844992657621
1503.0093054681681 0.24137688936053386
1335.5901092538718 0.262474444561728
1269.072272553835 0.3317114881647006
1253.9625745343767 0.3367891449576958
1218.3429269258315 0.4268940198984435
1216.7830472240933 0.43152244108886617
1216.6307894478496 0.46114009614735446
1208.1573661154544 0.5600877913516478
1206.4507657872894 0.5784414552224034
1206.2788704856555 0.6844254532602901
1205.453796576384 0.6848939088625953
1204.9176401616808 0.6851986684995931
1204.8652792422326 0.6852284457974416
1204.8058993396146 0.685262217875089
1196.7288836855096 0.8122978991157299
1194.8316401495285 0.8247496530185324
1194.394410863208 0.8250515672764214
1193.8039725449878 0.8254596259452069
1193.3895409154409 0.8257462855531362
1193.3118198954255 0.8258000668385613
1192.8868125726792 0.8260942867694312
1190.4060100026993 0.9701462298883885
1185.1979440907542 0.974409303018641
1182.2353318429998 0.9768511154545363
1181.6732235976199 0.9773157921989528
1181.2993023172314 0.9776251457824571
1181.2587919680732 0.977658672674507
1181.1810709480578 0.9777230020403732
1180.7560636253113 0.9780749286137663
1178.5779989049709 1.0291961662102083
1178.4309358117216 1.0293246054484897
1178.381978166707 1.0293673702816015
1178.1890153789586 1.0295359591877908
1177.6202868962475 1.030033170751213
1177.5503313004301 1.0300943626869257
1177.2476404929494 1.0303592178318404
1177.2476404929491 1.0303592178318406
1177.1952795735015 1.030405047573892
1177.1358996708834 1.0304570257281553
1177.1358996708832 1.0304570257281556
1177.058178650868 1.030525066690424
1177.0581786508678 1.0305250666904242
1176.770595984166 1.030776909443628
1175.6169586759404 1.0548343369728688
1175.1919513531943 1.0552158170510646
1298.8353609586736 0.3004742957448144
1341.8400040699448 0.2545004025133665
1197.5124332126306 0.774369350578706

1248.7920118048253 0.3377223882257679
1247.4712713949896 0.33807994644427275
1246.9579641648634 0.3396553916191748
1245.240400114091 0.34012387938285693
1239.3313107959827 0.3515235744235931
1238.9663499388753 0.3683754692374557
1234.9997458656974 0.36955862708151815
1234.9995798100126 0.3695586767716653
1223.5294829063887 0.40113647348959247
1222.7444546440734 0.40139401174097344
1216.6247973828756 0.4975397561694629
1214.6201019547884 0.647019791643772
1321.0721706781083 0.23454129740061433
1290.465400372369 0.24010405918770236
1289.0148654847517 0.24037424948871128
1251.9035484496703 0.33688299801232024
1249.9514206768306 0.3374091293848989
1249.3395528120086 0.3375743765373672
1249.1743367412093 0.3376190241981889
1247.239808411121 0.3381426873804283
1246.2471869306626 0.3398491086621244
1246.061113740386 0.33989985802518863
1239.7297791155129 0.3514105893115667
1236.9279902446278 0.3689825229340049
1235.9623649297741 0.3692707994017952
1235.5279073246431 0.3694006487610867
1234.8694240241366 0.36959762842037147
1234.4556917521686 0.3697215003969373
1227.753826561332 0.3835014457101128
1224.1240330320773 0.3994785771383679
1223.6165038671534 0.40110794553070134
1223.4840777868274 0.4011513601970453
1222.383895938945 0.4015124083474736
1220.3790012994411 0.4461527664091337
1219.3354263030815 0.4465346087320398
1216.5302809169514 0.49757841176246176
1187.9597814902502 1.0674536909319536
1186.2546731444686 1.0689880361601318
1260.2042973604673 0.3170201334601753
1267.404627524052 0.2567814486403591
1284.8865946893566 0.2411465588880238
1292.4850802981823 0.2397288646451581
1219.240909837157 0.44656922442840447
1209.3474536610802 0.8320201869821873
1215.040092367379 0.6467961429667006
1244.8209367461895 0.3402384898491
1226.4175645275502 0.38665944287666665
1221.7533550620235 0.44565088791568785
1217.6683723792355 0.4971133510323902
1231.0878293322244 0.37073294013126373
1252.036142985989 0.33684732105110365
1238.3264249925608 0.3685658331412033
1220.6531732141414 0.44605255566876995
1201.5063230030019 0.9611833750105974
1234.434389632197 0.36972788052683625
1268.9959593064204 0.25133042258369065
1217.6304627648337 0.49712882812172715
1246.3072383827189 0.3398327335406241
1213.4703459582702 0.7790530358883587
1222.157230121374 0.44550361776552183

1306.1885543796366 0.22004136304351443
1297.4738419374246 0.22151930975992232
1209.1591755203794 0.37758881455279325
1187.0820259303878 1.2090632142342677
1365.9858738863145 0.16225253882162052
1350.0042404407493 0.1638857726991556
1349.0314083511955 0.1640039562623522
1331.263911403246 0.18394227439138
1326.906550788 0.18454631302653166
1290.6143959558735 0.22269665579288928
1289.2442803775828 0.22293332169242364
1287.061291805834 0.22331143957741867
1265.0701811884298 0.27592383418666705
1263.985256200723 0.2761606697517533
1253.844172028641 0.27839425559874087
1217.483847047724 0.3672281700117591
1217.4299942833875 0.36724441427400856
1190.7936397452065 1.2052946555359687
1189.5672955684172 1.206537213302678
1189.0638922704898 1.2070480141235564
1187.6038131364483 1.2085319985969252
1187.287157266578 1.2088543205802293
1186.5563225997776 1.2095988892347167
1186.2045988165653 1.222434766750447
1194.1311994662158 0.4263297313493915
1193.2613152607735 1.196645551973605
1193.682564104262 1.1962232574960001
1306.6850068752917 0.21252454646610366
1267.2199706495542 0.25011754158480065
1280.0614570763273 0.2352256930906741
1198.449795541293 0.39425919904941803
1204.273639261753 0.3805997804164898
1330.3687880769123 0.1840660378335039
1275.9385647791373 0.2359857690260798
1197.1421724348554 0.419139973158644
1274.692776304568 0.23621640369874766
1223.5315352989758 0.33031788031183756
1210.8681290404138 0.3770559062052369
1265.7079920094316 0.27395874169046625
1317.557700545917 0.18629987632848857
1333.6575202369563 0.18361214027059183
1342.5717842904598 0.18120990758001787
1338.8062667172455 0.1829060094550597
1281.0926663222804 0.22435185014573228
1317.771611798933 0.1862696346389383
1331.2658876850862 0.18394200132663774
1220.1923391037392 0.34840673750170115
1197.9472677681563 0.4188582849362413
1336.0431169638925 0.1832842881861092
1214.4129606498882 0.3681567799893633
1191.2132725340073 1.2048700622500381
1213.2616449009995 0.3746965212790264
1191.6010928463327 1.2015770905317416
1192.4785199601554 1.1974310826971453
1245.3925643271664 0.28154063404078533
1212.4712918997773 0.37655735252502176
1191.9528166295452 1.1979592021827221
1289.7622136887007 0.2228437977536408
1197.279868395114 0.4190917689896687
1231.2932144965773 0.3176668231053413

1260.394643681655 0.30685019644392336
1252.4192634679653 0.3381742903556824
1238.4223689162038 0.3685372793512849
1218.6052362952357 0.5244268506433316
1331.046453843728 0.17565137980606454
1295.7918664035724 0.23755502157311947
1262.6261716913348 0.3063078785168183
1258.2944848760078 0.3073623453485097
1256.8944132098761 0.336970226933727
1256.321004761542 0.33712402645966705
1256.1119848626113 0.33718012466650443
1253.1995095521431 0.3379637419443493
1253.0589068614354 0.33800166403342174
1251.9500197924342 0.3383010415394101
1237.7352286088094 0.36874187627441224
1237.0398668523296 0.3689491525357879
1235.9334636335873 0.3692794344983118
1235.194599371093 0.36950032874215305
1233.6888105460196 0.369951325347719
1231.8084443350365 0.3836930528144045
1222.1732297197698 0.4296192864035176
1221.8079260330526 0.4809913912506293
1221.7482223970235 0.4818810171945338
1220.690300373699 0.4872714212595618
1220.3260095245132 0.4874168811763784
1211.9020854532791 0.6722855166647769
1201.9074501383427 0.8845572317250794
1313.8491325493674 0.22415943111125022
1205.0803472747648 0.764719443521416
1208.356635426062 0.7286028305791241
1218.74266095128 0.5226066588083624
1222.3626915618513 0.4163484600114388
1239.99519368497 0.3465775079570331
1219.2197054600633 0.48785915689937737
1201.937361172977 0.8213541318472207
1274.3010030491225 0.2558961700455984
1221.8856470530677 0.4800702924354695
1246.5128599350517 0.3447653513405609
1218.185245882645 0.6029378096935128
1231.853698730777 0.3705024476513738
1210.3050178032913 0.7038152611156405
1248.88595996741 0.34411023734885293
1261.8680757507973 0.3064918999400721
1238.8965066647916 0.3683962365483048
1202.727177706696 0.8208147584253875
1203.1296416321256 0.820540184249592
1255.647033013076 0.33730497864096415
1227.4307092556535 0.38506152642709407
1221.4741183630083 0.4869587399674101
1270.6636559512071 0.2749356824389256
1256.9895359313534 0.33551991370516804
1225.8936431560562 0.4003628738297766
1247.7862115694438 0.34441352222148525
1225.8015015419878 0.4003929684914011
1266.4200410066785 0.2758569574764357
1270.704285848388 0.27492689155922734
1222.2509507397851 0.4287017295558886
1203.4310331678757 0.8203346852559149
1263.3267560210377 0.2925759324200638
1255.8901006115925 0.3372396959294546