1212.8526303982333 0.4779428751342835
1186.6597948026156 0.5655689906526802
1170.590166630503 0.6683768099856946
1396.9787800757272 0.18481206406385492
1382.2751368366773 0.2159772912481912
1276.7490696240516 0.2937958753769244
1186.5976759268235 0.5755369733870049
1186.4859351047576 0.5755911762836706
1185.1500248967748 0.5762399870771304
1172.7587120786827 0.6480795505459985
1172.344280449136 0.6483086510488865
1171.5950365782703 0.6678035472548276
1170.5124456104877 0.6684211896312264
1354.3921744414092 0.23672955321075373
1205.1087265177152 0.5020992256827678
1307.6626730815399 0.25257416733697846
1249.731367193719 0.37681188251619974
1287.730057337291 0.29126335431574746
1174.0913761773345 0.6391692287333344
1235.9234008789417 0.38503203809011005
1200.1586352033653 0.5144545080326025
1276.2352428704367 0.2939141609216261
1260.6219317264117 0.34111502546617556
1232.2745256969602 0.41775150478186407
1217.0799572033502 0.43192725878049015
1246.5818515489684 0.3817399598529177
1268.5130183112947 0.30974347400460644
1174.1690971973499 0.6391269206155871
1175.2519992906257 0.6029255328205183
1187.2953241835464 0.558307682124803
1209.7257837220284 0.4791782411243605
1175.173967145117 0.6385804147762041
1224.1714436006037 0.4223407426182375
1217.57525034778 0.4258371017481881
1206.5549325523089 0.48296995053937664
1279.302572917427 0.29320945528269743
1172.2665594291207 0.6483516337726015
1171.6203389795276 0.6677891253190251
1289.8989855219038 0.25605246187365804
1202.6486280298725 0.5135447518012964
1263.7409585535179 0.34027312277373156
1228.4285060286209 0.4208771402202164
1266.281929170571 0.32286114290317636
1204.8008187336764 0.5022275458644473
1191.585920173087 0.5562973590240512
1178.8309298574725 0.579328907762497
1173.4978854719927 0.6394924853843178
1178.6763340564437 0.6011738909120639
1262.853020867136 0.340512375738551
1286.2735916890892 0.29162039318112654
1178.9086508774878 0.5792907147832511
1184.3500538894607 0.5766292092343827
1206.8628403363477 0.4828467300687003
1174.583528826897 0.6389014156560013
1178.2502343816798 0.6013912980399553
1173.349150396903 0.6477534319309487
1176.334590258408 0.6023706552019544
1175.329720310641 0.6028856631681184
1184.5686483216468 0.5765228009356714
1286.4687399098416 0.29157615642736884

1272.1019273938023 0.2871880644466502
1261.0821829663505 0.31363836963014463
1237.9616047792376 0.3448039743402988
1218.2229975467071 0.4725370586134675
1214.2825816627123 0.4740704681835752
1212.7524435291052 0.49753826783318716
1318.3808911987207 0.18913410258837207
1316.0775400922134 0.18946511822476433
1307.5861554857152 0.19069549312710835
1304.5943128252957 0.19113281751667424
1302.3188045636466 0.19146677898894
1301.7628458175132 0.19154855089594663
1301.7584499166906 0.19154919773517592
1301.354646689313 0.1916086344033
1300.0310873359263 0.19180371081549094
1298.8025322101794 0.19198514057576302
1296.474605383596 0.19232986569200966
1295.8200242349062 0.1924270207768652
1294.4738041530159 0.1926271400213312
1293.8349884330987 0.1927222473930041
1273.6823622375869 0.25695993940724154
1268.9670443237655 0.28789753992529055
1266.1826533003814 0.2885306392050294
1264.243106827691 0.2889732902904978
1263.6806015961297 0.2891019216767552
1263.3980079992543 0.2963472403374774
1263.014412995205 0.2964372451067719
1253.180682598425 0.3156159086454203
1232.0317062018985 0.3947113176746069
1231.7145073040238 0.39481296622563283
1231.0661198588355 0.3950209093786193
1224.5562152747762 0.4084692033246828
1224.461698808852 0.40850073315168733
1224.2535244672954 0.41570541888263085
1220.0659308254963 0.4611779773779844
1219.9258118868938 0.4612309476226233
1219.5286668294584 0.46138114957864684
1217.7677012547613 0.47271372972272097
1214.911845761483 0.4738249231862521
1214.8191828371512 0.47386106519291776
1214.7992818093874 0.4738688280574138
1214.6963139346801 0.4739089971643382
1214.4135131223538 0.4740193564842228
1213.8444730539413 0.4742415727673056
1213.307209057904 0.4744515714556591
1213.1177472158224 0.474525670172715
1212.8301645491206 0.49660923135732876
1212.6927398930761 0.49843535147892276
1210.759806449787 0.6440255051247934
1210.7019277640097 0.6440562933386293
1208.6040351621964 0.7347587917843869
1207.9895659973686 0.75896836071848
1232.773246203276 0.38175952091212
1250.4745797832106 0.32355378444934
1277.0549556899623 0.20662383330751832
1275.347733063466 0.22487787375342727
1221.8141046008132 0.4222452135862218
1211.7351790545954 0.6435071040373653
1238.6418611915037 0.3352933941988002
1292.7887416508343 0.1928782164424779

1235.9329067607403 0.4207403299294698
1188.7236044687845 1.1901969905502356
1184.5462333575454 1.1943942893850104
1184.1712940342284 1.1947724655736174
1182.9853206417793 1.1959702558838408
1180.7961408538997 1.1981875682720677
1180.2095631967575 1.198783081203441
1179.301212999066 1.19970643720172
1500.5407233047522 0.2818701229474753
1411.435930784279 0.28939295125271874
1265.1888125570965 0.31877834302902425
1241.9857489013086 0.4186898436002292
1240.1095901503697 0.41932327843553646
1233.3951346215572 0.43726634850421714
1224.7354071479974 0.4633825822421673
1220.2711410916659 0.5056125165126258
1208.1472379520253 0.541402132086653
1208.1405768225623 0.5543668611848541
1199.1263052911609 0.6917583358661286
1191.6176837044318 0.6961172436303513
1191.4304162401472 1.1874929809997423
1184.3426915828038 1.19459955863278
1184.2536089321763 1.1946894195327753
1183.9040389199697 1.1950421741321686
1183.7103570468737 1.1952377101476614
1183.682418640361 1.1952659212932353
1183.4130066963062 1.1955380316331554
1183.1305151834217 1.1958234856409196
1183.0726075543448 1.195882017384792
1182.9967597651926 1.1959586913117126
1182.4304131167692 1.1965315175761284
1181.6552504805195 1.1973164390032054
1181.3601887762886 1.1976154860105044
1181.3466856189782 1.1976291751252255
1181.2663958289854 1.1977105770810414
1181.2460744261075 1.1977311817287055
1181.1399465075576 1.1978388004047777
1181.1267231690663 1.1978522108438145
1180.9531916670082 1.1980282255198051
1180.9355767053228 1.198046095437273
1180.871854008898 1.198110744897232
1180.8162501386719 1.1981671631539828
1180.738728510287 1.1982458290495972
1180.6210673621933 1.1983652466881962
1180.3469878528022 1.1986435100821504
1180.2692668327868 1.1987224410505797
1180.234498048827 1.1987577544748607
1180.2103466037654 1.1987822854681134
1180.196060039447 1.1987967970232736
1180.1445112876797 1.1988491605075062
1179.9386172570287 1.199058354343685
1179.8087451731708 1.1991903454039168
1179.6998928913156 1.199300996092505
1179.4483099425074 1.1995568137307702
1179.439978966788 1.1995652868017763
1179.243279871626 1.1997653756303743
1179.205568684854 1.1998037443231322
1179.108650545277 1.1999023635188302
1178.9588519360946 1.2000548232123254
1178.909464739338 1.2001050962362048

1236.5079899209393 0.2198223383456822
1222.4377649891496 0.2555109369917883
1277.793664832977 0.11367550961282606
1265.1443756253377 0.16573263562707072
1237.1231438557486 0.21971303267383868
1236.7070827774412 0.2197869499680513
1236.25881690646 0.21986664443591705
1236.1111125211526 0.21989291656245735
1235.8000357249857 0.21994826822292554
1220.069319723405 0.30891840802068166
1207.0296186624387 0.41971250135628896
1206.6031154682692 0.41986085893979463
1259.5078268246198 0.16647432223567143
1274.0148278969075 0.13174634702845342
1252.543416976677 0.1719996964584946
1221.9494190746689 0.3084431041419394
1229.141736168069 0.24361017320542996
1265.5377495695054 0.15700387216888836
1209.4063367857275 0.36937327389404584
1207.6807785345968 0.40771481923402547
1265.261463271532 0.1657172986830742
1256.5315856070574 0.16848653171806455
1230.5506383149898 0.2254174572783929
1210.7445539381604 0.34744153992732857
1233.9461090637963 0.22027872670530635
1273.497548497342 0.13179986081131562
1213.16156917377 0.32783494364909477
1244.4934737769665 0.21742449387807403
1212.1218120637059 0.3400959909607966
1225.4992028351762 0.25142978377244124
1210.638669543721 0.36017364589579093
1222.6942676506137 0.25200657902339585
1227.8430070850395 0.2509498346320808
1227.2367665083193 0.2510738009087008
1213.7452845984046 0.31166395837132016
1274.0397950214451 0.13174376521941852
1210.9700962498207 0.34132920219583823
1235.8293938617196 0.21994304317215
1218.2963989958805 0.3093679602389638
1242.347046525331 0.21780014242180276
1273.7886236863983 0.13176974304397976
1239.6188704067256 0.2182794810002717
1207.5256728752865 0.41954008253393216
1210.0747416935073 0.36198847822621416
1213.5207427768873 0.3238902179186461
1262.4973829951603 0.16608011600286682
1213.6151772466028 0.32221476132735827
1217.1251853691779 0.3096656584339011
1234.955153929541 0.2200987435557098
1243.3693792568552 0.21762106111399263
1215.1336791351357 0.3101731755078076
1238.2078258521126 0.21952056193836758
1238.4253368673285 0.21848984804766675
1214.0832096325057 0.31044154876165025
1213.374663484322 0.325010087841998
1237.2632532679909 0.21968815206432524
1237.426728345852 0.2196591293052873
1243.552756940326 0.2175889701183844
1210.2121663495518 0.3603005783582975
1246.0761681777112 0.20651984477987997

1250.7032667824144 0.3958235595989132
1320.323115205349 0.17354305163425965
1279.3850079992826 0.2570460712343098
1273.3819619171747 0.35720116915675004
1215.6987233857026 0.5504670973784316
1213.9744158363453 0.6359567416825735
1212.6683940745336 0.6743465196650829
1205.639156437309 0.9975369319943512
1198.8452957429047 1.0990220686598349
1195.3805050000062 1.2032224554667517
1193.3378230086767 1.217684691348413
1190.412339397162 1.2329778671709917
1189.9908954775283 1.2334145352389048
1189.2192528370433 1.2342148546472171
1210.7352158953447 0.7119810412728997
1240.5665166133113 0.40802252667405076
1210.1516020451606 0.9033201864312131
1257.2046016876704 0.3937766521020041
1197.5699595267367 1.1001924576090396
1220.760111313606 0.5047194193923985
1227.9028923520298 0.4849542945123536
1210.7949195313738 0.7110719774671307
1268.9382134560485 0.35845206705620697
1273.8265968074468 0.2722155444879173
1218.4279772155228 0.5372049656543537
1253.3069907057754 0.3950012428966204
1195.3007227485602 1.2033027664668712
1272.0663219655687 0.3575706059705294
1286.0859805020104 0.24007717591326166
1234.543524574208 0.43941772543899044
1211.7293337093295 0.6748691215955753
1213.891429913626 0.6588864905893576
1231.7477808399744 0.4686612451682049
1269.1212585208254 0.3584003675977091
1200.6366038957847 1.0973823658676682
1250.7603845481942 0.3958054837486971
1206.9120252488735 0.9964848804590642
1200.9759467899787 1.0970722939556816
1271.113991834477 0.3578385011115207
1276.085626466666 0.26232037307842104
1213.4830263651222 0.6591082420065356
1213.3606794153375 0.6739617699215761
1250.3240711011033 0.396929614560937
1193.3174120332064 1.2177055191115167
1299.6451101618343 0.23757246325661424
1211.160223218091 0.6920573931288543
1208.9296161613524 0.9425483922891259
1201.7016264020415 1.0592423768880492
1233.5446292577499 0.46797856762506657
1308.2838043963484 0.1957667539530636
1299.8971362744032 0.21911711106056314
1196.3716032266602 1.2022256818567234
1215.2849911137348 0.5506544986912982
1202.4732690425265 1.0585626473625303
1235.8568323791533 0.42159855040424693
1218.7885359206514 0.5370460423291857
1209.4308423324321 0.9421577705973445
1230.9141490774587 0.47073101165549025
1214.223727972934 0.567964377034338
1194.140500339506 1.2168661880838763

1218.3554683573998 0.1736860561412668
1178.8309117023593 0.716442508418678
1283.1720499200433 0.13208024796270204
1246.1295380076785 0.157431112472036
1244.921582676065 0.15758386888201298
1237.495517529341 0.15852951115692562
1234.356557006919 0.15893265065040155
1233.117444913191 0.1590923559325882
1232.7124881339928 0.15914461915590564
1228.7696636225132 0.1596552757287804
1228.619712757939 0.1596747613730207
1216.6358432584632 0.173931548581039
1215.86180355328 0.17404227656360438
1207.7667160598194 0.2529546711171915
1207.4149934173943 0.25782150905897494
1201.9796948405315 0.27220421330051353
1199.5912749276697 0.3046090747105209
1198.7035499871035 0.304834659320449
1198.27354076304 0.3049440514674529
1197.3674412953615 0.3051748157534832
1197.2966927643836 0.3051928486020131
1196.7042768328351 0.30534393112858765
1196.479307012411 0.3054013438802759
1196.4505361720555 0.3054086878138891
1194.0878378899554 0.32839064841294024
1192.476829559799 0.3606824706317696
1190.6460597631492 0.36123706581813847
1188.9004540806473 0.3617674529272174
1186.2840151377675 0.3850902265288232
1186.189498671843 0.38512091080592586
1185.165206183118 0.3854537559267001
1179.554000581742 0.7160033156303028
1178.8223215519943 0.7164477291790613
1178.5266142555663 0.7166274950141852
1178.0805612717256 0.7168988294568045
1178.0601886548143 0.7169112270451089
1176.4338287266037 0.7179023203503844
1174.553933332289 0.7541680561923568
1172.9135559032934 0.7569219599684796
1171.3022413055457 0.9348295529385613
1171.2939103298263 0.934836202031704
1171.0276592984976 0.9350487513262813
1184.090498314291 0.6342696936622557
1184.1052031240956 0.4343603757973647
1182.786693778661 0.6349688592072854
1172.900041261844 0.9335560679302185
1180.7173786554813 0.6925563643672165
1208.0815279597118 0.20917902790717147
1194.0878378899556 0.3283906484129402
1206.6989644851117 0.26047278827964376
1175.5975867169188 0.7534985328339234
1211.4062744657467 0.17567974258841693
1184.6047549515679 0.4341772045593597
1239.9292914977896 0.1582183442217381
1180.8548033115258 0.6907880308448148
1176.425497750884 0.7179074042480145
1172.8051940784972 0.9336315665415708
1236.9427997974194 0.1586003487670913
1203.949316135134 0.2693952521910924
1214.6652677555371 0.17421372117452488