1253.8835288084695 0.37071799982821
1251.7325660296121 0.3713550373558124
1229.7225137060407 0.46182745730872393
1229.275538296863 0.4619953818384726
1221.8597803556831 0.5358776976510943
1219.8880805606798 0.5367438344413807
1219.2863161565374 0.5919587677815488
1212.20760819584 0.6125096448993274
1208.134566047666 0.6781605895765804
1206.4411375155114 0.7656226447164696
1496.6222336602432 0.24458062524856108
1386.5283759671602 0.24971525553132437
1352.375599906648 0.29058452304272586
1253.4697965365017 0.37084036256942016
1251.9193185923757 0.3712996412101572
1251.0737512720693 0.37155059271667673
1249.3342578432705 0.3720679160914577
1248.0989039704427 0.3724361846153995
1248.0970629019423 0.37243673399617144
1247.8405837428843 0.3725132840471813
1246.232486656886 0.3729939628394497
1245.7187754702672 0.37314777859227044
1244.7164817307514 0.3740764576285408
1244.5593803301729 0.3741236775011686
1243.9984167302969 0.3860951953254237
1241.2497248990865 0.3869501858145831
1239.6765974870243 0.38807197868178156
1237.154958242148 0.43848716033088453
1226.7091610367825 0.46813814795493053
1223.5019332728916 0.5204081487454213
1218.5703469496407 0.592306572280932
1213.8853971735223 0.6116630559764118
1212.7933325332745 0.6122138304383578
1212.2600963932 0.6124831245781339
1211.2474487377817 0.612995183118058
1209.3170060578493 0.6619288559402746
1208.9134387597355 0.67772366765919
1207.972189821439 0.678251748262384
1205.9116641678152 0.7659588026597215
1203.8342620975845 0.7672805829516232
1203.427075729791 0.7963298785679271
1203.0260068072623 0.801661232061008
1202.6798360051516 0.8162368700790793
1201.947250171331 0.8167343657620026
1191.6615657644127 1.2785905354558156
1190.809492951441 1.2795054191888
1272.2030336950766 0.30334528138668665
1205.1806437671885 0.7664234064630431
1219.7166468907722 0.536819274885334
1207.9093767932875 0.6782870183306324
1219.6628913063014 0.5368429347294452
1223.886525062508 0.49770766737866673
1200.4738106848 0.8694210884562926
1209.0943772110497 0.6633534573366148
1223.6686444013005 0.5049985176853556
1208.7614496062595 0.6778088843465452
1199.1446188932698 1.2117881161204975
1260.7279280595187 0.34757844414799344
1195.5493611103977 1.2154322071111259
1209.7963887195413 0.6292929008953496

1245.6952968774358 0.3229572231943102
1341.8130580033608 0.13649409291344738
1335.3014569748452 0.15739680776471152
1312.3921961214332 0.17849495230780318
1311.0668669529264 0.1786753889984768
1308.764126218357 0.17898976428449617
1305.3819961381641 0.17945351104033022
1281.6699638746882 0.22378123520108345
1249.2882997104252 0.3066688289291381
1194.7432150801944 0.554037600855143
1187.2727877408681 0.5575236553517835
1187.0865031120038 0.5576111452583303
1186.686482718442 0.5722005125318556
1212.6812552401746 0.3923153687692048
1226.0131313612717 0.3561967723293498
1262.3830517016065 0.2546616563334684
1242.93848838743 0.3500263057503268
1281.5411094362066 0.2242574540665348
1217.9578424320023 0.366654922317047
1246.6928168446807 0.30730728106441074
1251.5892809098764 0.28834965927778344
1238.3515979204742 0.35264776252368407
1303.3343033650058 0.1797354537903418
1293.8007525159396 0.2006096712108256
1243.0129092168354 0.35000534921174664
1248.3498711373186 0.3068993626907078
1246.3244330603015 0.30739811376909243
1280.5884396149852 0.22442428620562344
1213.871282191231 0.39193075973445923
1310.0247978448892 0.17881751768455062
1195.1812542479292 0.5538345436462804
1249.7547701971534 0.30655436490683047
1203.4610950015742 0.4534691145611558
1312.9745983414127 0.1784157764756047
1267.952737487985 0.253543014158819
1211.500697872924 0.39269766388442784
1276.2196307442734 0.22519254488834442
1234.2533926889337 0.35381869137332417
1297.6297734105688 0.1805255915484533
1260.6672361546805 0.25500826043057784
1216.3328247590134 0.39113759339949594
1292.9143489878763 0.2222847528212103
1332.0119826203445 0.1640367083345476
1261.324942893445 0.25487528862797393
1243.2426563251847 0.3499406693871934
1286.6028796056444 0.22337517740661003
1205.8399148817296 0.4239371515120252
1326.1836025751845 0.17409354293016382
1250.2403184302543 0.30643531025146886
1309.2834019646953 0.1789187750370221
1321.201604320313 0.17475001634362802
1316.9775881815276 0.1753394647655109
1298.7961077969285 0.18036347741539044
1205.7311683333116 0.42397538698539095
1323.3744723017744 0.17446309172537353
1307.9766170854846 0.17909753079363977
1279.5010181052758 0.22461501977493512
1279.0287610176838 0.22469795460666162
1206.3678337356293 0.4237516322956692
1242.2885101263287 0.3502094431517411

1259.9401575889028 0.3361556444566141
1241.3835308916814 0.3547748101536308
1228.5488928626626 0.3964487006517659
1302.4956358295196 0.22372241453436695
1251.1327292969465 0.338522033460882
1249.3111410175427 0.3390156236869085
1247.4072439481686 0.339533057632832
1231.0861258775317 0.3902638277130722
1230.2457663260784 0.39372599073420966
1223.0439466125044 0.4494630401087973
1221.5142228209854 0.45123323889321704
1221.278142635086 0.452903224010001
1220.9732947503599 0.4859691587252461
1220.8955737303445 0.48689132137629665
1218.889603355009 0.49661528277331213
1215.1457936036809 0.574548580773087
1214.7419185443305 0.5747396055814162
1214.199156429175 0.5749965213289996
1209.0978443346612 0.6868784027654162
1204.279619480185 0.8182792141365322
1196.7604322211928 1.011944359415559
1192.1475080322753 1.0174814357116078
1186.553530725268 1.0222783268035696
1185.2908434808742 1.0233673572390738
1183.8471360005224 1.0246153588297058
1183.2102009793948 1.0717386077138529
1182.3440968065643 1.0725236898932555
1206.0501664918604 0.7543249033946964
1199.963901851489 1.0092428339630555
1218.2753968768568 0.5298914870627554
1236.8647758429881 0.37215995696182635
1240.3326391888586 0.3550753987962104
1218.4857282956586 0.49677988915494364
1214.8196395643458 0.5747028352272548
1263.3039626966747 0.3002476477215483
1245.5612871525734 0.3494059972226968
1221.0678112162843 0.4859315423971363
1268.0414239267739 0.2728709504933631
1221.105905149146 0.4538581790126549
1224.9397453062807 0.40187860060582165
1236.1518026862368 0.3745401008261995
1276.988070801442 0.24656252333349865
1206.5059618678974 0.7340264528079112
1252.237619774714 0.3382233443260254
1229.1551334393828 0.39407534493870294
1189.7010504176494 1.01794897847053
1218.1010594432914 0.5421744733718737
1192.1488705328172 1.0158588401939228
1221.1836261691615 0.4529382775525002
1267.1668518822614 0.2762264230072105
1294.945376842059 0.22554383547815654
1225.937376349456 0.4015515638621129
1201.548545802231 1.0012622207021897
1274.0850091954462 0.25484757554104376
1269.1987934286594 0.26137198803687717
1290.0242639908747 0.242242191320457
1211.417954543054 0.5763166118919931
1215.5408468402438 0.5609457796652297
1213.5834606842727 0.5752882383167346
1200.227782661745 1.0090209429015267

1325.3649034531256 0.28689144126981286
1323.6967740674702 0.28725298331860455
1316.1985511319228 0.288889428599578
1307.102536682168 0.29089978535674044
1306.751435704994 0.290977944979227
1306.449048366871 0.2910452939863274
1306.1222995221285 0.2911181039472419
1305.6371082267503 0.2912262871239242
1301.6419573878518 0.2921201527055526
1238.8574071396652 0.36742922224643204
1238.3441278663477 0.3783512398826198
1237.504365435403 0.38713876161634914
1194.8747905276155 1.2037317029745733
1426.5981580988678 0.24245810597074186
1355.4728760003886 0.25127387205296053
1340.8390731725895 0.2793254492215999
1329.3150030248664 0.2860389347106322
1328.567008881704 0.2861999769813266
1325.967126369274 0.28676114196077
1325.1516445405132 0.28693761119840566
1325.1219207593683 0.28694404748975655
1323.539670111014 0.28728708020379984
1321.5859855132173 0.2877117732240744
1317.681571005921 0.2885642902858699
1315.6369350034536 0.28901274906750435
1310.3528548419083 0.29017821112464276
1308.2653116839479 0.29064123611950615
1308.1908984677298 0.29065776853015857
1307.3553836371548 0.29084352435391414
1307.0781845497365 0.29090520510146656
1306.8181196411172 0.29096309704101386
1306.5930699921264 0.29101321298327787
1305.8731884126498 0.2911736382475914
1305.5622475327514 0.2912429859845155
1305.0079720438846 0.29136668549585465
1304.67692777256 0.2914406158843171
1303.4834303474067 0.29170746517180696
1303.4188854672761 0.2917219104307967
1302.8083575667551 0.29185861846193334
1285.4806460560912 0.2963693409562108
1244.0227898956337 0.3181883224253937
1243.3626239249056 0.3326163358376372
1206.6134848103286 0.5840189240012424
1206.050808053271 1.0039027219539054
1197.993080095091 1.0998038793562122
1190.7784306297247 1.220301914535228
1189.986407176217 1.233419187339166
1197.5654712254257 1.1001965809704495
1195.5039267104812 1.2030982369090224
1252.21933104474 0.31491981177795153
1244.7779517872114 0.31680242686748195
1231.2069712024545 0.398635090170317
1214.8631074046511 0.4982612455264691
1327.3060048404284 0.2864718806164117
1241.6272577325929 0.33685002272826026
1208.6831547393847 0.5321514569706096
1240.6550594900214 0.36689683413427426
1201.9675545701357 1.0590080258161068
1333.685410427868 0.28510160221225467
1320.6769412887518 0.28790981009257977

1216.3166777042857 0.3562129550218246
1327.106745882376 0.16817519567409503
1318.1632668317425 0.16931623136913648
1304.7214306540052 0.17328334886845587
1274.9783127527396 0.27264821849498816
1274.885370656382 0.27266809518161295
1262.9413687069016 0.27524679625286286
1238.6190824901605 0.3055598380439519
1238.531822243999 0.310069894627872
1226.73513228798 0.32684551429790626
1217.8242611930386 0.3308308879612701
1214.7830732905766 0.356662656513435
1209.6816381724325 0.37364478126753803
1209.4850609663367 0.37581839532137107
1209.104854924722 0.3836164546847956
1197.2109607213595 0.40158803920098063
1195.24498078913 0.40383994466502654
1186.7401912989103 1.2218830648058854
1186.5436140928148 1.2220854967740005
1185.960903644446 1.2226859566926889
1188.776646300003 1.2073396750333834
1194.8627875524762 0.4061078607831074
1259.9559288453963 0.27589898791962847
1190.2258295818924 0.44421338534134414
1288.9035465060506 0.2200027139954961
1195.059364758572 0.4039026688858644
1234.3877340538936 0.3111108617024674
1279.370950902994 0.25739342968543194
1293.3094685493238 0.21925322995417074
1299.2543678163238 0.2182500096469474
1226.8602120975231 0.3268121920218431
1233.1730261395487 0.32513918705727685
1268.3738681357338 0.27406790247320045
1273.1585485802427 0.27303792287255024
1212.2750245507482 0.3574005479226421
1217.9815906871147 0.3291945282964256
1205.4547121927544 0.384778053540205
1270.162383590783 0.2736819875022969
1202.607454751127 0.38568904255161435
1200.1087421120237 0.400618365115729
1197.4385015733244 0.4015117282384897
1223.3245682909933 0.3277567422520692
1300.092163946138 0.18451540757079632
1189.351220801304 1.2067564103260788
1238.2322109928748 0.3101449212894631
1221.6964474113602 0.3281935345474317
1208.3806920209624 0.3838463497895328
1215.9898812749936 0.35630868700410606
1214.1394321623468 0.3568517309710752
1196.8639270720234 0.40170448064400627
1189.6739732963008 0.4444194434331803
1210.2748775000557 0.37189003489106537
1194.2800771041075 0.4258605397034608
1273.5516665342057 0.2729536419498248
1210.8336653613444 0.3578259924562582
1189.6198818442895 0.46813620484073676
1288.265592571207 0.2201116601614723
1233.1000959923545 0.3251584170036922
1265.5489145325141 0.2746796758307751
1299.5920397224843 0.21819330193058378

1301.8734929880793 0.18842701588630503
1228.1781636259038 0.39695790336701825
1217.0358687981468 0.4344278247126772
1213.873847847746 0.4355594660983238
1209.708702115685 0.44313262997732394
1208.5522496943736 0.4904435463099548
1344.004456097134 0.16279881539566105
1341.6319742433539 0.16308670152446392
1340.0045530374048 0.1632847685801822
1317.6879832237664 0.17259349930443438
1300.0770615803096 0.221272068356156
1255.089780853435 0.30294937806231653
1244.161446023135 0.3228764342627325
1230.6146281057229 0.3961719759048802
1230.2911205103658 0.39627615014554257
1227.9531938054795 0.3970306288981599
1226.2210876033855 0.41777278403837403
1224.9631405315715 0.418201805968076
1217.9763411041013 0.43409237703254583
1217.7262433596022 0.43418153132727516
1217.7075084151768 0.4341882113935503
1217.3630896548484 0.43431105277652643
1217.260838618571 0.43434753530665005
1216.728708771927 0.43453749489721993
1216.510575631856 0.43461541204002097
1216.3897121971079 0.4346585964824467
1215.6795793018046 0.43491250003799203
1214.658159450085 0.4352782229023582
1214.6229807754328 0.43529082970399874
1214.139260954354 0.4354642519867903
1214.0094367324502 0.435510819835417
1213.7424450749124 0.43560662084833807
1213.7116910554735 0.4356176586051497
1213.6488780273219 0.4356402042233666
1210.466411624526 0.4367855563788116
1210.4114098388459 0.43680540416392405
1209.4013083739776 0.4441587570059227
1209.2762230363803 0.48649620984797826
1204.4851150939332 0.5108784254857485
1200.9274349599693 0.6270853960751525
1197.378262728357 0.7162140733846019
1195.312087068235 0.9040975858888889
1193.9100052828142 0.9117652157463704
1279.925624969789 0.22753219640447878
1196.0744581927268 0.7169947966505865
1287.6179154645292 0.22341312355419254
1233.7016665442004 0.3800741768624418
1195.9660963679305 0.9036031837224737
1240.6268430495081 0.3412411967743961
1265.6036431211917 0.26570760090133866
1209.3987489742035 0.4441596969604441
1263.5280462791156 0.27794019323416724
1273.0895291537734 0.2287539737109683
1251.5615790672246 0.3038034043880587
1247.801014746745 0.3047189928749088
1208.7772195147977 0.49035226812009464
1242.8723724611004 0.3232113129553757
1227.0039280387657 0.4033256708320454
1223.6140939385477 0.41866287757907855
1226.316751218479 0.4177401940449901