1296.7693912696739 0.24142027725529233
1277.786886997097 0.24500676064397
1257.0622942219213 0.318538312428897
1345.8839622647597 0.17526380828164312
1339.2312088951999 0.23376577837875043
1338.0120539379166 0.23397877848343177
1321.0183546915116 0.23698870259044177
1317.8111024815094 0.23756547913959775
1285.452406471744 0.24354571542309603
1264.4774391721521 0.25222853396125866
1260.0973753859623 0.28454328443884835
1246.5581497241087 0.3256120251591251
1240.702825315026 0.36672898329083187
1236.5779889083426 0.3907856051984331
1230.7933012471794 0.3973139327789751
1221.5888044950698 0.4591354601448159
1219.7882026436312 0.4876317841832993
1219.703575093827 0.48766561788186724
1218.2343999579573 0.5267181772615989
1215.6627719995633 0.5703206124438955
1210.233999022219 0.8581996541190011
1207.5405441498183 0.860113893811472
1206.203619637286 0.8793754984635935
1205.4392312075215 0.885228436520866
1269.2300717135165 0.24665853177733796
1212.13674091557 0.6261119837975703
1212.7658770984358 0.5803504678039783
1311.8705332487239 0.23864125158846416
1218.6818985791813 0.48807445016974405
1259.3529742417193 0.2977023885782245
1226.3131284526962 0.4062910310019593
1297.6630194954603 0.241254024560416
1297.2385309812435 0.2413329688408923
1211.969920655949 0.8304163428179563
1211.8754041900247 0.8304811085667266
1306.0951388156525 0.23969649428477718
1281.8928764294808 0.2442219874475788
1251.020653593986 0.32445053760240344
1211.328747915627 0.8382662833918954
1218.445818393282 0.49679616106181024
1232.5972780316167 0.39673244105930217
1300.2427868798989 0.24077536067532804
1261.1851865191113 0.2692536892337389
1258.9601815629023 0.3011299805032819
1222.1902361555065 0.44799745494767423
1292.4664873050226 0.24222401822525363
1314.5896095700664 0.23814764980448083
1276.9508879698908 0.24516716259481008
1289.115873417885 0.24285359635395357
1264.8451080405925 0.2521552154346815
1287.5932859796287 0.24314077231174255
1210.3244144032942 0.8581355436641162
1225.7191922974193 0.40794906652324886
1256.3460310010832 0.3207673793954759
1284.025847319727 0.24381629593360254
1307.6831080912295 0.2394054217259649
1278.205364455691 0.2449265467680282
1217.6436099786317 0.5267210690499443
1224.8502083465794 0.4445225829902713
1244.6944693036423 0.32609956388523265

1457.4126008989424 0.20584384231143177
1408.4108137870535 0.23619510558538837
1388.379422024212 0.2470674480285219
1364.2872445461358 0.25451906891084636
1337.29669677198 0.2576646943003976
1329.2637782000297 0.2592217964663682
1328.8370888848342 0.2691184043844905
1327.7695654903932 0.26933477490541663
1326.3278378884918 0.2696275436825172
1324.7937044642852 0.2699397769196289
1323.8701862604032 0.2701280841271817
1323.8477671772805 0.27013265868939496
1321.6507614910442 0.27058170544552074
1321.3535564640695 0.27064256594926134
1312.647032786007 0.2724376836388413
1311.135932801411 0.272751671356858
1310.074196643934 0.2729727201434334
1307.5941259327228 0.2734904585109903
1279.515055059939 0.27464997819048326
1279.0661417109582 0.34456146523200254
1278.6658756188942 0.34466932473916073
1277.035357599232 0.34510939833733306
1275.996839986529 0.34539027849099113
1275.5727226223448 0.3455051178975812
1275.0526007858564 0.3456460569900754
1273.2754252629563 0.34612849284007446
1272.8777739794996 0.3462366245415091
1272.6393003775975 0.34630150411495964
1269.5194137680007 0.3471525516955277
1269.3803091560808 0.347279358453879
1268.697334419843 0.34746630850240995
1263.7435502340472 0.3488283515402061
1263.1074253486884 0.349004028122166
1262.0717925861463 0.3575515606687514
1260.7200484674702 0.3579349274755575
1259.7224776100002 0.38265223633685097
1259.0863527246413 0.38284556271946596
1257.7346086059651 0.3832570241153966
1254.3141747689842 0.39878488493170294
1250.9748319989155 0.39984939829220073
1241.3236475151414 0.41469233827932556
1238.6130185949355 0.41725777683079157
1230.4066809648352 0.4294182475265582
1226.6948375393488 0.45555328041375237
1225.0296705592682 0.46359662573795324
1221.6625292108547 0.4670474246985473
1220.425826411031 0.481061047845476
1217.8085728935796 0.4971764325693619
1217.2422497388657 0.5070174715782839
1217.179436710714 0.5070436364162322
1216.433088127814 0.5259300761809109
1213.0937453577453 0.5273778297483309
1210.6598064951856 0.5312826099946635
1209.833741913823 0.5412044508807514
1209.2823267509727 0.5585395111772874
1209.2046057309574 0.5585754110244447
1208.9482025103428 0.6423595179897843
1205.6322490022148 0.6766152641140233
1203.5635481338634 0.6980170677844482
1202.9344119509976 0.7155605857795145

1239.9283907505135 0.34158101291212833
1222.8964199090117 0.401344131844078
1211.9437288533702 0.47872472488661433
1211.2042994205208 0.4790169820656742
1210.2095252074223 0.4794107268937143
1362.8511933686232 0.20431021686098244
1338.3715934732377 0.21701758783268307
1333.6737701685984 0.2208273722598928
1325.6262697937373 0.22216795248339544
1262.2376073656758 0.3018886920807841
1253.0203309695098 0.31714778633540086
1251.2828738041633 0.32030521534570755
1249.982431452622 0.33740075861216
1248.0793632090033 0.3379152264320883
1247.425051687399 0.3380924730135009
1246.414765280327 0.33836651520181055
1245.4985256665684 0.3386154314380072
1245.4330473766684 0.33863323404845747
1245.2532788880287 0.33868212015517973
1245.184396190293 0.3387008558044398
1244.9870927246102 0.33875453254781374
1244.1495689129094 0.33898257184021025
1244.0663253584219 0.33900525400241827
1244.0344543766914 0.33901393899520027
1241.7274241793223 0.33964379976767045
1241.6619458894222 0.3396617106775261
1240.8472242344458 0.34132807599450504
1240.6011960524736 0.34139576601951893
1236.5099873500615 0.38223414879354883
1234.864363050583 0.3906027242025934
1233.0627994961667 0.3911734134103666
1232.609940395236 0.39131712995401885
1232.4599679542612 0.39136474755353556
1230.8258203262585 0.391884356228733
1226.5269264306066 0.39325788438412035
1223.2259658986018 0.40123600681012517
1221.9772088457357 0.40164603597412346
1221.7366370488924 0.4017251239752844
1213.4402924950207 0.47813430274383933
1207.833943850945 0.4803536372918712
1191.3382625276238 0.6298634491440884
1190.1268762717482 1.2385140512034232
1189.9855821800907 1.238661107369893
1189.9574546477218 1.2386903861312937
1189.9499346043506 1.2386982141962872
1189.8125099483061 1.2388412852050432
1189.7843824159372 1.238870572485045
1189.517565563033 1.239148459551933
1189.3444933312485 1.239328779207516
1189.3327952008901 1.239340969092193
1189.1734983880292 1.2395069861340227
1188.3471145093515 1.2403689469014978
1188.174042277567 1.2405496219661247
1187.53503071729 1.2412171606315354
1190.4868576420479 0.6396111689579115
1263.4169684107355 0.28861299517815436
1190.3438534778645 1.238288293479904
1276.3571440506482 0.2324391261499129
1198.335871786372 0.5502726925684494
1280.3902761851614 0.23194724561375693

1230.3280392023896 0.39212854517347734
1223.7247722409418 0.4398941895570498
1214.4581093760023 0.4601978105676724
1205.0205731764004 0.5780086497548479
1363.6106573850793 0.2525202323769173
1278.962244522516 0.27782601186372935
1241.2551604140833 0.3552992863266106
1236.496669083492 0.37735325840441547
1236.3755089861836 0.37739023758847046
1236.1268160605848 0.3774661636836404
1234.3385420262546 0.3780130257610779
1231.0576544951625 0.39189614096215003
1230.2301000877274 0.39224683375909747
1228.5392120144506 0.4004831738748073
1223.9928136594383 0.4252610755139742
1214.838179595923 0.4540901403916506
1214.6080602405764 0.4601409963064892
1212.5767739375497 0.492229235842589
1207.9936392437585 0.5525576679901542
1206.651254993409 0.5685660042251209
1204.5423711638705 0.6545048512371348
1203.9132349810047 0.7006176992800757
1203.8355139609894 0.7006629319730784
1203.5479312942878 0.7008303524049503
1327.366104283555 0.2576672614712286
1212.3834771544587 0.5505569490390146
1280.4783581129504 0.27749705996095486
1261.5347831788904 0.31237915009942663
1204.4646501438551 0.6545470847594196
1224.434420679433 0.42017724501505826
1269.5818458522585 0.2895516711342922
1244.5472162866877 0.3428164223790163
1299.6249176352799 0.26483214463661264
1212.4650331154835 0.504689202945228
1259.8711461936157 0.3127916410982912
1204.024975803071 0.7005526777072303
1299.4439675778335 0.2648690230191988
1206.461793151328 0.5686552913978409
1225.5114218469114 0.4111745573953903
1243.7899594613148 0.35457519920433417
1232.034908564284 0.3906203429457674
1221.5384169568645 0.4406815286799313
1306.016668353275 0.26187934453525774
1206.539514171343 0.5686186606296272
1225.7166108324193 0.40457038607756124
1239.7085227576986 0.3611249335311472
1234.7643265453387 0.37788267530397374
1212.8794647450306 0.4849042575156056
1214.6941895619018 0.4585170314078265
1238.211340953931 0.3661907447390915
1213.9234774465524 0.4693644799983178
1273.512831765515 0.2851730206734545
1223.83553304281 0.43985437780795683
1240.1109289437384 0.35562711556778365
1220.3541870060606 0.4470459036973388
1233.7597682667063 0.3781903568961216
1206.8873351793086 0.5530641749159639
1217.4658923336926 0.45152234152318094
1212.1940153123774 0.5506429992359452
1214.3635929100778 0.4602336287286705

1259.1605708413954 0.25474928164177146
1830.8033125847924 0.22176982181517188
1284.5610514011696 0.2292702817020874
1272.1760691196775 0.24821571850560709
1252.8835405042128 0.26625866344110005
1249.4406014627862 0.3071020884788855
1241.1419875169092 0.3412470127599284
1240.7234624755329 0.3413621233582642
1229.2020046759499 0.39132555257435164
1228.607718988579 0.39151483933480663
1227.106774690278 0.39850756025689876
1225.2053976285922 0.39912599789637326
1224.8789020616175 0.4006945512389302
1224.3055779352865 0.40088219054863755
1224.0711877197996 0.4009589531290906
1217.1247232306202 0.43050731493044475
1213.538265960598 0.5125114590381618
1213.3410986749714 0.5632992050811381
1213.1091575530027 0.5651761412960501
1212.9280068456912 0.6867698751166701
1296.1647169596397 0.22752234747405767
1288.749614736815 0.22852513067747465
1217.047002210605 0.4314288518520412
1252.0809804818896 0.27572469681688927
1249.3926728983465 0.30964545605568206
1214.3363732903993 0.48249639987997783
1231.716018098108 0.36118179002324396
1215.0604670619302 0.45996967073779804
1251.8550557781255 0.27830106447084546
1240.3629037704043 0.34647476379669656
1236.3823607899133 0.3598186211041958
1258.249279446279 0.25493378469062233
1279.0430595017694 0.246166380924054
1260.8627596404938 0.25440536524764096
1220.6507885771227 0.4020824846684672
1217.5391548601672 0.41082333958863365
1237.0995032722078 0.359610035441982
1228.6576718580795 0.39149892172803563
1224.9693174426927 0.40066497584464955
1214.5258351324808 0.4691316934293949
1217.1652335797785 0.43002703101029266
1217.2364640526862 0.4181018555037191
1265.8495472134832 0.24945626260031745
1214.8285259399615 0.4618242223014282
1213.6159869806133 0.5115820652219292
1231.1961926683605 0.3613342851985327
1214.9230424058858 0.46178829410528205
1271.0956323802293 0.2484267029309723
1217.3309805186107 0.4180693930835465
1214.4140943104146 0.4815695377842226
1240.5063709939227 0.3414218625187057
1214.1208339912357 0.4917768985062186
1213.8181431837547 0.49909609942938526
1243.0491035164737 0.3397460181513954
1237.2602074241795 0.3595633267339516
1263.0199331512717 0.2539708538828498
1263.8652378068139 0.2538009918289399
1213.2465822090471 0.563343088205066
1246.435809013752 0.3123817137432968
1228.563155392155 0.3926060960816422

1297.4065186757002 0.1815034046146876
1263.3710525404074 0.2538025650983097
1217.9519520347133 0.3160369721781516
1310.1740725003872 0.17973466675273359
1307.824513528569 0.18005756725998606
1306.4749057033703 0.18024356937965902
1303.720052179343 0.1806244369067472
1302.3122156202164 0.18081969706226056
1301.3124152149805 0.1809586211240644
1266.2572630381596 0.25322406683486387
1265.7907037049526 0.2533174030012843
1246.275909933515 0.25728396998607816
1220.3793873300765 0.3154083485641594
1217.8230875030456 0.31607041378130996
1217.4000649395307 0.3161802420296727
1217.0908809356467 0.3162605629610928
1203.011759770227 0.3423876264335064
1198.1398395160222 0.3437798555848919
1196.5944016754202 0.36290105929568955
1196.4736514177744 0.3629376839186873
1166.6474146516896 0.9991645071266531
1163.816617537689 1.0015948144109486
1184.0547355584197 0.5348174425804776
1286.1119719786357 0.18779047313122782
1169.9015448728521 0.8359575000271989
1172.0439247895827 0.8106667435548104
1188.722547341476 0.47715794359653707
1196.1644674138904 0.3630314958729221
1288.064437594747 0.18750581777461642
1190.9344042312612 0.4184504279321687
1186.7008714470248 0.4921156154462528
1196.0849817142273 0.4166484979817097
1248.6966449968638 0.25678519686141393
1228.0460045975587 0.2750428931781639
1270.481038460787 0.25238221122463717
1212.835651519382 0.328637574983496
1226.1279148970027 0.2804640716282335
1256.3061166351952 0.25522984371397106
1260.3055822862254 0.25441989491472816
1260.9319570555685 0.25429351045591436
1222.8136040817126 0.3147804750410665
1238.7099482391372 0.2588554441348563
1213.6339095902968 0.32842141622708404
1244.4008653949202 0.25767164160878897
1175.6859129952368 0.6249728767417793
1232.3229852523996 0.274088311345761
1236.1716080814356 0.2732349811727323
1294.1645190712209 0.18662200373947438
1213.9430935941807 0.32833776926787633
1194.8199244216191 0.41708963911942654
1221.5755884346293 0.31509949185606073
1188.1171186773977 0.4774010888991379
1197.4928304392863 0.3626287898158054
1220.2503251266921 0.3154417083556655
1191.542123647098 0.4182370066484618
1216.8431263798254 0.31632495498797086
1193.145990273864 0.41767479851759587
1192.1999542285052 0.4180062323624255
1194.2542065612247 0.4172872143567077
1197.2193229489517 0.36271163319155486