1313.7345402295944 0.1968499464123453
1253.2218103787727 0.33795772794845985
1252.6353783712466 0.3381159457605078
1233.7186854316947 0.3699423668601151
1232.4102565327248 0.370335128346144
1223.114779247485 0.4012724809731895
1219.6179286681383 0.4024229969459248
1342.716727940374 0.1926009920505934
1339.9904626281768 0.19299284663341812
1330.0194218385225 0.19443969734423955
1325.8246392259048 0.19505488598796428
1277.9589126214887 0.24918235557742033
1275.7965558782528 0.2738295363705491
1259.1256315539051 0.2809183003709242
1257.2557694846878 0.3032101670273696
1257.1612530187633 0.30323296311128556
1253.2361658286522 0.3379538567425713
1253.1579432353276 0.33797495195027527
1252.3711329988857 0.3381872868922494
1252.2968851525036 0.338207337790741
1249.0535578146973 0.3426301990026012
1246.3759227385058 0.3448032301216072
1240.5967637240756 0.3464094512192507
1239.4725134685627 0.3467236581982788
1236.7875429374096 0.35331686231315934
1236.7829579304862 0.3533181721309002
1233.658510983938 0.3699604116248773
1233.3813118965195 0.3700435592188081
1232.181414535541 0.3704039073663421
1231.1502417600036 0.37071414604580893
1229.5858364609012 0.3912033950308213
1223.1577165927968 0.40125839482972175
1223.0112300318892 0.40130645568219026
1222.3847077660823 0.4015121416894673
1222.051616886703 0.4016215806284686
1221.6934831208293 0.4017393141280033
1221.4336042478162 0.4018247903747985
1221.1388103415593 0.4019217944979844
1221.0972801555565 0.40193546407792313
1221.048394960484 0.40195155573624647
1221.044293875635 0.4019529057588817
1220.7674156468915 0.4020440713709044
1220.1429996200018 0.402249820010005
1219.8039698024043 0.4023616205012993
1219.5831158382432 0.40243448405422977
1217.5432559450162 0.4108219558009404
1217.5391548601672 0.41082333958863365
1217.2364640526864 0.418101855503719
1216.7014582463644 0.45301886710139055
1214.141799633936 0.5475599497596044
1212.7907837611003 0.5481699166173342
1197.2466347608326 0.9646031729053887
1189.464601018068 0.9709140580158011
1189.09747978469 0.9712138174321169
1212.6013219190188 0.5482555649506311
1208.2872492091972 0.9535350317273615
1296.2176680169093 0.22720850161597536
1216.6219948878586 0.48391141919027825
1198.272819431124 0.9637770997667024
1212.1763145962725 0.5765011898035933

1243.4261215966656 0.34592192873374905
1242.9208838083032 0.3672034290145073
1228.8972361871245 0.39938433217281544
1228.653755689926 0.3994634775751067
1366.4592233528326 0.21757385353877923
1311.5534898836754 0.23254699518791963
1276.2349538774097 0.24951895511927016
1264.4690029604324 0.3058614668331944
1246.0268385276784 0.3451999177873961
1244.4235311814816 0.3456446711613295
1243.391669595893 0.34593151356759294
1243.3316051307413 0.34594822527286595
1231.7776822770275 0.3837026350532437
1231.1541358151649 0.3986521977271726
1230.8880145521512 0.3987383873927701
1229.8112961296365 0.3990874888921796
1229.7567926309807 0.39910517666958795
1229.3603202263637 0.3992338892906852
1229.0285182648065 0.39934167083164873
1228.9009868098601 0.3993831132463335
1228.703669757313 0.39944725002779063
1228.6690456878912 0.3994585065084222
1228.5973974908864 0.39948180175699427
1228.258077704863 0.39959216299292094
1227.9478665471975 0.399693110232501
1226.3586291245292 0.40021107229782077
1224.1620098860121 0.4009292054646545
1223.8014511808835 0.4010473279877411
1218.5411467663682 0.4468256726022188
1207.8827416117713 0.5927691370716802
1202.9583547604427 0.6863146670234209
1192.8868125726792 0.8260942867694312
1190.3746338417075 0.9701718012198243
1190.2191016294526 0.9702985786898753
1185.083667735289 0.9745032642695737
1182.4687974502224 0.9766582468229686
1182.386527992756 0.9767262018801296
1178.7551662790452 1.0290414776138048
1178.577998904971 1.029196166210208
1177.552634195107 1.0300923481707542
1177.5353627872573 1.030107456969717
1177.1952795735012 1.0304050475738922
1176.6928749641506 1.030844992657621
1176.6331713281218 1.030897298844242
1174.5138465956834 1.0796739920146847
1283.5100874422687 0.23762791277197254
1202.768016271297 0.7098054587675571
1279.761536014735 0.23832394904636872
1250.5128085203485 0.3386898500881479
1200.5329736712497 0.728990617912048
1271.8471359590708 0.27467984911240756
1216.277980219019 0.44765709513158836
1252.8336567918811 0.32460292087627324
1210.7834810453373 0.52627501348295
1208.511877794637 0.546863896991421
1266.984278787855 0.2767431196541462
1215.8579898064281 0.4720426651658294
1180.7560636253115 0.9780749286137661
1233.6959447536617 0.36994918599597376
1240.8696093832925 0.3678104508941777

1263.5121605331883 0.3172050439016814
1226.6763096352138 0.4001074269784887
1222.994124046244 0.4013120687447024
1218.4423425095285 0.4468619059773881
1190.4060100026995 0.9701462298883884
1418.04490577844 0.19134475363529546
1409.533040440711 0.21466618876697924
1292.5967457857016 0.27027918184541255
1272.3873998135443 0.2755679456711774
1265.7133697545592 0.30556076379724245
1263.3115198735643 0.31725542278942465
1258.9242121275577 0.31836104706804136
1253.1567005753238 0.32451924342745275
1248.4271742101928 0.36558384818633227
1239.7060893740882 0.36815565757088764
1239.010486055239 0.36836234694126957
1235.8990062692594 0.3692897301583526
1234.460004207342 0.3697202088140657
1233.882146717909 0.36989335792091216
1233.6542198994164 0.3699616984776845
1232.9370774171218 0.3701768880892712
1232.451916569202 0.3834927238420454
1232.3920241726994 0.38351136101091843
1232.3574001032775 0.3835221360701558
1232.357211342804 0.3835221948143408
1232.297507706775 0.3835407760979878
1231.7776822770275 0.3837026350532437
1231.0178436792382 0.3986963345037425
1228.743304081881 0.3994343654636162
1228.6091532913886 0.39947797936290486
1228.5028810249619 0.3995125364086474
1227.5934118317673 0.39980851742374307
1227.285714604672 0.39990875485885413
1227.2414923129413 0.3999231651291504
1227.146975847017 0.39995396773466807
1227.0354832383314 0.39999030890965936
1226.9738748677996 0.40001039307906605
1225.4673759390853 0.40050213626250775
1224.6328416242723 0.40077506114620076
1223.56546013004 0.40112467863505324
1221.09125182637 0.41758788829423277
1218.9269867385083 0.4298707816253171
1218.579767165573 0.4468115113742747
1217.1185429936893 0.44734793552494956
1212.5756602839087 0.5234977117757792
1212.386733147062 0.5247866656004689
1210.7094329862352 0.5589071765335144
1205.7497295767555 0.6967514718461036
1202.6144799700828 0.8194122031969897
1198.342681156719 0.8683167948272351
1178.381978166707 1.0293673702816015
1177.1764100200414 1.0304215644552746
1176.6331713281218 1.030897298844242
1176.4290424680023 1.077916310847091
1176.004035145256 1.0783058693109453
1202.7399476403616 0.6984950490825897
1395.3066982131077 0.2252808827862329
1394.0894844339632 0.22547758105974194
1181.1810709480578 0.9777230020403732
1250.241902530039 0.33876323837329514

1230.196405140969 0.2549196416418627
1229.9251052289787 0.25497587244489944
1229.0791126345448 0.2551513759561302
1229.0713102959037 0.2551529956973309
1208.1743829067896 0.3475655012570711
1207.2012347844638 0.3478456804891557
1257.1434837051606 0.20334005139878383
1256.6355619891126 0.22400396440117407
1253.0464523688197 0.22464558050574554
1230.4018096329605 0.24539991463509214
1230.15834173534 0.2549275293335471
1230.1347644675543 0.2549324153792054
1230.104963413714 0.25493859148194653
1230.0703468419183 0.2549457659497143
1230.038679048747 0.25495232962118536
1229.9192594975384 0.2549770843297143
1229.7695777986173 0.25500811892664804
1229.4510979275108 0.2550741768227155
1228.9761686581228 0.2551727484594385
1228.9014133322937 0.255188270877874
1228.2521471198602 0.25532316591752763
1227.2419584957956 0.2555333319372636
1226.3741427060468 0.2557141542919921
1225.1128339147117 0.2559774235207101
1224.8145206052932 0.2560397688563199
1223.8838512941932 0.25851945354855954
1223.1557592967379 0.25867333905650447
1222.9323789162863 0.25872058823388117
1222.7812915719066 0.25875255585301477
1222.3913484491804 0.25883509797814575
1219.427243689145 0.27225345166383097
1218.5943515897513 0.2829245304059423
1214.9641086723625 0.3063255663004615
1214.1500728053336 0.3142348951613718
1213.0718929286145 0.3260686044588617
1210.1658598634062 0.3469935394214046
1209.7180465771003 0.34712198944961975
1208.82423371658 0.34737865380965294
1205.9972032723267 0.34819295920550203
1202.033795249849 0.37965431730497473
1200.4875405506443 0.40530328378013264
1200.32254038501 0.40714601953471796
1200.2044983383703 0.4080473301357337
1198.5734565531639 0.4467037130368924
1198.3466966572018 0.4494204755807591
1197.4957934868362 0.45897721438893896
1197.401277020912 0.459013443600546
1232.7423626238553 0.237154392410969
1252.8166445787879 0.2246867878960048
1219.4545220990983 0.2594584535213765
1219.3327272232207 0.27227455536548056
1202.9516770541213 0.37844881103702127
1216.528228156812 0.2892173047714921
1203.2815936339998 0.3731546635111635
1200.9674197120744 0.40055289549658374
1201.6372319567276 0.3858742081426444
1205.9635441255512 0.3482026774743313
1203.9595607524757 0.3487822587151521
1211.1408158519537 0.3361279041552433
1219.0622061905788 0.276227711693982

1448.1090067163414 0.19019436863129277
1392.8680052026116 0.2234033506069125
1383.4501611261212 0.22716693222025786
1377.165838172485 0.22820354693062075
1372.4953398943292 0.28273386444853377
1345.4919415884365 0.29500277302235567
1328.5573737645695 0.3210576030531751
1319.5146868886945 0.35887153224208124
1317.8581294745977 0.3628353968210034
1316.7515432873063 0.363140320434292
1314.4161536652234 0.36378553019783394
1311.8953288062874 0.3644845490812066
1311.8181603282562 0.3645059901000681
1307.2598631382505 0.36577698959853405
1306.6832434664477 0.3659384014852709
1305.9646818513247 0.3661397463550526
1305.9037170592526 0.3661568392181896
1304.0452420143254 0.3666786718404729
1281.9277158899513 0.3666848163242777
1277.450463040773 0.3679699860323307
1276.4527488794508 0.3682576025275972
1269.3551667814486 0.3703167098882112
1269.2606503155241 0.37034428580548456
1268.2444882353377 0.37064101866995997
1251.6981326230905 0.3761652711550175
1249.5092872519479 0.37682422393028114
1242.8133339023689 0.37822528630758495
1238.8697339515752 0.38006043295654385
1234.9051702369975 0.3806473892662504
1233.8228208330152 0.4396713655876624
1232.5710796431363 0.44011787513782624
1232.0877674409148 0.4402905205816745
1231.6596029382263 0.44107844541882474
1229.8049998048118 0.4417436122274531
1228.7686795426453 0.44211617043442525
1228.6816585818806 0.44214748316189384
1228.674163076721 0.4421501804748519
1225.8359989661622 0.462653800147961
1225.7731859380106 0.4633154226371483
1225.1332947142746 0.5020658818194159
1223.1884671374255 0.5028641492970701
1222.276750531611 0.5213675712297694
1221.1421752840379 0.5239019334986396
1218.1395660721992 0.528020367883095
1218.0767530440476 0.5280475965106423
1217.1448215770579 0.5284519067969227
1214.5662694511716 0.5799610130071462
1214.108101529409 0.5801798728695408
1213.174596938407 0.5806263053750494
1213.1732390947436 0.5806269552408098
1212.0586997804594 0.5811608663200886
1211.8158136715592 0.5812773492871147
1207.8887619031207 0.594466191612213
1207.7766149841705 0.6248879594716318
1207.6916316631136 0.6259170893557016
1205.1840619924014 0.6272194055405457
1205.0371526258177 0.653567091129817
1203.0109301398784 0.680499971236289
1202.6545693681755 0.6848499769918742
1199.8029600908721 0.6988134837898542

1428.962591965275 0.2223196005085919
1307.9886799883059 0.2418580429322236
1296.8380694027155 0.2644058233928261
1292.0788149703228 0.270534391282955
1281.9005952716302 0.3090596433276256
1278.5612525015615 0.311267618195487
1264.0585167941988 0.31233959818530543
1263.067974968899 0.33216866338719897
1259.971717315797 0.339661171117933
1246.0852280297177 0.34344638669350347
1241.9681185166535 0.3460269532677806
1241.4120814332052 0.3461819411406773
1241.0709488974776 0.34627709599343515
1240.2062553489434 0.36623978693974124
1237.6055384179306 0.36700940697224554
1235.4998392936259 0.3810970689656998
1232.2222703159207 0.38235917764264227
1231.8401348164223 0.383683181876444
1227.9009826937415 0.3997083713598
1227.1201233172058 0.39996271975139214
1225.7078599402216 0.40042355770448435
1223.7715946538144 0.43518649839028606
1223.563420312258 0.43872392513550923
1223.0917474859402 0.4510258863734106
1222.9972310200158 0.45106074284874786
1221.6833209609943 0.4590999387782481
1221.5888044950698 0.4591354601448159
1221.5350692506395 0.486934442206185
1219.6466389236562 0.49630703330088716
1218.5403348592063 0.49675762691067465
1218.4458183932818 0.4967961610618103
1215.7827169832287 0.5233106907140405
1214.8760282505111 0.541354054906968
1214.4195400931983 0.5438291062856697
1214.3870528141656 0.5442181827611511
1213.8532169384841 0.5894788418711999
1213.7904039103328 0.5895093470976127
1213.7579166313 0.5898998479171041
1210.4810368238627 0.6820494808053651
1210.1783460163817 0.682220075584859
1209.1362205874525 0.6828080646606867
1205.4673733819177 0.692421488709707
1203.391818929227 0.7102005901210162
1202.7626827463612 0.7563866824092172
1201.904974791283 0.819895916314028
1201.668734435238 0.8200571025857843
1201.200399559695 0.8203768338656096
1194.5193498332872 0.8249652722380931
1192.4437953805964 0.8264011976466886
1191.9754605050532 0.8267258960275466
1189.9211996890244 0.9991584038635766
1187.0713541083655 1.0202040212381434
1185.4150931906804 1.0232600926210573
1185.4148819149657 1.0232602749960307
1184.9467583151372 1.023664522933865
1178.403156861472 1.0293488701127846
1176.1901541360387 1.0312855908436724
1175.561017953173 1.078712235319288
1175.0926830776298 1.0791421576290345
1175.084884239368 1.0791493197117588