1247.0011702334546 0.33964362324678027
1242.607340334508 0.3408445949925343
1230.5085193756474 0.3840983910694787
1227.6222425616613 0.3850014492269457
1224.6496397113788 0.4007695638560625
1224.096191711143 0.40095076294415166
1223.7315827414361 0.40107022561606603
1221.686234415231 0.40174169779242824
1219.3414183680554 0.4102161167862456
1219.046223065734 0.4174811541824296
1216.8918940057602 0.4474312551339784
1216.1984322662674 0.4476863750619908
1215.8007960826294 0.44783279403310844
1331.5416647216582 0.22233695173685988
1256.004099969373 0.22748953924136814
1241.82859651824 0.3410583367451425
1241.8129034160988 0.3410626467851654
1235.6876265778603 0.3536313584597616
1234.7027505612884 0.35391343691426935
1230.6828421049947 0.3828374604988189
1230.6268293777168 0.3840614646183747
1230.054395732572 0.3842401963109843
1229.669064186644 0.38436060258382987
1227.692296396239 0.38497948050732794
1227.3344404268614 0.3850917296226869
1226.8374942006756 0.3852477159555761
1224.5741098899568 0.40079428269777645
1224.4203325566157 0.40084461923203096
1224.0861426357746 0.40095405452984606
1223.6160186568536 0.4011081045852606
1223.2358677557042 0.40123275888246995
1223.1462634200143 0.4012621520923353
1222.8064002032033 0.4013736777155017
1222.8050271975203 0.4013741283910618
1222.5696791547796 0.4014513940202805
1222.4850708501967 0.40147917850831266
1222.0828318570473 0.4016113222356639
1221.3884887382537 0.4018396329333617
1221.3256757101024 0.4018602996274941
1219.8394017292285 0.4082891770119323
1219.4788430241 0.4084098943313212
1219.348913873215 0.41021359513146327
1219.133244026499 0.4174513546413899
1219.0387275605744 0.41748372114939664
1218.9269867385083 0.4298707816253171
1218.849265718493 0.4307909153181215
1218.4696434215014 0.4468518936331127
1218.1826896083144 0.44695715358788113
1217.6261172184334 0.447161456047913
1217.3080048357708 0.44727831028336795
1217.1185429936893 0.44734793552494956
1217.055136598881 0.44737124155190233
1217.0020455232366 0.4473907578875681
1216.8711140635953 0.447438895709465
1215.990257924711 0.4477630177947307
1215.8957414587867 0.44779782421486236
1215.7062796167052 0.44786761130248237
1254.7868861902284 0.22771021687581217
1237.605519363511 0.3472467093771966
1224.7921458744704 0.3858910624806647

1286.1604777889902 0.2998189117416337
1281.1781450097608 0.3009848679340818
1235.6449277142244 0.3717084977956242
1224.9192897683 0.4154794756342524
1221.0249821518496 0.4557121658303757
1201.6269655901765 0.8373659407912256
1195.9950691019326 0.9633352597144053
1621.1652092321674 0.26204276083950545
1388.4955689272858 0.28110595576027353
1383.5869669833144 0.28210324561182176
1296.6949379031253 0.28979893789662214
1287.9357041927383 0.29940565629205335
1272.9395258304514 0.32348099552620796
1230.095651951943 0.3975392695523805
1228.4939996762118 0.39805756241823
1224.91179426314 0.4154820180447084
1222.4813924286839 0.4403416037739141
1221.6570673392864 0.44568601291948834
1221.0324776570094 0.4557093683676113
1220.7889019659503 0.46672488653189165
1209.5618205499507 0.7216466197323232
1199.8288908916945 0.9602571077065849
1196.057882130084 0.9632846685133507
1191.8639799631783 0.9689594803228108
1191.7940243673609 0.9690163560382304
1191.0142890510967 0.9696507533597291
1190.0706527381392 0.9704196133090537
1187.256700440624 1.0216728678831808
1187.1789794206084 1.021739753718249
1185.878293493848 1.0457069177693226
1185.3724557589644 1.046153155587712
1181.8047137985434 1.2134036746392298
1179.9849759050308 1.2152749498604882
1178.350969774398 1.2169601580619607
1178.2732487543826 1.217040430940007
1177.6506268044027 1.2176838782146646
1177.5388859823365 1.2177994285367715
1177.4611649623212 1.2178798121762293
1177.1735822956193 1.218177339345863
1177.095861275604 1.218257772884446
1281.5845362882455 0.3008894254394036
1255.3560379108058 0.3280119206225942
1210.7870042404165 0.7017292024516721
1183.3734372767133 1.1762736943240981
1236.9892221338653 0.35828719042659046
1250.4261996587734 0.33653940079541733
1199.0286798501315 0.9608979667229199
1211.7013730803685 0.5674086746994529
1205.8275789073818 0.78399082382565
1186.889579207246 1.0219888853206385
1185.8782934938483 1.0457069177693223
1209.4500797278845 0.7217132925019413
1225.1478744490396 0.4139401126645223
1226.0625765984103 0.3988469563382714
1221.9396843012205 0.44053681523049354
1183.9960592266932 1.1756551332946397
1184.7029164295743 1.1749536744837015
1213.3864458718865 0.5559052656528733
1220.4873702609495 0.47418697703394685
1182.3259244582332 1.1802316127844639

1258.532723457068 0.3217282632707231
1230.3491706326406 0.3974573548946979
1216.3973357177915 0.49763279420733153
1401.9776265225585 0.21854293905497416
1361.038580562689 0.2532127818805199
1307.9443581265045 0.25690248573001634
1303.5822393642568 0.25776214699206107
1295.877472369424 0.2592946971945354
1278.310562925884 0.2923356938873478
1269.2695117095138 0.3163830786389297
1259.2070459586835 0.321555973409397
1227.4483228781028 0.39985577627641977
1222.886935565382 0.4511014252276768
1219.5808321687375 0.47906434225317673
1219.1096044988656 0.49652566332493475
1217.9953095397902 0.49697991469960023
1217.9276355622558 0.49700752931856473
1217.428179588805 0.4972114291325579
1217.4198486130856 0.49721483162049024
1216.9510189361188 0.49740638334711235
1216.906283813263 0.49742466867932267
1216.8117673473384 0.4974633063906013
1216.4378460669495 0.49761622182074305
1215.4691847021743 0.5205562170910888
1202.0183172246998 0.7113001728436691
1189.4767048811482 0.9130894676356903
1184.0800276265882 1.0227813498260283
1183.2964780994669 1.0234586102234324
1182.6495695014212 1.025652897809842
1179.154926914748 1.0592563101533636
1214.321510328874 0.5922849679515312
1209.1556106018804 0.6998896003668669
1187.2728361469885 1.0200308910360936
1224.0776457463162 0.4086288998232708
1188.9145966357685 0.9135211682136626
1193.0374889329585 0.9087440019172558
1234.8808635073524 0.3695942046035549
1179.9571353293982 1.0279932395290579
1223.2940962191951 0.44772603604852046
1238.283019305573 0.3566093796854511
1299.4769745327374 0.2585764606718582
1216.3196146977762 0.4976645922050712
1256.4407595022597 0.3222639382915431
1219.6520626416454 0.4671599214249512
1238.2156212704976 0.3578279746410369
1182.079130280322 1.0261478499878796
1220.8787718723368 0.45184341986702486
1227.009827862572 0.39999867225072006
1303.0141403285822 0.25787452829523144
1198.3303651437393 0.872023672780425
1291.6326753092073 0.26014683835619934
1252.0288544913756 0.32339953343304106
1247.113644316769 0.3444474626323895
1188.1123882211184 0.9444712480738168
1245.0216803619608 0.3450262249844978
1308.6717753217943 0.2567596880559496
1235.1708353514744 0.3599806506257504
1187.4193703966569 1.0199050134691758
1180.5192435747779 1.02750375705829
1231.7040578131803 0.38354497242597707

1327.6470203519802 0.14919569043425737
1286.8151802428492 0.15522326642299086
1271.8650318756886 0.18069357604861447
1259.4243433785675 0.18234801168224357
1258.8156177870303 0.19014037618793164
1257.4277193019916 0.19143028133013382
1245.3507972109442 0.2244431466355228
1236.682515687384 0.23536654750162858
1235.1524303110216 0.2405945560047511
1235.1140178993094 0.25237225392380275
1233.3983164923889 0.2576667738203413
1229.8188157194227 0.2718422036590573
1229.1826908340638 0.27819311005658237
1225.6068518070297 0.2915312062403587
1224.4023054293555 0.29738893840440117
1223.9583711541475 0.29749680248371696
1221.9808124506017 0.3036909571834442
1221.7951964200436 0.3037370941384379
1218.6033361267885 0.3067853245899461
1216.6078872439505 0.3182585075142099
1215.7847946300176 0.32294578981051436
1214.9428219604997 0.3314857666517509
1214.6488315903734 0.3344704466435788
1210.1754415192866 0.3440975490458333
1208.8453621504198 0.3582114353715741
1206.4448624611414 0.36215239482300504
1204.5074296286575 0.3625381981432693
1203.5648079197094 0.36301900262221715
1202.7773289703418 0.37708267882947843
1201.5509847935527 0.38971515423910874
1200.9098236824789 0.3963299752502489
1199.5160385597935 0.3989043510562941
1195.6526914617502 0.4061002620821045
1194.7929391967225 0.40639248478337703
1193.4411712847495 0.41213871547570174
1192.8249688503554 0.5226596470440315
1192.5069309492924 0.5227990387513686
1192.1364175580231 0.5304700323645422
1192.1210704644411 0.5304768615142241
1191.8183796569601 0.530611588811858
1191.6289178148788 0.5306959528681033
1191.6130437841414 0.5397150416550593
1191.3103529766604 0.539852173663826
1190.9923150755974 0.5399963336638722
1190.8805742535314 0.5400470017455764
1190.802853233516 0.5400822493969554
1189.331700562534 0.5517162491571095
1186.23325038927 0.5548374195679026
1184.6185979714844 0.5563945792957165
1184.3159071640034 0.5625846638889087
1184.126445321922 0.5753316738588494
1181.3790899872256 0.5870530260639905
1181.2826962587417 0.5871009301179305
1180.8869373376633 0.5872976893700833
1180.6905386948933 0.5949766797340067
1180.3166174145047 0.5951651668217974
1179.7680803850467 0.6045443913273036
1179.5617833060496 0.6046501218993007
1179.4500424839837 0.6047074063108905
1179.3723214639683 0.6047472567258732

1263.2248915684008 0.1997975202676202
1242.5550251192594 0.23310207525616802
1239.9291972623457 0.23359572112245092
1236.550786489409 0.23423393372914258
1308.137428263716 0.12890294434897515
1274.7100755235804 0.1903693011622687
1270.243418045482 0.19103871180479354
1249.2569920182875 0.21604446002275296
1247.8919618806842 0.2321051531887126
1247.1678749656492 0.2322399099505806
1246.9669519030235 0.23227733063274061
1246.649656322726 0.2323364495440075
1246.6306750533863 0.23233998711196127
1245.8451723341618 0.23248647697740668
1244.354021558598 0.23276507324860182
1244.0525591925073 0.23282147754535468
1242.8907757653574 0.23303910578700784
1242.0716284972768 0.23319279527035294
1241.8623869060132 0.23323208596155034
1241.5684031313467 0.23328731163323413
1241.3695816265806 0.23332467563427642
1240.7071797647682 0.23344924547804585
1240.308006694027 0.2335243773418061
1240.3031029408853 0.23352530062087906
1240.1107625528139 0.23356152024601434
1239.8607666984028 0.2336086137692387
1239.740096946965 0.23363135199753887
1239.6669780555264 0.23364513220284056
1239.6162478319918 0.23365469392793506
1239.371305964785 0.2337008720318954
1239.1973865643397 0.2337336715810133
1239.1265247791557 0.23374703808144293
1238.9283738694855 0.23378442296115465
1238.8522330410328 0.23379879153487865
1238.6417033038292 0.23383852990151774
1238.402732843131 0.23388365294569197
1237.9916731402436 0.23396131109717713
1237.466032113889 0.23406069133105903
1237.1641447014752 0.2341178058026967
1236.9725011150454 0.23415407756776074
1236.7929742710235 0.23418806623315186
1236.5360020418773 0.23423673431019934
1236.4630405334028 0.23425055620775323
1236.456780628121 0.23425174216614425
1236.1858715876115 0.23430307822827412
1235.7780399539834 0.23438040296141266
1235.723728279708 0.23439070428670963
1235.6309896875691 0.2344082961600985
1235.627544494547 0.2344089497404026
1234.9786499618094 0.2345321151780529
1234.939856821193 0.23453948253061901
1234.8653089266122 0.23455364150366032
1233.066900093574 0.24850858886978294
1232.8440504410682 0.252058439796119
1232.8193380991174 0.2523240824491789
1232.6900169682178 0.2546389200456312
1232.602349917552 0.25465703086872565
1231.4144850786595 0.2633462732785104
1218.5215034113196 0.3297281067580172
1215.213283802769 0.348377518840031

1231.5534265993501 0.3302496154390183
1198.530891216212 0.5195571704311136
1198.5308912162118 0.5195571704311137
1322.2524094320738 0.2122663710710748
1277.2319522757282 0.27115665412788403
1268.2550138174422 0.2725261111000795
1266.7192775851245 0.27285651439501235
1225.587229252183 0.34687309221645585
1225.3697724764374 0.3469346490672291
1225.3174784194136 0.3469494555321995
1223.9749597613745 0.3525976065221971
1223.882818147306 0.3526241522928379
1222.8757286455882 0.37303303775860164
1222.3814316649793 0.3731838819218513
1216.9673428202195 0.3748441160309072
1216.8666563559905 0.37487513153164687
1216.2561327226958 0.3750633074603652
1214.0256277317121 0.3757524037694672
1210.6345521269416 0.38578301770617285
1204.0347036609926 0.39920512732371916
1203.8164704897554 0.4001945205424602
1202.694974891778 0.40056769612105064
1202.2234163213623 0.4321871885802458
1193.2774066233048 0.5370500364065914
1191.1908162660368 0.5379907785715194
1190.9482272715513 0.5381003640589719
1189.3639431108459 0.5388171369934353
1184.7374612915733 0.6356977999924504
1183.3643742919448 0.6710974210586266
1188.5429172569038 0.5391893429891932
1184.8545628415172 0.5571073493394053
1199.22850472741 0.4538103649549305
1293.5174244526313 0.2419400001833797
1226.7588723789224 0.3465418034167604
1285.671162461135 0.26814897076193395
1195.8125807268623 0.5274895399660098
1213.7485630519836 0.3758381774812365
1291.0358630222488 0.26703471903964554
1217.275887136712 0.37474910386251203
1220.2897393022122 0.3738235544935228
1292.0375425183827 0.2529210348665223
1227.2643568278752 0.34639907011601334
1208.1269824562294 0.3865837429682716
1209.0265938031882 0.38629609410801774
1289.8279076906354 0.2672848035746959
1223.0490887513495 0.3528645294978043
1193.5063980907194 0.5285087948437068
1216.3762757897532 0.3750262619695941
1240.019368471955 0.32799491352157806
1292.7498652464992 0.2498022891129176
1196.633606580804 0.5271276225439899
1219.7549688804415 0.3739874478860521
1221.7119279438957 0.37338838839500627
1248.1031173254667 0.276220285140392
1227.4566480757846 0.3343899011545118
1207.6840751451489 0.3867255190913731
1284.4632071295218 0.2684011476846364
1291.7481857503653 0.26688746518501155
1213.3056557409031 0.37597537413551896
1212.520707727123 0.38518290688359946