1194.9732892311463 0.9796132007033217
1171.8786403639078 1.190753363528239
1171.19061142403 1.2244003396556713
1657.9329111206048 0.256311994203171
1389.5100330640403 0.27923764210813057
1381.141949005558 0.29369691729828934
1316.3069196663398 0.3007152197271639
1290.8009944126163 0.3055069509121131
1278.9969047644556 0.3083265288354599
1239.526800141582 0.3440841584612684
1224.7597302771126 0.42792815514353283
1223.8152200018512 0.4282584194947198
1222.3680977252427 0.4561572153555078
1221.707666358379 0.4564038050606702
1192.789606515031 0.9900240774719249
1185.0062937057987 1.05154548683902
1182.9022184258365 1.0534159126697857
1181.5698691386726 1.1780691782917494
1180.9043499582601 1.1787330996618703
1179.8047770569706 1.1798316737645065
1179.1686603176859 1.1804681481743824
1179.0390366603774 1.1805979289483388
1176.9134218963407 1.182730198273741
1176.4218106611968 1.1832244457012762
1176.420290510401 1.1832259746442884
1175.8060699417194 1.1838440712416811
1175.2874071662404 1.1843665101344836
1174.4754629335516 1.1851852922952377
1172.3085746254378 1.1878924552094414
1171.9414533920594 1.19017290708395
1171.6819422136386 1.223886902037487
1171.0465938703153 1.224550918755263
1170.8950323779718 1.224709425504002
1170.772108505068 1.2248380124635574
1170.6990001888862 1.2249145016761323
1170.142963105438 1.2254965654994945
1169.7330163712081 1.2259260552273257
1169.1172756517308 1.226571715510509
1168.8303734812566 1.2268727909235082
1168.7526524612413 1.226954376881443
1168.752652461241 1.2269543768814433
1167.786668643563 1.2279693037554358
1167.7866686435627 1.227969303755436
1167.6922820189723 1.2280685626778995
1167.6145609989571 1.2281503077541671
1166.6485771812788 1.229167214941277
1166.6485771812786 1.2291672149412771
1203.3460273837923 0.7454226967665057
1214.5135157909742 0.48411804998561553
1209.4460933104892 0.6607973070336168
1201.5747243144256 0.8999903992146727
1241.669470984129 0.3405379970467253
1251.1575845870316 0.31637383607957115
1264.8218302262883 0.31295595562659717
1217.557562081969 0.4753280129298634
1182.785357114528 1.1599404338884483
1189.2504787588357 1.0196731200671125
1202.5407081321039 0.8876386881148586
1563.129534852225 0.27368052841917406
1213.5205091743208 0.6460047701676224

1210.5775217958162 0.42292065463777784
1185.5057458329816 0.6245316122831466
1178.2637216871694 1.0033952206233594
1173.7906741662885 1.2053386415253988
1173.668769197374 1.2054638359358516
1330.2641445114598 0.22182669498584326
1325.3332816197167 0.22274824994420073
1322.9692553250402 0.22314628090209465
1281.730359997304 0.23032587686712622
1277.781003484056 0.23103776646283508
1276.7183627589523 0.23123006426855466
1269.7224417080054 0.2621852716909094
1269.4385002811932 0.26224391593410556
1266.7007018430095 0.2628107199016276
1264.457423947335 0.2632769732269955
1250.8878023438062 0.26613299988016037
1250.6240279567878 0.3198932187859717
1235.0186663159448 0.32155024666265136
1234.7006284148817 0.3216330725422058
1232.2841371740058 0.3222637903118565
1230.0641780178541 0.322845396105102
1222.7135836072368 0.33746089083387654
1214.6231926382493 0.4138237132703089
1213.9887327979286 0.41403998754036514
1210.5657144055263 0.42292477964245256
1209.0325989740595 0.4234610699844745
1208.6038331682923 0.42361129756269345
1200.3254605743884 0.4678205931157508
1194.8002121832335 0.5152201818947616
1183.004505376168 0.9462671228232264
1179.4143472667004 1.002416317653505
1179.075805479231 1.0027041361384488
1178.070934796557 1.2009593097032847
1177.6337487695653 1.2014051551367533
1177.6018008994504 1.2014377487824344
1177.4941678917855 1.201547570437564
1176.144193537575 1.2029267027024406
1175.6917461155715 1.203389631091021
1175.4291115079234 1.2036585131193078
1174.9970250091314 1.2041011394252517
1174.99042389599 1.2041079040828127
1174.7607949738028 1.2043432694451865
1174.5079614473536 1.2046025255472004
1174.3763011414057 1.2047375745403597
1174.3542221183004 1.204760224800599
1174.341850650366 1.2047729167203167
1174.1935765632413 1.2049250522863637
1173.8741857895266 1.2052528914614449
1173.8514937755388 1.2052761905036293
1173.8436350014942 1.2052842597157118
1173.6946579894586 1.2054372463945244
1173.4253704795713 1.205713880258572
1173.3656668435422 1.2057752298486413
1173.2696506667123 1.2058739061653945
1172.927726489721 1.2062254345960122
1172.7821337295447 1.2063751791098198
1172.775405630401 1.206382099967616
1172.4013927323233 1.20676695319979
1171.8427860212914 1.207342207941083
1171.7956908387443 1.2073907317598036

1233.4830866061998 0.371879132650495
1231.3782718298157 0.38382709302409546
1230.1043701140468 0.3975364520582891
1228.7030863651596 0.3979898255185182
1227.3338752514087 0.39843382213854805
1222.3701870670106 0.4163459069861252
1222.1732297197698 0.4296192864035176
1213.141456414419 0.5301957973734213
1210.7582150554297 0.557858663488729
1326.9208296996271 0.220953983864812
1262.322050677989 0.33314003192247155
1257.9461274922626 0.3342989012555242
1250.6168253000506 0.33722960709632305
1247.4535653805601 0.3380847450584867
1247.2643285931927 0.33813603977568985
1246.8004916584057 0.3382618337461606
1246.7216925509563 0.3382832136024209
1245.4337795291924 0.3386330349763099
1239.8873010861066 0.34988343317770665
1239.5219496115694 0.3499865619914139
1236.3725459115028 0.3691482895163053
1231.743623304353 0.38371324482407193
1231.3857673349753 0.38382475664988
1230.176827949112 0.39751303702557084
1229.759442788673 0.3976479545037073
1228.6727199568222 0.3979996617599839
1228.6652244516624 0.3980020897675965
1228.3410069395952 0.3981071414158057
1227.4208962121734 0.3984055742130722
1227.048198036397 0.3985265841546263
1226.9362390677707 0.39856295004220166
1226.5103115746065 0.39870135810659185
1225.0016641695263 0.40065439610349124
1222.8028070253765 0.40729970732592424
1222.7598988352565 0.4090692720263703
1222.4572080277756 0.41631626928543636
1222.362691561851 0.4163484600114389
1221.4390695703034 0.4407173721037015
1220.0492699150507 0.45984801848279205
1216.906283813263 0.49742466867932267
1216.8117673473384 0.4974633063906013
1216.603593005782 0.49754842786883113
1211.8176568985798 0.5307749875971874
1211.4837449667796 0.5404673473084278
1211.0693133372324 0.5406522968905825
1210.991592317217 0.5406869957673167
1210.4401771543667 0.5580052384304521
1210.3624561343513 0.5580410696280286
1209.5174583990142 0.6072586541459665
1205.0117263309257 0.9329655847487102
1301.7835256702563 0.2581729487851073
1268.1036700880697 0.31118205696724593
1215.649152318211 0.5291020855678845
1216.319614697776 0.4976645922050713
1236.8672570215335 0.3549847322790909
1308.8313218688495 0.2502579218695797
1219.0302436179818 0.4879349800342228
1220.0567654202105 0.4598451933739176
1253.4490258562535 0.3354982927782271
1219.7540746127293 0.4671208513325549

1271.4459844210464 0.27365887627052027
1241.6146735680513 0.3927557743146482
1233.395203209344 0.4010702511135248
1216.4876643205125 0.7339605971112351
1337.0124589550396 0.23803384856762838
1336.568959887924 0.23869573753277354
1326.850823668477 0.2398568215136854
1281.2950889782533 0.24838479747996434
1281.1880767960233 0.24840554400398565
1273.7104715584446 0.25175571358421994
1270.8763877052866 0.274441303859717
1268.9239181987082 0.2811968714751523
1264.7761408682109 0.29641973588923537
1262.6283333820202 0.3021669378519605
1253.4134272490494 0.3140410978401261
1252.5907257460526 0.3149902569489769
1246.7537565677349 0.32071268798285407
1244.9852206862927 0.33445695104683454
1244.8033085314237 0.3345058276719679
1243.5916054546021 0.36392394915314485
1243.3185159705179 0.3640038834597956
1243.315176833809 0.36400486105481905
1242.655095361171 0.36419821548247105
1241.464722703477 0.3928032134942302
1241.3702062375526 0.3928331210684226
1240.3694957278415 0.3931500526232292
1236.7967640747904 0.39538535445825573
1234.0507007270155 0.39626518316341763
1234.0147906271316 0.39627671456678165
1233.3365968433034 0.40175456908209184
1230.9870358145392 0.4759498695848778
1218.3014301218502 0.7145174069222803
1208.829464801977 0.8341021585704553
1201.7931657668964 1.3903244436670261
1203.929242863014 0.8955630172503296
1302.9482846304163 0.2442569862074071
1272.88734361045 0.27334899752276276
1215.984935977751 0.7583212049968219
1223.2312325364992 0.518366101665588
1221.3397457151464 0.5408506709635426
1230.9273321785104 0.4768326169981356
1252.6506181425552 0.3149751964675542
1251.8366272937965 0.3151800050838869
1231.3523395012564 0.42496221349492735
1247.631603202001 0.32048703118401245
1231.159273300479 0.4749994883348152
1218.7225424775802 0.714270515527437
1243.9893176826652 0.3347247079137119
1260.237836571696 0.3123405101148563
1231.9390086167432 0.4045675339172178
1231.541801343338 0.41179101564149995
1245.8439208160794 0.3323628992884018
1267.6893866885566 0.2814707133184598
1241.6926817487824 0.3927310998006753
1216.8310556562271 0.7337534724585297
1242.5011859850501 0.36424332893649547
1238.2722826061058 0.3938159154231598
1216.4099433004972 0.7340074926225492
1243.3790326193164 0.3639861669834849
1221.262024695131 0.5408850906580661

1290.644006216327 0.12319328167862556
1275.928649982995 0.18820529882965534
1273.7660078654235 0.1885248400197058
1264.3551849518171 0.18992806429193357
1236.6013153727415 0.22431602126457048
1234.528237984997 0.2246927031881459
1220.423448714188 0.2747390612313377
1292.082832984725 0.12305609713686011
1291.5917891349634 0.12310288122157095
1290.4441637377352 0.12321235980028966
1285.6873061067872 0.12366822776379777
1279.8454652715263 0.12977631848271082
1279.1203691969286 0.1412966667887454
1277.7825409102365 0.1865812925642797
1277.1739358298646 0.1866702031812061
1275.530635574466 0.18826402609077045
1273.5155420056624 0.1885619177267179
1265.8436864028452 0.1897047285022731
1256.5907924766977 0.20115439142606528
1255.7122180777342 0.21291973990104948
1243.768773165974 0.21306651684167277
1240.33715123214 0.21555906682153486
1236.981628497455 0.22096373677049383
1236.9353924688703 0.22425543698065759
1236.6928338230707 0.22429942130208289
1236.3420144201589 0.22436306759747435
1236.2840914401415 0.22437357956440093
1236.1891250287952 0.22439081637163436
1236.162918101532 0.22439557350656947
1235.9691778395002 0.22443074789278347
1235.8146858453074 0.22445880448913022
1235.7765659103643 0.22446572835810502
1235.621931953039 0.22449381949420608
1235.4257648765054 0.2245294657446908
1235.4142525323587 0.22453155804731353
1235.1449984626615 0.22458050455631037
1235.0374575750755 0.2246000599039206
1234.8780524433953 0.22462905256603286
1234.7990419292862 0.22464342580112975
1234.4810040282232 0.2247013004248755
1233.648234766695 0.2248529841307697
1233.41257023147 0.22489594613332914
1231.8151882509248 0.22518758463176422
1231.1752161038753 0.22530463846792065
1230.9141149793682 0.22535243001872407
1225.7972141696093 0.2545573965084358
1211.8623704085894 1.1843401073235835
1213.020783400046 0.34947841213275055
1214.2061608279796 0.349137231339359
1255.5050715397847 0.21295486965717825
1218.7442525962967 0.27511759902880417
1278.265986909917 0.17764756346324226
1229.234918861477 0.225660272661199
1227.4764102875008 0.2259835583235178
1226.9850790085018 0.24583688246252594
1229.8909704134778 0.22553990038783028
1227.5640773381665 0.22596741960422576
1231.8487612048389 0.2251814473423185
1232.6502451055821 0.22503503167777167
1234.268310521161 0.22474002175250044

1297.4087191422611 0.22459959168526591
1296.3872621849996 0.2247765594959017
1294.950254540307 0.2250259942778254
1294.3587139001877 0.22512883440959805
1294.0091871740942 0.22518964429040908
1293.7640672414586 0.22523230931089958
1293.5259802399921 0.22527376567588675
1293.0947144103843 0.2253488977418989
1292.8418014233678 0.22539298176113934
1291.577452065882 0.22561362317231892
1289.1591089459494 0.22603685343891333
1286.2238521993636 0.22655268604293408
1285.804165249062 0.22662663292260496
1285.0679497770425 0.226756467328294
1334.8697152434156 0.1930360881574474
1334.3961878104315 0.19310458946473044
1328.7971195771172 0.1946185539042586
1319.9571681096782 0.19521696177418968
1298.8490597349855 0.20059317967479515
1298.6610948525936 0.22438299701380612
1298.4509668361657 0.22441930886175945
1298.3719566132686 0.2244329655181015
1298.2567989660727 0.22445287311441284
1298.2342615168616 0.2244567696339995
1298.1501865795135 0.224471306618271
1297.8532409868108 0.22452266509477936
1297.4600505616845 0.2245907058503316
1297.42553597721 0.22459668049371137
1297.0176527125182 0.22466731116484154
1296.9315589753046 0.22468222517345982
1296.668910224746 0.2247277360245716
1296.4143403973217 0.2247718645868642
1296.382469415591 0.22477739050237047
1296.3359892030837 0.22478544991055202
1296.331196433675 0.2247862809827586
1296.2993254519447 0.22479180760713752
1296.2494786858222 0.22480045188807593
1296.1077797183195 0.22482502854167305
1295.830141900864 0.2248731983813884
1295.745414262747 0.22488790263946634
1295.6242625374014 0.2249089315428313
1295.4020180055354 0.22494751785002276
1295.0324602058722 0.22501171014812404
1295.0309324875307 0.22501197558928687
1294.4627818474005 0.2251107352444587
1294.3539211307789 0.22512966802285714
1294.3220501490487 0.225135211545457
1294.159055041398 0.22516356659030162
1293.9504584633005 0.2251998650043528
1292.9796823830566 0.22536894627082515
1292.8375875715794 0.22539371640300654
1292.8235870097512 0.22539615729184387
1292.6959806243008 0.22541840690765264
1292.6240212222965 0.22543095577994304
1292.371145581036 0.22547506539790976
1292.1231057963635 0.22551834826037037
1291.8263919916908 0.22557014655737886
1291.7165110491283 0.22558933487006644
1290.8125345596054 0.22574731865899766
1285.0629739347219 0.2267573453431847