1299.3455825024946 0.22426479336392882
1227.1864069978608 0.25554489925847934
1222.1855798410802 0.25887867576102663
1203.7216332062503 0.34939956957681834
1430.9392445889662 0.14692367344255103
1317.8454983658714 0.22111656406580937
1307.5955958220636 0.22284983942994924
1302.9406850946996 0.2236459970141131
1302.370114743155 0.22374397666958384
1297.8250496949092 0.22452754216506834
1297.7650749624352 0.22453791844929286
1289.5875288874263 0.22596176067215443
1284.4943363723476 0.22685772939351112
1281.4140336367748 0.22843569011057882
1278.0841120222728 0.22903085668441195
1248.8617370469428 0.23120658330805816
1246.864480461174 0.2515118777235942
1239.3259509041807 0.25304176558140185
1232.261322977238 0.2544924691703858
1231.4026179324649 0.2546699366890925
1230.3447952215845 0.25488889615789706
1225.3439680648041 0.25821140242210594
1222.5412993137545 0.2588033505461811
1222.3913484491802 0.25883509797814575
1218.9676897246543 0.27624912987210093
1216.099245215955 0.2933065955112387
1215.3167148831112 0.30246493229496524
1214.394540135832 0.31417163716454244
1214.2445892712576 0.314210435203285
1213.3163602591128 0.32600290591238007
1213.1664093945387 0.3260432008110986
1210.6602749876677 0.3468518325714688
1210.111391417383 0.3470091579826432
1198.9506104594059 0.4063338880569927
1198.7983057261283 0.41082738736192376
1197.5883858840887 0.421583232241086
1192.1588853762923 0.6093121395062098
1192.0643689103679 0.609360450680986
1329.3266533821745 0.2202022342262037
1197.4938694181642 0.42161650719824617
1199.7786514004988 0.40605345208268034
1219.454522099098 0.2594584535213766
1213.0718929286143 0.32606860445886177
1194.690648100706 0.4727300961855214
1194.0615119178403 0.5158313096989435
1195.5415512710713 0.4631411456884584
1193.6160625002508 0.5657001557942208
1201.9360503209111 0.3625174250058997
1192.7880215591579 0.5660928683977293
1235.5679925307377 0.25381138767225064
1200.4793092796695 0.3777088684146478
1200.573825745594 0.37767913287766924
1192.6935050932334 0.5661377291243767
1239.6896467654776 0.2529675290633206
1279.4313550535505 0.2287896868675266
1212.1346600616787 0.3389943174970666
1201.2422306533736 0.37023541656555214
1198.2567907918685 0.4140964796755726
1310.8925554631123 0.22228936105698663
1289.0840574158779 0.22605001348973047

1192.3282268890534 0.5750730878350976
1182.687070384838 1.1962718558971015
1181.3072477582682 1.197669157892351
1180.7004306933704 1.1982846959782345
1180.1303440001336 1.1988635525116333
1179.9169265577502 1.199080396924477
1179.8892644188888 1.199108508993504
1177.5115976920824 1.2015297848512132
1177.1744369282312 1.2018739213592295
1177.0996516807622 1.201950280602482
1176.766244162675 1.2022908233924436
1343.2320554876737 0.23589431266339184
1279.8947153565325 0.3845535141242081
1224.854283874693 0.4280779641600239
1217.8176828819694 0.46019803030080025
1201.4453574461866 0.48542688824612334
1200.209770661257 0.5128979930814828
1182.235938387706 1.1967283438906908
1181.596151020441 1.1973763247391456
1181.2941716717523 1.197682415238321
1181.0994249500238 1.1978798962624517
1181.018700930721 1.1979617727643161
1180.6150021237006 1.198371403115998
1180.3665639799842 1.1986236308357237
1180.324553609721 1.198666292510755
1180.2911789635625 1.1987001867430322
1180.0800248638188 1.1989146725859086
1180.0380929320806 1.1989572752853568
1179.9148080391212 1.1990825498546218
1179.8030578910123 1.199196126143177
1179.7277819135636 1.1992726443552015
1179.502072339676 1.199502137226711
1179.489084391264 1.1995153455489282
1179.3838409705027 1.1996223854233405
1179.329589223513 1.1996775706834508
1178.774296821392 1.2002427101183637
1178.5124390614565 1.2005093962024758
1178.4706583598422 1.2005519582505948
1178.444404449708 1.2005787046826746
1178.2050594315751 1.2008225947674622
1177.7623967096488 1.2012739246790263
1177.652752991664 1.2013857676132744
1177.348262545899 1.2016964747332946
1177.2089068846014 1.2018387291844257
1176.8201280815367 1.2022357732283362
1176.7343214647058 1.2023234393926117
1176.4192720441474 1.2026454260447397
1176.3823371298186 1.2026831855421216
1176.382134890833 1.2026833923026803
1176.369512366657 1.2026962971765618
1176.3410905266737 1.202725355790583
1175.8116821823362 1.2032668819966503
1175.3477846042972 1.2037417989528096
1175.3445639015517 1.2037450974702282
1175.1760252564577 1.2039177333676647
1175.0450937968164 1.2040518820117891
1173.4621313301966 1.2056761090628376
1172.011709009942 1.207168192739254
1170.9054049454921 1.2083087588964017
1189.1716818603838 0.941662353119901

1293.13588914051 0.27986517293888197
1289.6092503419181 0.2806305081572818
1258.0159945663536 0.29033615486333947
1250.7169946604945 0.2920305138398801
1242.0623683939727 0.31079885462316204
1235.2777895391382 0.3125058709356385
1235.1367472478028 0.31254155649368764
1218.5473424475902 0.39815583476206423
1333.0143704224438 0.1966547010528344
1331.5959448958101 0.19686417904724784
1331.0604489848663 0.1969433790287149
1260.7520319811651 0.28970607808184073
1260.3877992054308 0.28978979870261584
1258.9174164712645 0.2901282656353748
1238.6792966254234 0.3116477061649918
1234.8009836921476 0.3126265419007971
1234.491387603475 0.31270494500312707
1232.189139767589 0.31328920943110283
1230.0386582537965 0.3138369342109961
1227.8808229176207 0.31438846039643525
1222.849076367206 0.3690428807624939
1210.2739884487416 0.44201108858445914
1208.5862402830974 0.4426283415194074
1208.5372520543867 0.44264628352193264
1204.6629022389268 0.4598532489968733
1204.4625793732616 0.45992973051004116
1203.7928717369193 0.4601856038084592
1203.786923872056 0.4601878775678174
1172.9325292446588 1.2062204955180877
1171.4302187515798 1.2077674230929243
1171.4075682240525 1.2077907766805274
1170.7581254041424 1.2084607622487231
1170.7298686000956 1.2084899297278087
1170.7072180725684 1.2085133112650512
1169.7572198202888 1.209494784611918
1169.7345692927615 1.2095182050490256
1167.673160023488 1.2116534875275515
1164.0765085712057 1.2153971377459791
1160.4497995538459 1.2191955715608942
1279.8337154632109 0.28187396402460585
1294.2343832826152 0.2603396589234574
1200.957440357794 0.4797814909261965
1225.3364943842557 0.3592949269099087
1199.5211686511157 0.5253316959160151
1214.7502363149972 0.4073932570257256
1217.5640163493556 0.39847739241178826
1210.3307098136067 0.42459030205485504
1182.5510152507945 0.9111272461249889
1242.3981799169271 0.29398588353002664
1184.5256484812323 0.6063690492966973
1247.4717246146542 0.29279022474982375
1173.88190732752 1.1610304455661555
1192.5596032685696 0.5932347859775803
1198.734273900045 0.5342102378495653
1220.3083998338002 0.36981122636029645
1264.1306700427187 0.28628662196413124
1227.5090701257604 0.3144836733693781
1175.4232127160883 0.9542903805876491
1272.0685122875768 0.2845001631216921
1270.5259414877025 0.28484558042476354

1268.9849603060356 0.311947684981448
1268.2288799411988 0.3121336589197498
1256.3513004573674 0.3150845790501694
1228.2961667288248 0.40030912010253317
1226.847816904551 0.4007817032834027
1221.8881736088954 0.402408475954293
1343.8476527621963 0.21588072841597788
1279.6631645538564 0.3093446241236104
1276.5655686524287 0.31009525116803666
1276.3650617294024 0.31014396469563243
1267.041067922215 0.31242627462178246
1266.7525698370364 0.3124974285188687
1265.2420927689386 0.31287049561987246
1263.7069789815507 0.31325056142585544
1261.8501944325442 0.3137115026730728
1261.8051785940722 0.31372269456431773
1259.447085181876 0.31431008519629633
1258.2748548275804 0.31460290184213063
1257.7463923824812 0.31473508732860844
1255.1634884383836 0.31538275634216334
1254.552325304091 0.3155363970552529
1250.3253076721264 0.31660314177016424
1235.7352121580675 0.3678859791111611
1229.2816644862746 0.38089295242584514
1227.2120683756855 0.4006627463982916
1226.8729949111091 0.4007734784024285
1226.5208087588985 0.4008885574685631
1209.1075462831689 0.4217910466890298
1207.7293997814702 0.4239180052255945
1207.6197270133916 0.4239565043160212
1203.4527049730782 0.4450335893098844
1202.001831305833 0.4797717203263705
1192.8896553281897 0.5711051703773555
1188.5893543102477 1.0093068149250177
1180.0945599854426 1.027873527412632
1179.9571353293982 1.0279932395290579
1179.4654238025769 1.0751413545826356
1179.3279991465324 1.0752666385841683
1188.9073342035872 0.7064401726636067
1188.6639659381406 1.0092434614233865
1190.395472453474 0.661617084500118
1305.5200032403013 0.24810232065770121
1327.109853467177 0.22057005931079604
1194.3295413042115 0.5344347057466133
1293.7223691211607 0.27083517907084464
1193.0078866973631 0.5697602250811995
1192.642583010646 0.6186817576148409
1203.586171277302 0.44353483721101883
1307.7717696727443 0.22383163934212102
1287.4377584012393 0.27215725748482106
1198.7057582602918 0.49455600915272485
1223.5801526577527 0.4018520214311313
1236.413247920027 0.337082461788629
1209.2172190512476 0.4205737261336549
1201.8305728844477 0.47984008682436297
1199.3348944431575 0.49429657946277483
1253.3645132851073 0.31583543051349783
1219.766186364798 0.40310853278685416
1270.7244428754234 0.31152066277090623
1207.6399480426444 0.4239494054809011

1310.8065273794389 0.2632406685858146
1294.6037807358514 0.26985150560947274
1216.2163578183029 0.48085591869919725
1213.1851125385808 0.49895040648246347
1324.7911770643018 0.24293003479640768
1312.65582509196 0.24517589499872014
1297.4534155599224 0.2692588228676567
1295.390004297492 0.26984286935822455
1267.8592745338321 0.2853810146214705
1260.9579146505682 0.31987551776191897
1227.309701561936 0.3999009389064502
1217.7481202992963 0.447116656081178
1217.2907804796291 0.44728463915814
1216.6307894478498 0.4611400961473544
1215.8435609082449 0.49785944878255545
1214.291416603031 0.4984958279067581
1213.279629004505 0.4989115374303795
1213.0901671624238 0.49898945801821043
1211.013603952763 0.5578929969134969
1205.17529107691 0.6078112337773403
1180.9866483050166 0.977883961938177
1173.7017628036217 1.0565555701107698
1171.567699198103 1.1956779528161179
1170.7491011731556 1.243581363489028
1302.548480999436 0.26683060895017624
1256.3699662449376 0.3210436230264076
1182.6592241099925 0.9412616970446527
1273.7073262109643 0.27986936432494436
1278.6789734992196 0.27321226565824847
1263.3937222074248 0.31398382323876123
1293.252937857395 0.2701333738920975
1178.4669467798258 1.0292931518929727
1236.2610414183985 0.3691815848249205
1220.4509909375588 0.41700062352872647
1237.956914383762 0.3421249889475322
1178.9850538913793 1.0175288749361737
1211.6489471874968 0.5219435741630174
1250.8081990081796 0.3386098651950841
1210.8636530881888 0.5579620852348894
1233.302428891659 0.3700672274993504
1175.2804074345934 1.0320838757964235
1212.8814890198535 0.5214131700838806
1217.6106956432518 0.44716711954449484
1216.3355941455284 0.4684336826874775
1178.4823255486176 1.0179629422055072
1179.265875075739 0.9793108806497315
1220.8911064010842 0.407937466992357
1286.178853456447 0.27022665116766803
1180.9949792807358 0.9778770637483574
1247.8447937120316 0.33941400227439356
1232.138240982156 0.3835903527454249
1183.4799513399619 0.6409311946029367
1226.4636604254708 0.4039040670623351
1175.142982778549 1.0322045707022511
1186.8192941100306 0.6286931936512136
1253.0534977488205 0.32189333220766697
1233.2976361222502 0.3700686656330459
1247.8495864814402 0.3394126986452826
1231.7776822770277 0.38370263505324365
1247.4917305120623 0.3395100627057586

1226.3917497618502 0.40020026396860625
1226.3538401474482 0.4002126351433798
1192.6442673162774 1.0115800981629746
1191.9553453936626 1.012164767470259
1191.154078766705 1.0128456314018135
1191.1337277920436 1.0128629362562556
1190.0976611586962 1.0137447071618364
1190.055681427937 1.0137804674464426
1188.5428423508374 1.0150708598934828
1182.1134365440303 1.177527470544608
1174.9498407095339 1.2204828944554278
1504.8168882219288 0.23824898849434847
1464.1913617232838 0.24876646877946582
1353.1941786055809 0.2610212934726395
1297.6482483785915 0.3282921104680638
1265.8560262149788 0.3367363025128217
1250.523706149163 0.36682671060896976
1232.3239014220233 0.3982737829050128
1230.3218941206696 0.3989218629116549
1225.3349069843018 0.4005454338940996
1221.8478715279482 0.44561641443667016
1221.7320529420522 0.4456586582845318
1219.284656591572 0.44655320195647
1216.5302809169514 0.49757841176246176
1215.9956612000103 0.5431132046685484
1215.9011447340858 0.5431554228545616
1209.1950273096518 0.8086037554520961
1207.5565596389126 0.8097009058101238
1206.6550606613496 0.8103058380418086
1199.3850753518582 0.8421475166761755
1199.38447984743 0.8421548859265853
1192.6022875855183 1.0116157058928976
1192.579637057991 1.0116349193933478
1191.9779959211896 1.012145533838425
1191.9778584772591 1.0121456505463484
1191.7361288294353 1.0123509523793082
1190.0330309004098 1.0137997632657922
1188.6074726091238 1.0150156656486495
1184.260027770583 1.1753930827598118
1183.50598250913 1.1761419590625075
1181.6939993463102 1.1779454288508675
1181.4891448797016 1.1781496688843598
1179.566830386449 1.1800696738602332
1176.5663496044976 1.2188060477092146
1176.3906260717197 1.2189881070521982
1176.3486463409606 1.2190316084347959
1176.3259958134333 1.219055081272344
1176.0138311144362 1.2193786709720889
1175.7243546766322 1.2196788955890265
1175.701704149105 1.2197023933608693
1175.4469744628384 1.2199667135852175
1175.4405078541186 1.2199734251519323
1175.0144709678202 1.2204157632611732
1173.8440199141385 1.2216326514437643
1173.7793896558521 1.2216999165827587
1172.353831364566 1.2231854787048364
1172.2892011062797 1.2232529149597693
1212.9319735667175 0.7674009916039086
1234.0354622296243 0.3698474026860867
1193.6622648795476 0.881400318414884