1239.1518462022009 0.1850367685475459
1228.9505524411293 0.19073347583959452
1222.3972283313904 0.2034251696335625
1222.1527610008916 0.2034658607891721
1217.491364418247 0.20520376129796533
1216.7312043870988 0.20533196356401845
1206.7816316753826 0.3027941250474914
1202.9164443490574 0.30376705714108554
1202.8342976369981 0.3037878026960012
1197.893770369459 0.309494685145006
1182.7002639059988 0.6686048830397519
1285.1579207643633 0.14591839178376628
1264.1626075110285 0.14834181605428387
1260.450568689633 0.14877868410266934
1257.115510705256 0.1491733857304007
1252.8259150847937 0.14968414584033612
1226.6618269807825 0.2027179439870231
1224.6511384914518 0.20305077561861543
1224.1649644706672 0.2031314167208125
1223.614954676156 0.20322272344139677
1217.4472844831207 0.20521119108042982
1211.8763033241955 0.30152119262025023
1209.582610007133 0.302092957738849
1209.452739406915 0.3021253963720133
1209.345871552991 0.3021520946834606
1209.024547412191 0.302232398067228
1208.9543883465703 0.30224993747388645
1208.7771391862236 0.30229425792460923
1208.6737824243967 0.3023201078735965
1208.5009827773385 0.3023633356480739
1208.2808407573389 0.302418424558895
1207.9650562671022 0.3024974823491366
1207.6791767689488 0.3025690889729073
1207.620635377446 0.3025837565058852
1207.4206432356596 0.30263387522289775
1206.985388378133 0.30274300899163364
1206.556403178772 0.30285064778060805
1206.3210900035406 0.30290972388243587
1206.3098415599911 0.30291254841624327
1206.2832393520516 0.30291922855763753
1206.0070089903302 0.30298861081450096
1205.803951526086 0.3030396341163644
1205.8001504723986 0.30304058939068435
1204.5669283025802 0.30335083896205356
1204.2760238062112 0.3034241162849321
1204.2747413561383 0.3034244394057838
1202.9760212482802 0.3037520132008649
1202.9566595561969 0.3037569021159414
1202.8558610853863 0.3037823567296004
1202.0227821031476 0.30399289741180247
1200.4691838397932 0.3043863126229955
1200.2310148808408 0.30444671380434973
1198.620160383896 0.3048558670742686
1196.4979366258744 0.3096447301051251
1189.7992234335893 0.3614941753076165
1185.5105608236604 0.5733334484616452
1184.9450194527474 0.6248271461218887
1182.9309955204787 0.6684744711351714
1182.6924216565503 0.6686093164547118
1182.6364321073954 0.6686409704213685

1273.5273372864124 0.2181116826443781
1214.4851358815888 0.5315452142067114
1471.4437406468708 0.175820299173
1369.7748717783682 0.1839339578280683
1296.1331821301671 0.21430759914088676
1293.222139056016 0.21479000555303837
1290.7841800932267 0.21519568856901533
1285.4442784092178 0.2160896392746836
1283.669200792417 0.21638845136868903
1251.6935201531235 0.30924280922670633
1248.5868116857964 0.31001226093394285
1239.7774121998616 0.36288115392497644
1222.3997176037576 0.43782741921330814
1221.587959940787 0.440972076182793
1209.7504207904492 0.5364722389444151
1208.5341583503953 0.5465815065137446
1208.4713453222437 0.546609916322292
1185.5019960568893 1.095840151691947
1187.0368718380942 0.9165530146871081
1312.0027747375836 0.21171539860859778
1197.9647478895638 0.6409887909352355
1193.392076487734 0.8755051608626626
1208.7782914264615 0.546471115199264
1297.0328908711663 0.21415894106014982
1228.9185126177447 0.3879408669105345
1211.0910521013186 0.5358783847666526
1190.9937908037987 0.8772681519963874
1211.7796033936509 0.532731991770731
1216.5281283387103 0.5082105045869284
1204.503567839882 0.5698753463901772
1193.520376783063 0.6670620172554255
1302.6936257108725 0.21322833316051246
1244.813822856426 0.31095189766997106
1207.934481033528 0.5468528561079667
1292.0768849918672 0.21498038828463542
1279.7835435695115 0.21704544633728265
1235.769756747498 0.36405799340267586
1273.534832791572 0.2181103989282201
1215.2831482005674 0.5260978066382527
1215.6843179457767 0.518280700135163
1187.2687645257352 0.9163739971400355
1222.3246908817464 0.43785429321521224
1215.287940969976 0.5260957318497284
1230.4813402829648 0.38632761802741555
1278.8838348285124 0.21719814017854142
1193.6504052907544 0.6669893518600493
1284.3439397129919 0.21627477020775795
1354.5251700886745 0.18897726395839992
1197.9406379729294 0.6512822243989799
1240.1129845771088 0.3627829589274276
1242.2540283729122 0.33461228665129544
1208.5252710128536 0.5465855260030005
1258.339478004602 0.2702995802709055
1227.247122315852 0.4076395112461652
1200.2133351577072 0.5862829253614429
1216.8399338162246 0.44676284229549085
1266.6949373949326 0.23073438713457864
1253.0539634494594 0.29545718324356796
1220.5890716418974 0.4453905741750644
1222.7862586305273 0.40912662665949845

1255.976497683776 0.3742613256768584
1246.2243622673404 0.3771900496206713
1225.4432247974855 0.42090047568746514
1310.9794401262284 0.13326150733629208
1299.9984405397465 0.13438715834580114
1294.0871485385912 0.13500102869841582
1278.718206227521 0.19005826203240272
1278.4933263149485 0.19009169223064454
1269.1464014395187 0.23999913644848914
1268.0866124905706 0.2401997129943338
1256.6129691888436 0.3740717631981296
1232.587277854034 0.3887977649035815
1224.688790764215 0.42115975922616744
1224.1369344786235 0.43730373547766405
1183.9316037093513 0.6914354796815143
1181.5672620327646 0.7128563639213332
1268.0346539431885 0.24020955533431243
1259.8890156939212 0.3706445024974867
1251.9397340280639 0.37546809663888386
1274.3863073835055 0.19070430880866177
1228.3539338281312 0.4093338306705106
1278.8693474453817 0.1900358002873891
1269.9667118418347 0.23984411365431682
1218.8500596079728 0.4560534831240548
1205.9860025501685 0.46175244552640876
1201.6292177426253 0.4744699180620885
1198.7178172149984 0.48465474881622267
1193.2601292569238 0.572323517971105
1196.9102672208983 0.5705781408464922
1220.9939483768358 0.4444612466685166
1188.3378466249067 0.657790066395725
1294.127942663353 0.13499677313092043
1196.9205573887493 0.5339420408208146
1229.0395346247833 0.3909967056900963
1195.0065579468965 0.5714871023003425
1188.4033249148065 0.65775382367597
1193.2116762692604 0.5723467584278549
1283.9094936338565 0.18490941361166188
1232.5648759122269 0.38880483132667554
1294.5622659807007 0.13495148195576553
1191.525682458826 0.6041551020825632
1227.0666835819209 0.40976324097181116
1280.2988735790063 0.18982361456385122
1234.5381075886644 0.3881833827019553
1238.9019458809662 0.37941939683358233
1189.7715686401934 0.6307455138059973
1247.3770115566003 0.37684150396159377
1184.2975673662124 0.6912218169470796
1191.4628694306748 0.6041869526860595
1184.529416025835 0.6910865236824356
1186.3266758520842 0.6589052129932992
1305.0457032729794 0.1338674161678508
1270.6389987353132 0.1973658958807767
1278.1161297657513 0.19014779192978032
1269.240917905443 0.23998126445123316
1191.939414730794 0.6039453947267056
1189.7087556120418 0.6307788152636257
1281.9774357352107 0.18571497912341134
1297.813985292398 0.13461335619584094
1271.331417267459 0.19725840242779874

1217.851516517236 0.39638468135718274
1217.8195938192664 0.3963950717865427
1213.7021500376554 0.4051225893546247
1173.3760275086129 1.2057645831053858
1171.8739099885029 1.2073101419662604
1170.423896169476 1.2088058533879358
1168.3674279921618 1.2109334980915505
1165.5021338288866 1.2139104816452377
1439.1197419790044 0.1733071639360915
1244.0399687712274 0.2142495022909461
1238.8250881239674 0.215450178398775
1226.8459144622232 0.2843222169334261
1217.9586829822981 0.3963498040286663
1217.851122987724 0.3963848094426829
1217.2360607052688 0.39658510037514605
1215.7681249137715 0.39706394288736974
1213.5086038745671 0.4051872035835635
1213.1905659735041 0.4052934234070435
1213.083399508442 0.40532922792264164
1208.3118772052812 0.4514912431262693
1193.1223349056622 0.536299639873457
1190.1637968743805 0.5530841292666513
1187.6942626250186 0.5736033853879795
1184.4908538459001 0.5855107850380677
1182.5842576670518 0.5940239200307557
1181.7581930856888 0.6035263222516486
1173.1869633283854 1.2059588973106896
1173.0906382731298 1.2060579212510651
1172.9175660413455 1.2062358835752176
1172.21346565764 1.206960419825096
1171.1101445654037 1.2080975160195635
1170.2702508376806 1.2089645580771193
1170.2524657267913 1.2089829315216165
1170.2379874093456 1.2089978891959163
1170.2219992117193 1.2090144071704503
1170.0072331565698 1.2092363333667067
1169.8574694255371 1.209391138332028
1169.8263424308238 1.2094233180754685
1169.8258068867146 1.2094238717472456
1169.7666387947947 1.2094850457459223
1169.3310627438852 1.2099355791633994
1169.3048283146236 1.2099627251809253
1169.2718946519658 1.2099968049397922
1169.2038964611138 1.210067175551729
1169.1831056807973 1.2100886933453858
1169.0821738272875 1.2101931654667344
1168.9528385570727 1.2103270636488552
1168.7053945245968 1.2105833200250533
1168.6883615379681 1.2106009636075357
1168.080662684437 1.2112307838255825
1167.9409706848535 1.2113756535188258
1167.6183720095 1.2117103417958766
1167.545127943582 1.2117863564954576
1167.4244483221391 1.2119116219196842
1167.172524197595 1.2121732025926757
1166.6369894567401 1.2127296403430543
1166.2703591747838 1.2131108756256608
1165.7602233751825 1.213641732035181
1164.998521786001 1.2144352376222705
1173.4742222869704 0.9393401449332969

1278.1826002472883 0.3478642711330471
1274.7720987718303 0.3487949407100651
1261.0208666607562 0.3698640451043412
1253.4853174220648 0.39312761728459455
1242.7403044880489 0.42248386201090277
1242.6466458980822 0.4225157047257487
1240.2542799460416 0.42333070871527917
1481.816954108249 0.20374913933206626
1343.0797612678134 0.30996262880861547
1282.2025952632196 0.34677363799804833
1278.224318154223 0.34785291775079413
1271.1125964127793 0.35737338875075714
1270.7953975149044 0.35746259150146215
1257.047492692599 0.38616944417701965
1254.5551070823692 0.39279238780142794
1247.0030474197588 0.411807693862894
1245.202381986027 0.42164850542552834
1244.8978895261846 0.42175163741063815
1244.8659350064127 0.42176246337242046
1243.4202440342272 0.4222528351422462
1243.2391341539465 0.4223143471702382
1242.1004843152507 0.42270148828269766
1240.705629117086 0.42317670766944515
1240.2276609591338 0.4233397946556655
1239.765598331382 0.4234975740763994
1239.440094113599 0.42360879384993866
1239.0060340805117 0.42375719639360426
1238.832613920521 0.42381651678924925
1238.3406691861533 0.42398488265896556
1238.288052679117 0.424002898340788
1236.3974581239818 0.42465124775763413
1236.1801422737074 0.42472589986036635
1235.447195674158 0.4249778745340984
1235.0103503166351 0.425128196846371
1223.5990533955885 0.45820179081952267
1218.545564183754 0.46726572100342106
1215.9381506798602 0.4897262089830077
1212.4378917631684 0.5199513262119224
1207.1301939423913 0.5328360644428486
1206.817198320339 0.5425572380479723
1206.7185609905755 0.5426015867461154
1206.4158701830947 0.542737725963521
1206.3041293610286 0.542788000150759
1206.2264083410132 0.5428229737152012
1205.884138948438 0.5549622086958137
1205.8064179284227 0.5549979791381406
1205.3814106056761 0.567472294957052
1205.0294110088578 1.2620334015154937
1204.4775547232662 1.2626116282018458
1204.112251036549 1.2629946794350486
1203.9748263805045 1.2631388407626813
1200.994837572683 1.266273025432288
1200.5698302499368 1.2667212919927537
1369.392985070609 0.20771198952482392
1292.8183350462602 0.3244975965627511
1345.8137517705584 0.23726014635710133
1249.4090759848348 0.3969352484833946
1248.9351007041469 0.4111706436214399
1216.7048396089947 0.47318600431062696
1215.5726468442278 0.4970596409737433

1450.0777748553126 0.2381340052998417
1202.8133854781543 1.0775538730089802
1177.8482414316366 1.2174795801249638
1177.675169199852 1.2176585020497825
1177.036157639575 1.2183195674335678
1209.7087630008182 0.6788431160218071
1199.409677511806 1.098504924242209
1286.9110374992763 0.2633244416723125
1208.8826984194552 0.6888735949172203
1212.9544962228852 0.5302775197365733
1198.5834182829649 1.1446517108452376
1201.8369881060457 1.0962863100151334
1279.5166773386643 0.30821048996749045
1254.5474890489704 0.3786832245974148
1253.6803656548616 0.3789451454920868
1206.9284760956637 0.992368441438901
1250.2329529752456 0.37999005499982247
1248.8494498233774 0.39657965290538555
1207.2256168920567 0.7930921478368508
1205.7778505161325 0.9933154189543282
1201.2078519231802 1.09686049322856
1218.437048578844 0.5091378916522071
1207.6456073046475 0.7138025547435941
1210.2622043438487 0.5651837700292539
1249.3117464521506 0.38027024872918674
1223.8904265689482 0.4889800155735247
1210.687211666595 0.5408229306792978
1256.3883532663947 0.3426194039226263
1207.5436547931197 0.7928832664758777
1227.6758861376031 0.4690113220743654
1253.5894470269325 0.37897262910944673
1225.4612340880385 0.47106545082287254
1265.05525275463 0.31399061237429043
1195.6513062556285 1.1647011998305474
1231.2660670079522 0.45298581897163537
1266.029355502741 0.3114939320561997
1232.4050062502179 0.43781771833150385
1255.3942906508905 0.3428907012698599
1235.3297263749669 0.4181733508349095
1178.8060059279428 1.2164903938543157
1234.7360796252847 0.42447060592141383
1247.9282433002825 0.3968724035223738
1243.6955619795922 0.40076719150243456
1230.0133736983478 0.4533219227700051
1253.6943526692608 0.37894091773817273
1202.3651386321746 1.0958047556413255
1237.5284945416986 0.4090241855830927
1203.6329635391294 1.0295060369250357
1185.6354078356567 1.1745402522323456
1240.7131431182186 0.4017305532896343
1252.7283049689893 0.37923313992287766
1232.3771910874489 0.4409838812295833
1227.1500242492925 0.47041717580927506
1238.6930873789465 0.40238569387133466
1182.696155083734 1.1774592358223221
1183.5082388757955 1.1766513026539542
1234.7920691744396 0.4244513590227267
1253.6495114920842 0.3789544718908095
1208.0706146273938 0.6893366664251586
1190.4360913375317 1.1698036720394143