1292.4776494462988 0.2689097212018345
1242.1490574765803 0.37564918362800986
1228.618549116402 0.38259509379877743
1227.9318359346205 0.3834458507251077
1226.2169545865247 0.3987967423932964
1225.8343816471458 0.3989212036127207
1224.5700230153593 0.3993330865248538
1223.9926838119395 0.39952144602170586
1223.9329801759104 0.39954093473831487
1370.9073663592424 0.2028365960869551
1314.604130213331 0.24828545485762468
1288.210329027389 0.2698005104761251
1278.7918583373416 0.29597655989542404
1278.5338668321479 0.2960362841156191
1270.0568482840129 0.3031056204323699
1269.7619445223427 0.3031760170827298
1269.7475890724631 0.3031794447152415
1269.5669192827 0.303222589637896
1267.2877513839626 0.3111809476278134
1265.4986902729443 0.3332638934087118
1263.5926466721917 0.3337665993346022
1263.4760937254478 0.3337973885840944
1263.4617382755682 0.33380118118939184
1263.1637398044595 0.3338799296829673
1262.932276820591 0.3339411212814375
1247.4569837433785 0.3477981228154755
1244.8439781040615 0.3651974412034062
1242.9851808727694 0.3657435683841882
1242.4911967944847 0.36588897907199264
1242.255599786491 0.37561696599763916
1242.0538009588884 0.37567799319574247
1239.7689289764048 0.37637036102415483
1232.8468499857618 0.3784835718976515
1228.3357109939707 0.38331977426707337
1225.7398651812214 0.3989519643176785
1225.7294181554537 0.3989553646288643
1225.2219668618543 0.3991206003341854
1225.1136774359763 0.3991558791343998
1224.9988897198475 0.3991932817738061
1224.9978588500803 0.39919361770605477
1224.639683333339 0.39931037154169124
1224.3745446370397 0.39939684232940326
1224.3368552352608 0.399409137171297
1224.258234149488 0.3994347869722589
1224.013985931911 0.39951449295264607
1223.9921919102837 0.3995216065825837
1223.8597658299577 0.3995648362742873
1223.838463709986 0.3995717910958027
1220.8496977101518 0.4445137624133027
1218.9313571416758 0.46058743107553546
1216.4388646552427 0.5059072876505951
1216.3791610192136 0.5059321191386165
1216.3443481893182 0.5059465993545426
1216.2846445532891 0.5059714347018877
1304.491987171309 0.26643306957052565
1288.183714680389 0.2698060846534142
1221.4855838254302 0.40243961650678767
1222.7595839820754 0.3999243460141247
1246.9843017850656 0.3489914976223807
1272.3626614533555 0.29747211743908775

1287.2298466966356 0.307059171467028
1271.7559438755668 0.3269417430586121
1271.3764648035983 0.3270393282764278
1271.0719890154503 0.32711766810146753
1270.7980632255624 0.32718817967070424
1261.6606380071623 0.35791863601452095
1200.1349500685774 0.6825393346058661
1450.9215903610611 0.22954288230184983
1332.5673725057852 0.26309803774097007
1328.873936475723 0.29743658850180127
1291.4156022120835 0.3027848962196728
1287.6075313221252 0.3069691040160714
1270.4054446369835 0.3272892971224944
1268.6561580821424 0.32774057997273903
1262.832049209437 0.3292521007018493
1260.669527943792 0.35820002360592273
1259.668088254257 0.358484793636835
1257.893663440793 0.35899048368963227
1245.2344016311831 0.40231967835725885
1229.50709528869 0.4409325303120745
1225.0075237313076 0.44255211830127617
1224.2934465526196 0.44281023972547295
1223.5484275909798 0.44307986699772833
1223.5478320865516 0.4430864097853325
1223.4887239549507 0.44310148834870045
1221.0793211741873 0.46365313324721585
1221.078725669759 0.4636533593649003
1220.529429930687 0.4980150082184586
1218.4936353205558 0.49884706530936734
1218.0479553699429 0.49902959189582097
1213.0787754118041 0.583674405456967
1199.792189779177 0.6827343245231615
1199.7708876592055 0.6827464465779965
1199.732486143148 0.6827683001986448
1199.7111840231764 0.6827804234600073
1214.7332413995537 0.5003913232649148
1214.062508160741 0.583201464711738
1277.088384163629 0.30949755327479017
1236.3909451159675 0.40519732526564367
1247.4740426537605 0.4015973774315239
1251.3430362326465 0.3750536862474596
1231.1061440387284 0.4285970284997777
1254.9307897180986 0.35983805510913686
1261.850117305473 0.3578648909848425
1251.7455001580759 0.3749330981736101
1392.4290490837957 0.23228952421722657
1222.3442632886008 0.4527610727141657
1220.6822919093174 0.4979526434573341
1216.0245289037634 0.4998599613987775
1265.0010024241958 0.32868756960589374
1200.1946537046065 0.6825053817134056
1205.7128676188677 0.587240173034934
1221.0196175381582 0.4643114593172832
1220.6864673531886 0.49795094017531294
1271.9668266028732 0.3107437410690453
1202.7703132678998 0.5886768447811233
1202.4320814243106 0.681235408561921
1271.824164286644 0.32692420596446337
1208.02398314138 0.5861167020622678
1201.3094508809972 0.6818720269422036

1268.9911993800933 0.36100813030745177
1262.322834505629 0.3895084120347393
1237.5785849604242 0.423920183165353
1212.6330120113896 0.5304181029539341
1211.5042566225459 0.5404581967997768
1211.39251580048 0.5405080495456168
1206.1099440838432 0.5835775440399801
1199.2591016657275 0.700522428884439
1424.1475205275913 0.28051165820106344
1321.4669252026347 0.3059146645657725
1265.5300154153647 0.3674032313611891
1257.0374265114385 0.39114616030806343
1256.9449329556492 0.3911749431912683
1256.1745318062892 0.3914148474547324
1245.337524055574 0.4086008728307983
1241.8514000789173 0.41351602064892656
1238.0665746427144 0.4157832999392853
1237.636806241511 0.4239002409852094
1233.6098412500135 0.45194361959281165
1231.328433968793 0.462414865048323
1226.5888789655721 0.48534472548016
1221.286072482744 0.49473429447172534
1214.538845164313 0.5190518955254656
1213.5076539438774 0.5211429611600604
1213.4758154345966 0.5211566346216939
1213.132424098882 0.5213041541087048
1212.484250697542 0.5304831806601712
1211.7689469180475 0.5403401429082482
1211.7359071361946 0.5403548760859506
1211.6581861161792 0.5403895367952338
1211.4883686104843 0.5404652846155348
1211.433026149638 0.5404899749436065
1211.3147947804646 0.5405427299087381
1208.972066910772 0.5821959814250987
1208.9196384432246 0.5822212301200058
1208.272945391631 0.5825328471478014
1204.4957898299042 0.584359600883324
1202.7768034164808 0.5851947568421175
1199.699851070614 0.692700104262549
1199.5931184905828 0.6927617365511777
1199.476595047627 0.7003954076546931
1199.3368226857428 0.7004770326982412
1198.9715189990254 0.7006904546506819
1198.8340943429812 0.7007707761440214
1341.4805482000481 0.2885999907692211
1315.49019316265 0.30730454188049094
1200.096153524498 0.586501903987878
1199.9073650114608 0.6925803075743612
1287.9837297746642 0.31955315091924386
1210.8897874577183 0.5648908451124056
1274.8470690880254 0.34548573179227204
1225.9741207395798 0.48558470318191926
1284.1366922700024 0.32051047342526623
1210.9494910937474 0.5639891493554391
1245.753564096406 0.4025672887234863
1263.6102544077241 0.3679614148637272
1234.6020410307658 0.45158041076489003
1212.1408593618273 0.5306334629698335
1219.5209258197692 0.5077931527315798
1202.3170482391386 0.5854185300304007

1292.1061510198138 0.24669989677664733
1210.1033424942666 0.4543867172193871
1204.5005769353616 0.46128824270811564
1200.0943575792212 0.5165806954078133
1198.4362874607064 0.5172953992463227
1195.5830694959932 0.5185299069638127
1171.873909988503 1.2073101419662602
1171.8739099885029 1.2073101419662604
1167.88628898131 1.2114323714416155
1377.558497684062 0.18772964943340914
1375.2788728025137 0.18804082499810076
1360.5445171884912 0.19007725993313812
1356.3695762562893 0.1906623226967589
1355.111135143763 0.1908393836766806
1347.4832888610051 0.19191968908411347
1309.187966059175 0.2239467908323886
1294.0649761257034 0.2463264673427767
1281.5580968484273 0.2819093779449774
1263.2847017982622 0.31362029989889945
1242.3105910203794 0.3377611195845382
1215.718096117317 0.43149788655307664
1213.439738080158 0.43230806825966944
1212.7159696726935 0.45171174538307324
1212.1316247983457 0.45362638350736306
1210.5214301770177 0.4542297819641002
1206.0430439650318 0.45591646835792377
1205.9804501970766 0.4559401317014072
1205.9485274991073 0.45595220090567634
1205.1297131182273 0.46104742786382197
1202.4200835356576 0.4742064682010011
1201.383172361138 0.48839061699165326
1197.8237206965705 0.5175599439897133
1190.9483324940686 0.5431243426080522
1180.6160381452 1.0193982476693324
1179.768983466799 1.03647347228197
1178.9116551623554 1.082081474683098
1173.1237759891028 1.206023853230572
1172.6201639462172 1.2065418113513418
1170.6916819219646 1.2085293493433091
1170.554872876509 1.208670596670128
1170.3133238238825 1.2089200625453087
1169.7505502660567 1.2095016807754269
1169.4558476997015 1.2098064748811956
1169.3275089562371 1.2099392563659652
1169.2955862582678 1.209972288668401
1169.0852548394662 1.210189976118596
1168.7919742153824 1.210493644589364
1168.6664500754023 1.2106236613051502
1168.6481787455978 1.2106425889042234
1168.4933778436177 1.2108029736939803
1168.1628380325167 1.211145578828449
1167.8543662833406 1.2114654853219247
1167.3507542404552 1.2119881290994972
1167.1120469797283 1.2122360147820068
1166.1312700117521 1.213255568235056
1165.6276579688667 1.2137797580233507
1165.5021338288866 1.2139104816452377
1164.998521786001 1.2144352376222705
1187.2139058996963 0.6049960228462841
1226.6514261153336 0.3871997793822112

1230.6486260274455 0.3960551440300043
1211.9274919428267 0.5574723020179612
1298.0740391108038 0.25632301523137635
1297.0373922176962 0.25652787937713334
1287.6396169934183 0.258400135649254
1285.9535116510015 0.25873894249199914
1283.235698524085 0.2592869354251431
1264.136207206787 0.3225010851782908
1249.3222447298012 0.3263251737949565
1248.445906254033 0.33925057828247207
1233.751888611615 0.3950589444528598
1233.6358953821361 0.39509609006687213
1233.0868809492129 0.3952720009934982
1232.46243343437 0.39547227210279234
1231.900424516165 0.3956526916719405
1231.7972939472468 0.39568581716051454
1231.144848166283 0.39589551104209
1227.891503135314 0.40789158970506795
1223.2664219020335 0.43614688231220594
1221.435307684575 0.4368007317236954
1221.3025609788097 0.4368482087863536
1220.3286016047787 0.4379180740855753
1220.2102916027093 0.43950016301459854
1220.0732670414309 0.45462107903503407
1220.0233206014404 0.45463969073208854
1219.2904275959224 0.4549129662715557
1219.1537787342536 0.4549639551952532
1218.819375891032 0.4550887819277372
1217.363408856129 0.4556330682596745
1210.4749658750552 0.682830408507412
1210.0404729689515 0.6921210235513048
1209.945956503027 0.6921750894645684
1211.8677883067976 0.5583729490312366
1212.292795629544 0.5056584578017668
1226.0356549672897 0.4085090145380569
1251.15592053708 0.32584691639580116
1214.759564096294 0.46434063293814454
1270.8881371818352 0.274204231991999
1212.2496802933406 0.5564265559292904
1212.4822574716254 0.492267606521838
1240.9476719946097 0.34130044739944954
1274.7440825267536 0.2610141566916979
1212.005212962842 0.556538789864666
1258.9398061688564 0.32383224093771834
1266.4931583485852 0.2828776708252528
1234.100901105109 0.394947218979556
1212.3705166495592 0.5047285485406523
1243.4046511829538 0.340626034531977
1255.4188593907716 0.324740460594322
1216.743821438341 0.45586508465560577
1267.1504084343771 0.28148170320879373
1214.1066028859545 0.47667907845693036
1247.259285033449 0.33957333549912777
1229.9276343871384 0.40490877029561334
1261.4362178299264 0.32319136938901805
1265.8078573736123 0.30836496703817695
1248.2259948982444 0.3393103471503911
1249.5681862043602 0.3262609460918868
1212.9223729351506 0.4831175952581939
1257.6969721279092 0.32415224626611844

1382.4897859887349 0.22583282468354687
1376.0742638708737 0.22688570062181262
1370.0845410085947 0.2295387299062399
1228.5256763293653 0.398047298789571
1227.4342549620521 0.39840123817601386
1225.237744355426 0.39911546082331484
1217.1446668938386 0.48869087936671196
1210.427109100019 0.5680060080133482
1184.307669976609 1.0225847553464564
1178.515915354471 1.052239616777689
1195.2396760875977 0.7985839973384973
1289.4733942111934 0.2869624353295134
1325.204888843484 0.274930850965404
1206.6280210422196 0.6732403588050528
1257.7546630406384 0.34298758113803646
1365.3906420901578 0.2401439038110462
1196.986338017192 0.7214448753492317
1218.7484327941954 0.48804780508899015
1267.4143408134696 0.3238563837918601
1195.664683410344 0.7488545290016742
1220.7320237558888 0.46677666159839515
1343.8235971780018 0.24960739955053854
1350.6218819439437 0.24316735365304887
1269.2645596774064 0.3208525528647791
1240.7611127021803 0.3796404527600077
1217.1273954859892 0.4886978140388927
1331.3568225986405 0.25811396481449406
1328.5833230877965 0.2742317335027816
1238.8706434388992 0.3947234762130778
1232.2526543821414 0.39684339507609157
1221.4390695703034 0.4407173721037015
1222.5984647103978 0.4402994380115846
1248.5243345149763 0.345523285061946
1272.1856374640008 0.30218683861445206
1219.7931974513879 0.46940440965912966
1213.0066007199812 0.53579674282088
1228.9457769756334 0.39791123100643555
1222.424198062905 0.44036220632644374
1214.3435252325135 0.5160758651332448
1261.971532969037 0.3262924196804339
1180.1932155152977 1.026149746530436
1225.0754848886722 0.42713956996222463
1188.090271466131 1.0097307959371316
1185.959945539488 1.0115445635113276
1190.696796574648 0.9846899920802503
1182.323541441941 1.0243008165776528
1336.4161559911863 0.2545605299513374
1341.1537971752086 0.25010428651266087
1267.357185042129 0.3238709891940606
1329.3503731514834 0.27407349871916353
1337.8594296064816 0.25428591179023324
1236.9643111243633 0.39533179943731606
1331.2996668273 0.25812504624350696
1327.3102041024836 0.2744947689448498
1243.8164410523193 0.36549913676687734
1337.8558241011056 0.2542865970877111
1189.2936916401552 1.0087090715147238
1179.0780235998507 1.0517379768922301
1221.114852058236 0.44083438672330716
1223.173938008818 0.44009228793912847