1264.9470365107834 0.23618051473947427
1299.8208792735543 0.21544587037652535
1288.8834175338413 0.23179430981657823
1264.0041731571446 0.23635668975291205
1245.2665775867304 0.2851845852122545
1244.8418419437694 0.28528188918620634
1202.4710724202246 0.5001441288371192
1201.1247135377112 0.500704747965847
1226.829140538649 0.3836586043288056
1271.3266790567075 0.23499533764441938
1277.1680276785296 0.2339205458692299
1228.6228715288041 0.3091500108951905
1205.4270947795937 0.4310745572757656
1239.5995009841092 0.2864883634801559
1204.350569199337 0.49936360919169215
1260.3480070383976 0.2370423411096706
1266.3621009042604 0.23591660077947635
1242.8571346700985 0.2857374532447936
1247.2866897502286 0.26695816239098663
1216.5241904098907 0.42714230864183966
1246.1034099652416 0.2849930668415885
1231.9255511965482 0.2888986532159784
1227.6787128720398 0.30938776581914995
1212.8516684772778 0.42843569804600606
1208.7510587808702 0.42988913840904214
1272.9457917763136 0.23469643729635561
1258.167169881649 0.237453217150303
1260.9447388802564 0.23693016274970968
1229.3166911963415 0.3089755283071686
1210.890439141655 0.4291296176875151
1276.8279850962897 0.23398284317739104
1269.1078111955062 0.2354061960424464
1229.324186701501 0.308973644404052
1266.9588327461195 0.23580548513461902
1264.852741051221 0.2361981221252625
1221.2243976241975 0.4248387838065467
1287.47096799299 0.23204860507807276
1269.4442750184473 0.23534380207193253
1240.5436596408733 0.2862703216028388
1279.3693368170927 0.23351805737704773
1242.163315002561 0.28589705404963056
1241.3624794310338 0.2860814937555758
1277.5410718637504 0.2338522406684328
1282.9111674085061 0.2328733662867549
1271.0243726107828 0.23505123004653455
1228.3725325395772 0.3092130148286039
1237.9833139399054 0.28686237399884235
1222.5732040606752 0.4127807711757748
1223.0363566354904 0.4126244549093228
1275.4508733791508 0.23423547581238652
1207.4769049901658 0.4303427660295977
1234.8290795180937 0.28759513223186267
1263.3641300305242 0.23647643232839854
1219.0201854037043 0.4256069702978112
1273.1076609430131 0.23466659683753352
1221.3495513497778 0.41319433034816516
1270.9536348714867 0.23506431234330452
1280.8552730311603 0.2332471501595023
1223.9188092825557 0.3934220778703762
1229.6258752002254 0.3088978377731038

1301.8064399293996 0.21497191319047082
1283.7854628125783 0.2179895544090257
1382.5919058594832 0.18216168744348551
1381.2870419228175 0.1823337705872297
1379.7048345150538 0.18254286592073268
1379.6965931494574 0.18254395630720063
1379.6198511939965 0.18255411039432287
1366.2713409788387 0.1977431048413534
1315.0156003094505 0.2084680965312578
1311.9971521282177 0.2101806396263312
1308.949095901542 0.2106700722630515
1308.3562496269305 0.21076553171268453
1306.9470901130478 0.21412635837545058
1304.0962389953213 0.21459445447898634
1303.699093937886 0.21465982625637398
1303.6024376136834 0.21467574232799308
1303.449921229267 0.2147008614886977
1303.0268696991495 0.21477056805429698
1302.368995505408 0.21487905652015094
1302.1432127338542 0.21491631508622536
1299.5709253365646 0.21534170666585387
1299.5674742223046 0.2153422785244525
1299.5018242173035 0.21535315747929398
1298.8931027404933 0.21545408194473303
1298.8398200611186 0.21546292057948296
1297.7372359776687 0.21564598228120382
1296.3321558744396 0.2158797185791669
1296.320159532049 0.21588171636266215
1296.1352316432815 0.21591251758544805
1296.0221822715798 0.21593135119399998
1295.908101948536 0.21595035988625408
1295.6986755077105 0.21598526438690752
1295.6358920007237 0.2159957305313231
1295.5803118546107 0.216004996706606
1295.3113463256304 0.21604984916494846
1294.8020204898066 0.2161348349529409
1293.8582048719009 0.2162924963041106
1293.1344245932796 0.21641355737886148
1293.0751154590857 0.21642348356223823
1292.5647901679724 0.21650893102150123
1292.5466479821298 0.2165119699410399
1292.1026083823729 0.2165863757102501
1291.6133000680497 0.21666842620818053
1291.3486156357849 0.2167128361829048
1291.0951011314316 0.2167553890879571
1291.0458892858105 0.21676365132931802
1290.965277624408 0.21677718668798973
1290.4638727932813 0.21686141463963948
1287.5398924153972 0.21735390308590963
1287.520811218504 0.21735712429412948
1286.8337414397988 0.21747317620237494
1285.9574071649304 0.2176213764437739
1285.9201606974943 0.21762767981140035
1285.9024536861573 0.2176306765673227
1284.7239125011465 0.21783032001830901
1281.526101856052 0.21837387517116152
1281.5070206591588 0.2183771266827345
1280.488382206423 0.21855084738299863
1274.8403784307898 0.262027975171567
1271.4241633910215 0.2627320233841114

1296.6408862051476 0.23739947432836964
1261.0191679580016 0.33428328925762807
1255.2038398151053 0.33742407584847217
1254.9126404724507 0.3375023742621736
1230.5076240521485 0.3826431939623965
1192.4716800395427 0.9803334124635713
1413.7570302543782 0.21719840528556567
1296.3783956370964 0.23744754295021742
1273.5348521400997 0.27431583738146
1271.2073093118265 0.2748181015324776
1270.5408257542895 0.2749622619894045
1270.0567066517483 0.27506707186349105
1256.2189628745505 0.3371514108351834
1255.8897992486602 0.33723977685338896
1255.6040980110738 0.337316512682591
1254.8483518294981 0.33751966525164095
1253.9832629266286 0.3377525108768912
1253.792015202456 0.3378040301067599
1253.7776597525767 0.3378078978809107
1253.3025641074014 0.33793595240324653
1253.1575134971729 0.33797506785009684
1230.2715438662487 0.3841723762903323
1229.8195233914823 0.38431357894374607
1229.7250069255579 0.38434311722351105
1229.5031226745393 0.3844124783199788
1225.7078599402214 0.4004235577044844
1186.7488695672323 1.0204812492466027
1182.548256250027 1.0257407692597638
1181.9191200671612 1.0729093318656413
1210.578596630653 0.9517302087755124
1300.7474301195846 0.22539997912460222
1238.0375515009196 0.3668813390754359
1215.5136710122867 0.527768000732648
1206.181289124516 0.955199878242781
1248.8396836901168 0.33914360760829293
1188.453977913014 1.0190171360986457
1218.1354821537655 0.5002013378619139
1236.7018714011501 0.36904998778004316
1218.4067623672536 0.45486361337638476
1290.7846903855507 0.2384765383960578
1281.9019149770975 0.2595835346992873
1269.9962844797014 0.28027185545350747
1289.7227112667326 0.23867290394183927
1218.7646183366312 0.45473005546302686
1220.6418266504465 0.45193112957600134
1222.522159159284 0.4035633720452451
1277.2168044506896 0.2735250414666564
1246.8674390940828 0.3487865302418435
1226.4973054648979 0.3859528098600635
1250.4536957513 0.3387058609927942
1269.4788830912732 0.2877417861528618
1220.2887634504777 0.45206188571795125
1268.6576734348866 0.2927865586731631
1262.1516180906385 0.3297844146368286
1264.1496281914508 0.30033079303470556
1204.3770090613075 0.9566308654533687
1244.1566527783912 0.35633075219414323
1269.4665039093882 0.28887507246852
1217.7776261843878 0.5003483269597555
1240.3343363844078 0.3574929021631656

1370.1214999530118 0.3004981873996449
1366.8639514892923 0.30121434309871625
1364.501689315426 0.301735813503993
1364.1634834681417 0.3018106203857918
1221.5072776208303 0.5364087036817645
1220.4696612904027 0.5368647465055864
1220.4130217093489 0.5368896624920464
1220.3980407194022 0.5368962530783697
1384.1780176742584 0.15835291996393952
1372.0849721933737 0.30006817041003014
1368.9128813754376 0.3007634984335025
1368.6765145417194 0.30081543949851486
1368.313310436638 0.30089528773331925
1367.9161824865141 0.3009826424487245
1366.3661638270823 0.301324079996222
1365.4364020042558 0.3015292595457547
1365.3061973414149 0.30155801537770827
1363.6595116774013 0.30192216145415807
1363.0051560296852 0.3020671091608078
1360.886042078259 0.30253747523518687
1357.7590708629389 0.3032342306440937
1272.7934025187358 0.3137668581189294
1249.9088002847536 0.3376327357756386
1243.227114409333 0.38856787730193904
1227.872833557365 0.4848338225737208
1227.0697041239787 0.48515115117526764
1225.8876638985328 0.521475191816501
1225.473931626565 0.521651247063632
1224.4426784872403 0.5220905934663821
1223.5774967020686 0.5224597595166682
1221.6146659859273 0.536361549652498
1221.4483966903251 0.5364345617071133
1221.4269934054935 0.536443961746395
1221.2355720767293 0.5365280461100616
1221.1462087444513 0.5365673091677672
1220.9893749372627 0.5366362302375464
1220.8676959548798 0.5366897146164201
1220.7520915395655 0.5367405387772742
1220.7499152497562 0.5367414956505454
1220.7324345920003 0.5367491816873239
1220.72212975324 0.5367537127051839
1220.719546308269 0.5367548486529813
1220.647263854594 0.5367866333942668
1220.600976354031 0.5368069893599565
1220.5973393338124 0.536808588886525
1220.5471969608404 0.5368306419923333
1220.3834814910697 0.5369026582741612
1220.271916038153 0.5369517455205816
1220.251582610627 0.536960692912708
1220.2150237242806 0.5369767808025987
1219.9695262146843 0.5370848379790817
1219.9573149581397 0.537090213971063
1219.8950407929415 0.5371176317763601
1217.5707775179594 0.5381429543357829
1208.932998213126 0.5591283906394251
1233.9666402219887 0.4781840643577968
1309.8890906412894 0.3066835768978552
1372.3676882035697 0.3000063545594718
1216.541164559293 0.538598408680889
1259.9261198581626 0.3284731452574089

1216.6358432584634 0.17393154858103899
1215.7682365056894 0.17405567107539127
1214.9876401699835 0.17416749708460996
1213.6059803421772 0.17436578239131517
1205.0677974512816 0.27062006686677054
1280.7352469622106 0.1361528783474884
1229.0516147493283 0.15961864993995797
1227.7243730517084 0.15979120701593383
1227.6588070449266 0.1597997410412695
1227.4788200861526 0.15982317270374077
1227.2538502657285 0.1598524701391939
1226.0962521720753 0.16787965846550112
1225.6257293860951 0.1679441081606378
1225.237052863446 0.17271054265180394
1223.4664934920204 0.17296048351366064
1223.1342172073716 0.17300746990815802
1220.9644758828465 0.17331491657374576
1220.836057326159 0.17333314740114084
1220.736136027988 0.17334733529366997
1219.878793850318 0.17346916541538632
1219.8500230099623 0.1734732567820057
1219.3784242969393 0.1735403481484037
1218.5684633984472 0.1736556973475114
1218.305999187142 0.17369310864292764
1218.0522585263623 0.17372929182296068
1217.7388120086155 0.1737740098207904
1217.3631724521076 0.17382763095329942
1217.0183414444662 0.1738768834214803
1216.7752809015308 0.17391161671229555
1216.746510061175 0.17391572897669824
1216.4630322391374 0.17395625733700334
1215.3925969491816 0.1741094661990859
1214.6652677555373 0.17421372117452485
1214.0963632692094 0.17429535470095203
1213.5844891107743 0.17436887021537004
1209.7066365927242 0.19121974584989698
1208.4773944208196 0.20911050617735022
1208.2119813142115 0.20915644237888378
1208.0815279597118 0.20917902790717147
1204.219334822655 0.2716979604761474
1194.0878378899556 0.3283906484129402
1193.9804505245365 0.32842018407790513
1193.8885965010804 0.3284454516911315
1193.794080035156 0.3284714557598917
1191.896533399176 0.36085807534832565
1190.7381536205567 0.3612091270855728
1190.3944011509343 0.36131343413655165
1190.3548456380042 0.36132544058846655
1189.9968202895352 0.36143414984261896
1188.2771951905984 0.361957202239987
1186.0094331307191 0.38517938167745963
1183.856755961302 0.38587977626227066
1207.8551975159753 0.24086311943584476
1231.058619583304 0.15809588631387753
1207.9870114937873 0.20919539469114778
1193.0115413014607 0.36052081154853227
1187.8108191537344 0.3620993192865512
1195.5137051340928 0.3101108366265665
1205.292767271706 0.2705695551989838
1199.9152300988148 0.27267254305149047

1246.8087173074794 0.33825960211022416
1242.876026392526 0.33932991840554744
1237.6204279864744 0.39512221671399156
1305.208478361678 0.22427122099193345
1294.099461635093 0.2915300934069451
1281.211161283734 0.301928133805647
1278.3740584686188 0.3186697738819978
1265.049770338865 0.32085245428846104
1258.339906248852 0.32374334639295976
1254.9278297518538 0.3246235859072157
1247.3297369675731 0.3381183083546985
1246.3949850355116 0.3383718850665713
1246.3853643364694 0.3383744969185424
1246.173100784493 0.33843213303070757
1246.061380455308 0.3384624764390678
1245.765184674883 0.3385429499974773
1245.5602935233235 0.3385986393569069
1245.5385061843135 0.33860456222746244
1245.475693156162 0.33862163905844056
1245.4724735982318 0.33862251439852753
1245.4498049298638 0.338628677731205
1245.3778725746245 0.33864823674126704
1245.338409272305 0.3386589681036397
1245.290733706997 0.3386719335560549
1245.2708094437128 0.33867735228804474
1245.1592508687943 0.33870769568608966
1245.036072657896 0.33874120588622625
1244.9642248603395 0.33876075488940127
1244.9095192066718 0.33877564121507175
1244.8141884068775 0.338801585450869
1244.6040262375702 0.33885879503292254
1244.493265435702 0.33888895371107725
1244.4799872358326 0.33889256954685365
1243.9354802948926 0.33904091273609005
1243.9179295849456 0.33904569633843074
1243.6189303036383 0.33912721199975215
1243.5895721669042 0.3391352179715639
1243.5343299364768 0.33915028356758825
1243.5244138377138 0.3391529880160654
1243.4398134705523 0.33917606309135195
1243.3025295866953 0.3392135144808122
1243.217929219534 0.3392365977932361
1243.2179292195337 0.3392365977932362
1243.1078267423075 0.3392666440925027
1243.0979106435445 0.33926935039706724
1243.0260811985845 0.33928895539932713
1243.013310276383 0.3392924413095884
1242.7914260253644 0.33935301756368846
1242.756907498491 0.3393624433541916
1242.5995780044152 0.3394054111150586
1240.6630935291632 0.34970267069430133
1240.2255832334513 0.35089335752692036
1238.545263819773 0.39482717446141974
1238.0341602584422 0.3949901728514927
1237.3990553336112 0.39519290470501767
1237.3293700705606 0.3952151616094331
1236.7239414064823 0.39540863614267824
1236.3820385794745 0.3955179804442792
1235.7624511616868 0.39571628551817245
1234.2552337853192 0.4194916985391733