1239.5401790092926 0.37054040495608154
1227.046852044712 0.4789377791112002
1457.3986134791935 0.22365427815401798
1416.6679432671742 0.23853820178345173
1254.6068583123595 0.3155040337562853
1235.8365933886212 0.3809932235226603
1235.1900016280924 0.38264262329398313
1229.0732731124976 0.4140752511185976
1224.9591112020335 0.5218704843540973
1224.4223539213453 0.522099259809851
1224.064326491279 0.5222519689871252
1200.451071562442 0.5863285024141321
1200.3136469063977 0.5863956315290771
1200.0808861966123 0.5865093654156673
1196.224217043034 0.5884002923386106
1194.971924204954 0.5890169172626734
1194.5469168822076 0.589226483332888
1228.707921637961 0.41419837476816573
1218.3567306831042 0.5246985456538217
1225.1469174590616 0.5217904853426129
1217.786942401325 0.5616914844120171
1207.4502541251434 0.5678093228374891
1225.7882892581347 0.5215174678034047
1228.1294430124947 0.46617465601213853
1227.1245730647274 0.478020742782834
1201.3846308869022 0.5845282504063329
1201.6207110728017 0.5705639931444338
1245.49065333471 0.36877010570869856
1211.5731464223334 0.5658771104157198
1231.8919099303866 0.41312782404421616
1226.987148408683 0.4798235066502876
1215.521876492772 0.5640388086909339
1206.2928119047658 0.5683541378914213
1220.878182518842 0.523614897727197
1202.0457183955477 0.5703622588247896
1212.868296859483 0.5652728436632408
1222.207397911749 0.5230454387440461
1199.0930991108069 0.5869925192068877
1208.367414097452 0.5673783512830308
1197.9449902723115 0.5875550920336073
1218.7045516910698 0.5245487955139916
1206.4796587123376 0.5682661172145137
1235.4760346834923 0.38110441177680665
1201.758135728846 0.5704987474363516
1197.3665116468455 0.5878389550435705
1201.2205893386144 0.5859528926308095
1207.9529824679048 0.567573010792221
1207.1699477150923 0.5679411688904655
1218.6333212181619 0.5245794559744575
1196.3616416990783 0.5883327034884063
1197.1413770153426 0.5879495041475173
1206.43023656081 0.568289396583102
1196.8386862078617 0.5880982016388495
1224.4628642705036 0.5220819865842372
1200.59888186726 0.5862563172772192
1201.052037687857 0.5860351233120955
1196.7269453857957 0.5881531135607044
1200.9281160712253 0.5860955952245371
1196.6492243657804 0.588191313443327
1200.2069143263666 0.5864477788029555

1267.2371373654532 0.32835352797274087
1234.8850084383514 0.36959296404879455
1449.8583101007962 0.2556208884207
1238.274227137328 0.367906173892017
1235.3117032066461 0.369465301221875
1233.9562404512728 0.36987114742516164
1217.4618929459496 0.4188966738600202
1209.3384500446418 0.423353973396584
1208.236953891308 0.42373992647614594
1195.3277371196687 1.0036170819087735
1194.9651022769417 1.0039216485626135
1193.3957461312434 1.0052418398018388
1191.7308917066189 1.006646168024308
1190.4253936060495 1.007750121843976
1189.537464874105 1.0085023556442796
1188.6276291224494 1.0092743143942804
1186.0379171372617 1.0114780633221712
1186.0227585676394 1.011490991034168
1185.423278697927 1.0120025116854128
1301.1711223779168 0.3052116951718244
1307.986879447913 0.2955207434507576
1335.6260245336537 0.27699472657237867
1241.7919767783226 0.3406200820210991
1232.482353906176 0.370313464595774
1195.913158451451 0.5604881237220101
1300.9350421920174 0.3155186487082419
1239.2434475851453 0.34678774775325827
1279.12431227041 0.32761690817101236
1236.8596403108606 0.36832694534417043
1252.1096725352238 0.33751250178900266
1231.3997007215423 0.38382041364191494
1191.6949591694402 1.0066765208848114
1195.7286498152878 0.9782340955191133
1252.1946558562809 0.3374895956592199
1231.3229587660815 0.3838443351719075
1196.4326822401217 0.5108308778410984
1210.2527757958367 0.42303413654308647
1221.5227117693244 0.40252887072097576
1203.9353990257853 0.4812180984973683
1255.0346856541146 0.3332514828219801
1195.4952202453642 1.0034764799866303
1238.8297153131773 0.3469035645446987
1239.6040062902737 0.34122129554034974
1197.5539710725495 0.4910642170255159
1252.0908252773327 0.33781837263258196
1209.9675862275074 0.42313384576188084
1256.2775021287605 0.33121805025318013
1237.2201990159895 0.3682196051256847
1200.7632444964624 0.4824893717294038
1196.924834889684 0.49132233370756273
1203.785448161211 0.48127804196157004
1202.564312922648 0.4817667522702582
1196.1576257819495 0.5603735727360621
1192.6047949210956 1.0059085294320236
1194.0674630566818 1.004676345825288
1239.2622948430364 0.3467824736493477
1235.322309098941 0.36946212916777815
1191.4251403324374 1.0069045002004293
1191.0001330096911 1.0072638131627292
1194.5235534949454 1.0042927424433874

1248.8631624597542 0.3169738147004551
1240.7232299411148 0.31905336427248965
1240.4800674417168 0.3191159060379997
1239.127809739593 0.31946415658844196
1238.6571771533006 0.3195855382306075
1238.5617160401682 0.3196101700199042
1237.9673120034597 0.319763629302222
1236.3824447662887 0.32017352100026836
1235.891298237378 0.3203007588194137
1235.7098801271438 0.32034778309210593
1235.2102601855615 0.32047735790688314
1235.140761452548 0.32049539048343567
1235.0148682322033 0.3205280606948246
1234.6333317124534 0.32062711290540286
1234.5602252626115 0.3206460993505093
1232.711533917164 0.3211269707080906
1413.844241111202 0.15405400202042346
1409.355969923139 0.16891023600569527
1399.4324128298863 0.17010800043881122
1329.9969809508707 0.18725211414507592
1284.9827281367202 0.21778644558210977
1282.6495971273612 0.21818259766506656
1276.635806568016 0.2192103805607844
1257.1428166442481 0.2873844093921485
1257.0505116355384 0.28740551198123815
1256.837168960938 0.2874542978240945
1256.7811794117831 0.28746710390108027
1251.9177241469524 0.3162004283576035
1249.3343862487197 0.3168542585563114
1247.9414083958827 0.317207937792994
1247.3080516194948 0.3173690093074963
1245.273105877516 0.31788763346397897
1245.2642764809473 0.3178898874080077
1244.7577211273567 0.31801925300388684
1242.933240596786 0.3184860680479303
1242.814720720616 0.31851644017719266
1242.2588166654925 0.31865897454953324
1242.0922305695433 0.3187017122409888
1242.0796246170758 0.3187049467668245
1241.779044702975 0.31878209117180645
1241.682152022531 0.318806966822343
1241.5889274525275 0.31883090440888145
1241.570530750934 0.31883562861653775
1241.1037951684389 0.3189555315073531
1240.962679162952 0.31899180151876433
1240.6671596459275 0.31906778346314546
1240.569456080993 0.31909291229389913
1240.4984513498498 0.31911117681202283
1240.2551959076195 0.3191737651653651
1240.142721370164 0.3192027125768092
1240.133955335816 0.3192049688991448
1239.9667305735588 0.3192480176146621
1239.751222142119 0.3193035131352856
1239.6172417372966 0.31933802412183104
1239.554544450422 0.31935417639830643
1239.421946790199 0.3193883420161435
1239.3756970292861 0.31940026062524
1239.2601780348016 0.31943003387027724
1239.253408933437 0.31943177867425565
1239.225353625421 0.31943901041537087

1284.4482361179357 0.21787707213574567
1283.9097462835412 0.21796845284909594
1283.76338046067 0.21799330410474538
1282.4804371928594 0.2182113760798167
1282.4608471393815 0.21821470933754258
1281.9682615128695 0.21829855652201682
1281.6001817500942 0.21836125258124262
1281.1451577770401 0.21843880788721826
1280.8064651030047 0.21849657119960947
1280.6164561139487 0.21852899020563393
1280.294859985647 0.21858388230851453
1279.4070976133874 0.21873555455283608
1279.1522795663345 0.21877912854142412
1277.9194224260905 0.2189901930311136
1277.1901243629218 0.21911524028961024
1276.8801548714716 0.219168431686894
1276.708185357767 0.2191979531461036
1315.0222196771467 0.20562960758162374
1300.0083351806613 0.21211894813267648
1297.7542327354768 0.21248738294690783
1291.4971672679676 0.21351684510897437
1286.5845567332524 0.21648897506132223
1284.161803804491 0.21792566962060586
1284.0989907763394 0.21793632967977508
1284.0179580299941 0.21795008336539287
1283.928149322372 0.2179653286229437
1283.6300920573917 0.2180159398933649
1283.525988058263 0.21803362269170934
1283.3212684326659 0.21806840413163636
1283.0011055500872 0.21812282139485156
1282.9412571968319 0.21813299667886762
1282.7823119744833 0.21816002480151558
1282.7676833668122 0.21816251268568487
1282.4679202093985 0.21821350583927682
1282.4216159987184 0.2182213848425793
1282.3892216974025 0.21822689731038122
1282.276457914504 0.21824608825030614
1282.1003858071806 0.21827606020031773
1282.0774770687701 0.21827996045537554
1282.0490190938337 0.21828480567232997
1281.92200660589 0.21830643327221977
1281.9073038805384 0.21830893711904326
1281.833518278908 0.21832150353740956
1281.8169922958066 0.21832431827422444
1281.7915433372268 0.21832865293110493
1281.757283150673 0.21833448865404392
1281.7489207674614 0.21833591311138717
1281.734983396938 0.21833828725936552
1281.7093680321836 0.218342650818693
1281.7060913455007 0.2183432090125419
1281.5765852234726 0.2183652730722293
1281.5507795871113 0.21836967013157382
1281.548989944922 0.2183699750778362
1281.519190484018 0.21837505288516304
1281.508322064919 0.21837690491495845
1281.4454001666866 0.21838762772014825
1280.198466557546 0.21860034073296494
1279.4709697106578 0.21872463511898596
1275.4177360325332 0.21941973448310298
1262.8195692807053 0.3169305475011787

1237.774677798382 0.36873012408038097
1217.6106956432516 0.4471671195444949
1217.3080048357708 0.44727831028336795
1207.315709401653 0.5829703354556678
1206.4601457331273 0.6290579445766851
1202.5367589500672 0.8194651625362963
1195.415027356348 0.9638026912363793
1195.0992073868333 0.9640573881976717
1343.9349376312646 0.21914131843120585
1295.7661269611788 0.22728767791527502
1293.396607263402 0.23961727929593069
1251.9000438196854 0.3432817549832551
1251.3769032577084 0.3434252645923511
1231.455998775561 0.38380286665493185
1230.7156072089813 0.3987942454850764
1229.0267281574775 0.3993422524825074
1228.7495290700588 0.39943234188261456
1228.512699594921 0.3995093434080463
1228.4008821888608 0.3995457094666551
1227.2932101098315 0.39990631247743236
1227.285714604672 0.39990875485885413
1224.2329336336122 0.4009059783475
1222.8653738553119 0.4013543211516958
1220.8986019062436 0.4079349625277079
1217.1185429936893 0.44734793552494956
1215.8957414587867 0.44779782421486236
1215.2862892041144 0.4722647256616899
1215.204591917325 0.498121229187044
1214.2914166030307 0.4984958279067583
1213.4878033460618 0.49882594894690796
1213.1851125385808 0.49895040648246347
1213.0901671624238 0.49898945801821043
1213.0733717165147 0.49899636671033637
1212.9956506964993 0.49902833921294376
1212.6938916530823 0.5234466734621136
1212.5756602839087 0.5234977117757792
1211.1004333911167 0.5309101448904319
1210.4245236012127 0.5704549173015878
1208.7590828497534 0.5822742133622204
1208.552825561763 0.5823735870077696
1207.94528670726 0.5826664931400564
1207.9327801134002 0.5826725259038869
1207.8078620512154 0.5827327890675167
1207.3934304216684 0.5829328091216919
1207.3878716386248 0.5829354929295145
1207.319810486502 0.5829683551926178
1207.1796972970683 0.5830360183216183
1207.0892819159928 0.5830796898416684
1207.0851808311438 0.5830816708611686
1206.8957189890623 0.5831732046413513
1206.804804587961 0.6288782880241279
1206.7642942388027 0.6288993990887719
1206.2706838910458 0.6291567470084669
1201.4117387463054 0.9589919786473381
1200.191459102297 0.9599670217385345
1198.725766606532 0.9611407818254034
1197.5825369637005 0.9620583007427241
1196.012982571782 0.963320831211219
1195.3373063363326 0.9638653578392365
1191.9084317962374 0.9666381995252323

1211.1344403089818 0.5464907433654321
1357.9420978192552 0.2159064396531864
1339.2882441887105 0.21891362435794148
1333.1112633300465 0.2199279622489754
1311.8645487003907 0.22348987468697423
1309.648642951267 0.22386801618382168
1284.9660923214199 0.24574508148436985
1283.054455609597 0.2538423182836036
1265.8493787060715 0.2723697457381805
1253.5318037049756 0.31870761743379616
1249.1385970114825 0.34876367867294084
1235.9071362912518 0.36928730090332235
1233.5167346985515 0.3700029336364762
1230.33771152123 0.38415171547094135
1223.5936066907736 0.3996517506160177
1218.9269867385085 0.429870781625317
1216.7888705844878 0.44746913836894414
1215.404520573288 0.47221878498582254
1215.36401022413 0.47223452491863094
1213.3094519024141 0.48790733601502956
1213.2317308823988 0.4879385919201158
1213.113882065673 0.49897970338025416
1211.7438925636538 0.5219026776259804
1211.6321517415877 0.5219508092591272
1211.323902151063 0.5464052673480476
1211.2121613289971 0.5464556761663406
1210.7691366222646 0.5580056415189251
1210.7094329862352 0.5589071765335144
1206.4531589899757 0.9549846273974002
1184.2149673866904 1.0242971009980564
1184.0885595465863 1.0709435904997386
1322.247903646817 0.22173485228201759
1256.8772406165674 0.3093172602899438
1241.5550549879936 0.3661648621014786
1232.1332315466834 0.37041839213705074
1215.7062796167052 0.44786761130248237
1307.7544165528616 0.2241922794404749
1204.7172776981713 0.9563606680497159
1219.0387275605747 0.4174837211493966
1211.5544307215723 0.521984292318794
1218.8492657184931 0.43079091531812147
1237.0414125645468 0.36750090246259337
1212.9956506964995 0.4990283392129437
1333.119986587538 0.21992652315252223
1293.018673946212 0.22949802903220098
1226.3523073462143 0.3987527271137435
1304.6518992350705 0.22472541814964855
1259.746858191358 0.27753633736332733
1328.8042947732158 0.22064080071728862
1274.8971518505316 0.2613806340098544
1245.6135524528806 0.34975066818130246
1252.0547935253605 0.3340446218089414
1217.1185429936893 0.44734793552494956
1262.5100359360029 0.27450874732345726
1194.6334076075398 0.9644332840296392
1345.6440941290832 0.2165486920647109
1258.1532620884411 0.29562048255618517
1207.1016712946478 0.9544715643337265
1185.8742683321918 0.971556809416928
1207.4641519652814 0.954185032023697