1319.5219823156904 0.2130885694111689
1315.4924429280875 0.21374128983393245
1313.9261699940237 0.21399608131674483
1312.103975226577 0.21429327006625848
1311.4133321559807 0.21440612553174573
1310.1949034119546 0.21460551463451424
1309.110459350732 0.21478329006529523
1308.4290653705807 0.21489514331340856
1307.6756092718329 0.21501896152579453
1304.8964329566045 0.21547691021053691
1302.1701289033126 0.215928046018876
1292.165498767551 0.23400800303730612
1290.3991030655418 0.2772679987481675
1290.2025715549232 0.2773102338977801
1287.3360825010468 0.2779277158131876
1286.5276616989267 0.27810235842184505
1283.006109665946 0.28992321961980794
1281.0643955813612 0.3078289252261688
1279.6962001484649 0.3081580425038156
1278.1304351800413 0.3085355494110997
1277.5536640756686 0.30867484249488636
1274.3244498024892 0.3094570429833965
1271.8159397374538 0.31569739054097773
1268.5450923061326 0.31663142127890004
1268.482279277981 0.3178176712892374
1266.807557327556 0.31823782684266955
1259.3946260532812 0.32011100867976555
1259.386557595648 0.3248963907928719
1250.7517082824552 0.32673905559788896
1249.2694107746293 0.3275275482189009
1241.6640550577554 0.32913043611675363
1241.386855970337 0.33233010096038124
1240.013388045389 0.3355623325066814
1238.6298848935207 0.3376651694652157
1238.3761272787533 0.36550284858641985
1238.1400470928538 0.3670190446031205
1237.5933815078201 0.3818995395027378
1237.4449543439346 0.381945347007418
1231.2949541559622 0.40387361212463385
1230.1615824507608 0.4351771865267388
1227.851629312918 0.43599588390314536
1227.2444575894597 0.4362115902121966
1221.1811909428816 0.4408889870412201
1220.7410754793561 0.44609538066384286
1214.481074029503 0.5166166309360712
1214.4696608450806 0.5382215631226887
1213.8679901180703 0.5384883402037329
1213.6071838428059 0.5386040622760406
1213.0198909621229 0.53886483156238
1212.8336249812007 0.5389475899757089
1212.6318112379972 0.5390372849923789
1210.230449160157 0.5401068529375755
1209.7960400909492 0.5406975268234623
1209.355924627424 0.5408943004430384
1209.3465592200746 0.5538140364620681
1208.2402551556247 0.5543211266015275
1207.596334684434 0.5546167044455308
1207.078614350068 0.5631281651114444
1206.2237169782486 0.5635272758083865
1204.427606502569 0.5643676395113987

1432.8068696671407 0.17192289606353045
1334.601621578749 0.1742435202732159
1326.89450277975 0.186769192250185
1313.9662002227942 0.20010795175089352
1312.2740316877275 0.20111241965306245
1302.3160482361675 0.2026501985582067
1301.6118601647288 0.20275983481527132
1300.6153832683572 0.20291518088721905
1281.0106419065046 0.20602061928839185
1280.5337609947244 0.21658588885318567
1277.7016209714532 0.22713526290980626
1277.6401587204764 0.2271461894953862
1277.2524223093724 0.22721514442298904
1269.340257110213 0.22863144217952466
1268.7199046086346 0.2294659129456373
1268.6694013968681 0.23314519004826073
1267.9591855016292 0.2332757805449929
1267.1930438773431 0.2363893682110151
1267.1749409414704 0.23639274528345827
1267.1527439862273 0.23639688622006733
1263.2313102310582 0.2550438099992686
1261.296133513141 0.2734003264676601
1257.517881112921 0.2905189622124592
1257.4898666523443 0.29052543441730916
1254.596264378096 0.2911955026150441
1246.2607664454536 0.29320990854514095
1243.2259468285154 0.29670826574350967
1243.0981396913742 0.29960469351608776
1242.462014806015 0.2997580873414481
1239.9439664508532 0.30412923635389305
1237.3654312818733 0.3309990092081923
1233.693278523434 0.34786741936145404
1231.7453628491496 0.3504617724185655
1224.7942080364166 0.3750118668695619
1224.385610573458 0.3785737086835964
1224.3712551235785 0.3785781473666167
1223.6310084651589 0.3812731872380907
1221.3266648565502 0.3819925561484953
1220.194755019681 0.4055763888132823
1218.4764117074872 0.4061483485727038
1218.0735266325578 0.4062826845583972
1216.474383035693 0.4068167725446211
1213.1084406067594 0.40794554371599717
1211.5382328812705 0.40847425938252485
1210.9596981160241 0.42910507428013445
1207.4446905601667 0.4428369201602853
1206.4101487994499 0.4432166693588053
1206.0015513364913 0.44336683268690413
1201.936022195544 0.44691744978862985
1199.2612598963915 0.5041492123365406
1198.670469917066 0.504397692890795
1196.912473868713 0.5141106576751285
1194.4260672027615 0.5151808688848301
1191.8288310862245 0.5432171856483327
1190.9874542770951 0.695150617396222
1187.8591175912898 0.7280062472519214
1187.2118843228634 0.7435630917099436
1185.9290540942927 0.7528766531858208
1184.5657484342582 0.7868081921984789
1182.3885027303118 0.8441140556690666

1276.9573478705302 0.24897921934578937
1234.5583075090988 0.3591011240500719
1229.9096988162628 0.3842854015578262
1219.0868510508208 0.518759087246964
1345.6766650010884 0.19506751261799254
1343.703711310492 0.20925375821431258
1332.3354805498752 0.21103922819963852
1330.1623981012094 0.2113840023741568
1329.9592427566638 0.21141629192744021
1327.3391092956022 0.21183362228169056
1327.2591319460546 0.211846386851357
1323.5534020029468 0.21243952158842636
1316.8701289104554 0.21351767751834208
1314.7991297024516 0.21385399880959158
1306.0992016686369 0.21527848050057652
1305.0002192586655 0.21545977339219752
1299.0068773371684 0.2253419163501618
1296.5820525145587 0.22576334334067166
1285.2289798140648 0.22915113084431304
1284.7563551990797 0.22923542890172327
1277.9012573613038 0.2487953132366185
1276.1974057031503 0.2491274799571467
1261.7279989657702 0.3176535914878366
1256.4810295141735 0.3189800887859065
1241.534362010374 0.3411391650612459
1240.5319381977904 0.3414148258579837
1240.4187549770083 0.3464591633927699
1239.8843393238308 0.3466084944184402
1239.2589592006327 0.3467834070638818
1239.149623294499 0.3468140053688247
1238.5053762407288 0.34699441144977633
1234.4813573333413 0.3697138136731781
1233.0690939563572 0.3701372557021568
1231.4339070925666 0.37062875067792256
1229.1743301045897 0.38579225144901214
1228.6593033636652 0.3994616739074518
1228.3279956333272 0.39956941771937327
1224.4170643376674 0.40205015513764547
1224.1742788257734 0.47275884375489174
1220.061701011514 0.5183445899511364
1219.9211295013833 0.5184043187975474
1218.9457568965747 0.5188191341147252
1218.4777402795173 0.519018412253329
1207.7503510881866 0.8829089234626255
1207.6726300681712 0.8838667284451411
1204.121613741636 1.290262775244213
1272.7168106704662 0.2498087877406018
1228.1458189030106 0.39962868775794214
1225.7078599402216 0.40042355770448435
1280.6410314084342 0.23052605977799873
1231.0690939563572 0.3707385822361739
1210.8617215158658 0.7136755278884274
1237.4463803610417 0.3472913662575414
1285.658390973912 0.22823337676135003
1299.391182787969 0.22527526965600658
1254.4295745868428 0.32968189563258876
1229.3962143556082 0.3857226227778303
1223.3706655688045 0.47306939172279977
1291.4931886077763 0.22665291747047356
1295.190970793442 0.22616425246835067

1230.989882922891 0.3824932877144431
1228.1564426971854 0.3848339886175282
1222.856249089156 0.40135731599620744
1217.3546231795888 0.44578997946617555
1217.1185429936893 0.44734793552494956
1214.3143218501814 0.48750358271126415
1213.3094519024141 0.48790733601502956
1212.0465833711344 0.5217723401083599
1521.9816800103624 0.2008114624003082
1367.7515607185921 0.21873685422355293
1254.0100214470676 0.33352378596194937
1234.4819345827725 0.38165928617674244
1229.4375581354398 0.38443297861037456
1227.4000859215034 0.38507113361869144
1227.011133240429 0.38519319807741387
1226.5088312774606 0.385350949325984
1223.5936066907736 0.3996517506160177
1222.7379390870865 0.4013961506339235
1222.5696791547796 0.4014513940202805
1221.701415071499 0.4017367058176728
1219.4788430241 0.4084098943313212
1218.6503890861202 0.4453159801452557
1217.5440850216703 0.4457206101581315
1217.4728545487621 0.4457466878564784
1217.4323441996041 0.4457615201829293
1217.3080048357708 0.44727831028336795
1217.1962640137046 0.4473193712425255
1216.9433957768147 0.4474123195761336
1215.7840006367203 0.4478389806184431
1215.706279616705 0.4478676113024825
1214.5805878645747 0.4873967099049078
1213.2317308823988 0.4879385919201158
1213.0733717165149 0.4989963667103363
1211.6489471874966 0.5219435741630175
1211.6321517415874 0.5219508092591272
1211.554430721572 0.5219842923187941
1210.7094329862352 0.5589071765335144
1204.1154317470307 0.7155852993018172
1202.2544689521558 0.7713150162169985
1198.157657924235 0.8224601947093688
1197.5024404721 0.868926058803235
1190.043798381645 0.9704415116579045
1175.7351900451142 1.0547282633357369
1175.6169586759406 1.0548343369728685
1175.369886358397 1.05505607173678
1175.1919513531943 1.0552158170510646
1289.1540384639322 0.27114816792111207
1246.7370708316832 0.3472709878716222
1234.9686810683254 0.36756115659577027
1262.4346520884988 0.3063543474276185
1259.3780017144877 0.31476020939951743
1188.054791282093 0.9720661968749091
1211.1344403089815 0.5464907433654321
1219.0387275605744 0.41748372114939664
1212.9956506964995 0.4990283392129437
1212.6370216893545 0.5215182868529529
1218.4372141473712 0.44539389159254994
1219.9534297099453 0.4023123260535494
1258.1093223421435 0.3324370645379497
1224.2283038171959 0.39109468520535623

1213.7072371075335 0.528147978470794
1201.0335928472214 0.7871201626743695
1351.4633665613767 0.23297516513872946
1323.6126927365785 0.2378772904879071
1293.3131451264614 0.24415904087273688
1264.101131978471 0.2834129530356812
1255.9512694920331 0.31561899984632524
1246.1661719231608 0.3339055370038406
1230.97207693133 0.39076284728118205
1230.133304268519 0.3910292909200985
1224.5723176382264 0.4007948692897126
1224.4679475297105 0.400829031885871
1224.310343822489 0.40088063002984325
1223.790658970795 0.4010508646931305
1222.6662266774736 0.40141969351467316
1222.6621255926245 0.40142103996696665
1222.4191281514654 0.40150083607232284
1214.4546046595726 0.4810864786101026
1214.2939062230205 0.5074070877256308
1213.896698949615 0.5147692202046076
1212.243863099688 0.6331134606166655
1206.1009354804532 0.6845264259425954
1201.9445937874746 0.7372956399059456
1201.142490488927 0.7870488010081784
1199.5585164420859 0.788088070753928
1191.0141295602039 0.8910940378945912
1185.4492610094455 0.9719051320082421
1183.442046608681 0.9758550542884917
1181.3181718706912 0.9776095298794841
1177.1952795735015 1.030405047573892
1176.6331713281218 1.030897298844242
1175.8309629134715 1.0622507285299223
1191.08115749769 0.8447799616236272
1202.9583547604432 0.6863146670234207
1202.3292185775774 0.7325049116831553
1188.2455598304712 0.969617947215251
1193.7917864178953 0.7918950086060971
1241.8374353273446 0.3479694378178521
1212.3113102402622 0.6330782372444039
1217.2364640526864 0.418101855503719
1234.1656795605131 0.389751685427363
1178.4309358117218 1.0293246054484895
1252.0674361661838 0.31687150034656325
1239.4698765388223 0.3780076023210388
1207.081247057633 0.6358212499358915
1192.87892198129 0.843506810272322
1216.907299747933 0.4533180461980272
1260.9642085232656 0.2943168386421344
1224.2359935459672 0.4009049763044603
1214.923042405886 0.4617882941052819
1180.7560636253115 0.9780749286137661
1197.5639225238594 0.789577460653884
1189.2670608150909 0.9687851101507936
1214.4140943104146 0.4815695377842226
1213.7113381923825 0.5281461938786884
1282.4253337339037 0.2702457907931477
1179.3438002483274 0.9792461726575613
1273.2720730725787 0.28137162694947776
1213.46016478999 0.5784876243191471
1190.4520213148242 0.8915147951339766

1211.903835042845 0.38453778442284814
1204.933389893117 0.5024163686829287
1168.9164084718243 1.210364784325704
1168.6881475621694 1.2106011852571763
1164.8354992310537 1.2146052018235556
1326.0266875746115 0.2128392089257059
1303.9767917360364 0.23563416207637863
1247.6436320167847 0.2886951261375004
1244.4833781757548 0.2953077733201568
1238.4005950575677 0.30600258018971943
1211.9357577408143 0.3845276555992108
1211.8195125547577 0.3845645418585968
1207.3588941470898 0.47534988093133157
1204.524237475433 0.5025870293185016
1203.175053008492 0.5167562035932586
1191.1330179259078 0.8004514676580673
1187.684097697903 0.8027759016247198
1187.248813564584 0.8030702254501857
1185.4299121272068 0.9319066540446951
1179.111534939307 1.0026737521787144
1168.832085983737 1.2104521030871682
1168.7802688885185 1.2105057676754167
1168.6959464004312 1.2105931067805868
1168.6881870976677 1.2106011443038054
1168.6175164394178 1.2106743538685623
1168.264365930053 1.211040324343407
1168.1959610983781 1.2111112379677447
1168.139278339752 1.211170005896573
1168.0598215150724 1.2112523952751333
1168.056801676696 1.2112555267893383
1167.9869242398868 1.2113279928673195
1167.8645191737578 1.2114549533842602
1167.6207322682562 1.211707892413243
1167.4650578443056 1.2118694663523346
1167.1510108094174 1.2121955458476654
1166.8564732089535 1.21250152792478
1166.0243186719094 1.2133668517704994
1165.8989615872867 1.2134973125875401
1165.4941706160866 1.2139187756613978
1165.1501168725597 1.2142772301584241
1164.9586358752317 1.214476817515351
1164.8946548610825 1.214543521794679
1164.8203677514773 1.2146209800279155
1164.580408394236 1.2148712501402739
1163.4179923684349 1.2160850751109304
1162.2888930734725 1.2172664344176438
1162.2669698026305 1.2172893951163664
1161.5378930171712 1.2180534661333349
1161.4017534338655 1.2181962464338065
1161.295750206856 1.2183074435455068
1160.9466551868368 1.218673786873595
1280.054703366329 0.25951204004906614
1171.2872441371521 1.1073197272619302
1178.9568819236188 1.0028052807544436
1197.2161868479484 0.6355451716282419
1194.096625369431 0.7546610824119684
1183.7956235617112 0.9331931973960146
1221.820552769305 0.3780801231374424
1192.7607338864768 0.7635999597755727
1193.8920809544504 0.7547903752618607