1271.2040436282336 0.329012617670344
1236.6082686080126 0.3967288543206279
1234.656034542993 0.39735616068151863
1229.6631894915554 0.3991355569377918
1213.113882065673 0.49897970338025416
1212.5756602839087 0.5234977117757792
1208.6831547393845 0.5321514569706098
1203.9259699049492 0.7156979109676183
1202.7262207921485 0.8193360746553374
1202.6549903192408 0.8193846020356235
1202.6144799700826 0.8194122031969899
1181.67322359762 0.9773157921989525
1181.3705327901391 0.9775662000922373
1179.1924680697987 1.0286598590968068
1177.5503313004301 1.0300943626869257
1177.1764100200414 1.0304215644552746
1338.4311133820956 0.2609067078345443
1290.1457907936556 0.31236347226633476
1279.2406947826976 0.326945641811604
1271.5534310745547 0.32892221417216133
1243.0297495590396 0.3487911240987923
1234.073469560781 0.3975437392904013
1227.2792606129137 0.4075629057968238
1218.5619164417897 0.44681805671987035
1217.2130594596138 0.4473131990048508
1215.878517102645 0.44780416780025784
1213.240118026998 0.4989277852301683
1213.185112538581 0.49895040648246336
1213.1678881824391 0.4989574904974477
1213.0901671624238 0.49898945801821043
1212.9956506964995 0.4990283392129437
1208.4936928973032 0.5322348851224458
1207.7453493359558 0.5421402833879513
1207.6676283159404 0.5421751735305934
1205.444223633828 0.5674427252328461
1204.7281783195995 0.6853064264189825
1204.303170996853 0.6855482760267623
1202.5367589500672 0.8194651625362963
1202.309114301131 0.8196203196893296
1199.2240922098176 0.8217288053419749
1185.30968491282 0.9743174440741527
1181.1810709480578 0.9777230020403732
1180.7560636253115 0.9780749286137661
1180.5723234508025 1.0274575593193154
1177.7329812060302 1.02993460946518
1177.2476404929494 1.0303592178318404
1177.2476404929491 1.0303592178318406
1177.1358996708832 1.0304570257281556
1177.0581786508678 1.0305250666904242
1176.6331713281215 1.0308972988442422
1175.6169586759406 1.0548343369728685
1175.1919513531946 1.0552158170510644
1290.5050583471877 0.3071681749473259
1205.2203309691615 0.6850265810124146
1193.5012817375068 0.825668975565977
1258.5263774234063 0.33232690032569895
1203.5009625822029 0.7159506543076676
1185.9657826358446 0.908488433708291
1220.9856228670085 0.4079058885634418
1213.7322706765603 0.4987254765024746

1250.0329750477908 0.30457461261529056
1247.0545589688738 0.32039614296406455
1245.0224282009308 0.3209190948766565
1238.3440953038703 0.3243782220450115
1232.3193859798741 0.3380196928459721
1231.1230455453626 0.390488404625252
1220.0048142907324 0.44190449185968356
1214.8460787454578 0.47385057421469223
1214.609319436498 0.4739429401571447
1214.3066286290173 0.4740610801457388
1214.259715965826 0.47407939539369814
1383.4016466468827 0.23161524197442987
1376.978345812468 0.23436648581802685
1302.3669796599352 0.2389452117042138
1298.9150649988942 0.23958021741143298
1297.7119620166945 0.23980233116431526
1287.529736473894 0.24722648815144876
1256.7193537490318 0.2894485868727207
1246.8766239636714 0.3204418649611487
1245.951340376615 0.32067983540882655
1238.4350485783107 0.32435439902620566
1237.7587809339789 0.3245316148042206
1237.6516849090297 0.32455969705574556
1237.4066499190897 0.32462396734401994
1235.7974891462893 0.32504666779352626
1231.1858585735142 0.390468482564759
1231.1613043202474 0.39047627005936264
1230.2501109335196 0.39138131918618463
1229.8912246509688 0.3914955255354026
1229.8311785370743 0.3915146401792055
1227.0259407027297 0.40315213188572163
1223.6069963578454 0.4139515051577352
1219.886582921559 0.4433042007879148
1219.5934610049894 0.4605399017819085
1219.2639398266867 0.46066436839338903
1218.794219538557 0.46084190730552366
1218.4218830210757 0.4609827355960089
1218.2423632529653 0.4610506658505241
1218.16464223295 0.4610800816838083
1218.103845120013 0.4611030947774058
1217.6134913864182 0.46128878886316915
1217.4189739134226 0.4613624929300956
1217.371026139706 0.4613806643042596
1215.6777256117348 0.47352641236091564
1215.278761929194 0.4736818662758314
1215.271882582048 0.47368454766922297
1214.9161813168962 0.473823232292475
1214.8836381627632 0.4738359246211853
1214.85815031008 0.47384586574907717
1214.8522587350244 0.4738481637227302
1214.849206574617 0.47384935420842716
1214.8453793878784 0.47385084699919316
1214.8059171427478 0.473866239761128
1214.767658367863 0.47388116404863906
1214.7623202053007 0.4738832464763262
1214.7364687812358 0.47389333142650003
1214.67213246465 0.4739184316577341
1214.632543213545 0.4739338783670282
1214.618602248377 0.4739393180134144
1214.1771777559602 0.47411162270396795

1302.3214640716867 0.22642978122260332
1288.1936812369006 0.22891306523729396
1213.3358730075452 0.31235258530324733
1333.591590312151 0.21949800914887332
1320.4177075644168 0.2216879533001239
1319.9235085229082 0.221770956575183
1318.829973231697 0.22195484257451797
1303.5971855057599 0.22620819335141895
1300.9810065274512 0.22666308171427582
1292.8759139956567 0.22808404194019435
1227.9082158428023 0.2839830766809843
1210.056389570204 0.3470249309208646
1206.853704008342 0.3604933017212441
1203.1921424444008 0.36159035710506593
1197.4938694181644 0.42161650719824606
1196.259647784396 0.5071277690124738
1195.5912428766162 0.5146790375121448
1195.4967264106917 0.5147197282498409
1277.7089607821526 0.2606478161699359
1218.1782542802598 0.29868214540030535
1200.573825745594 0.37767913287766924
1196.9844977383395 0.4465426207038047
1296.312405945069 0.22747939681736576
1239.5560399645924 0.26521121885587645
1198.9506104594059 0.4063338880569927
1203.0421915798265 0.3616354268349966
1243.4695034770514 0.26437654263327104
1228.7893082991973 0.2675350167671928
1196.302555974516 0.5054436375707358
1222.0917177927188 0.2977256855365905
1198.2567907918685 0.4140964796755726
1199.0880351154506 0.40462524694939567
1224.4697398103788 0.2858166672527336
1303.8800476338515 0.22449971500246263
1198.394215447913 0.4123859591694779
1207.6987126346926 0.3602410699795778
1218.0043407465346 0.298724792922674
1206.075109089895 0.36072602209722976
1213.0523774256653 0.34303097093153156
1204.8134176475648 0.361103777630526
1279.8438437477937 0.2391158040457014
1311.9853197185987 0.22311278540371268
1197.5883858840887 0.421583232241086
1307.2959748469182 0.22391310363016617
1301.083384515253 0.22664524633916378
1281.501693667736 0.23880646530775598
1294.6716735554498 0.2277676805745166
1208.663772175581 0.35128496034899087
1299.5967678435352 0.22690450721923855
1292.8088387314792 0.22809587570626208
1297.2812513241374 0.22730950893668084
1298.2064680051192 0.2271475080881277
1291.266817115127 0.2283682661729556
1295.569002210363 0.22760992559111246
1290.0483361545018 0.22858396536541548
1197.9162717538657 0.42146783921400544
1299.194276210121 0.22697480245330173
1206.8287348441418 0.36050076029111733
1292.9380720944318 0.22807307678206815
1283.9591933654149 0.22966801882412194

1237.6117216083824 0.351634451575819
1217.9711624874328 0.4969897676422564
1336.9032178035643 0.18725428778677583
1328.6888289552514 0.23167340469010628
1243.95351923178 0.334753521790078
1243.5058558161957 0.3391580495189286
1239.0041801950806 0.3468547168568639
1235.1477859670517 0.35378591856238334
1228.7356972935345 0.38465256892147065
1228.6192675712548 0.3846890204023775
1228.5887918340597 0.38469856279895936
1227.278955224535 0.3999109574023612
1227.1844387586104 0.3999417581273251
1227.1295425358605 0.3999596497117749
1227.0530382961508 0.39998458637544043
1227.0340509333391 0.39999077581448234
1226.4286222692608 0.40018823197022413
1226.3708442504649 0.4002070860414026
1226.1964337874633 0.40026401028392167
1226.169593556602 0.4002727718602142
1226.1378274214228 0.4002831419170668
1225.8936431560564 0.40036287382977653
1225.8687384875025 0.4003710075755529
1225.8090348514734 0.40039050784372954
1224.7679497134486 0.4007308503610364
1224.7441561773032 0.40073863550042615
1223.962202165471 0.4069138936950784
1222.665382369332 0.40910089456387544
1222.362691561851 0.4163484600114389
1222.250950739785 0.42870172955588864
1222.1732297197698 0.4296192864035176
1219.9547534491262 0.45988364538571325
1219.6520626416454 0.4671599214249512
1219.5808321687373 0.4790643422531768
1219.5403218195793 0.4795453037609622
1219.462600799564 0.480468140615187
1216.8117673473384 0.4974633063906013
1216.5090765398575 0.4975870848093632
1216.3973357177915 0.49763279420733153
1216.3196146977762 0.4976645922050712
1216.032032031074 0.5324158577996746
1215.8946073750296 0.534241216110741
1215.7681995349258 0.5432148173229265
1210.7214955077943 0.5813304271231948
1199.906385695801 1.1986840670150678
1196.4836444491384 1.273437548872073
1195.854508266273 1.27410750130615
1288.9804913834098 0.23742088557309687
1257.3820344785725 0.33469355802214723
1279.6243579374295 0.24604019886708625
1267.448950664334 0.27421996301313195
1274.9890179900706 0.26415747498444747
1261.6226343452563 0.2839697267604058
1272.3998981321247 0.27315296463197003
1261.0694971307587 0.29718097580337766
1234.1144273393593 0.36837251508450414
1221.9722774564345 0.4376717715939196
1220.0921781051707 0.4580727366263103
1228.1161098757468 0.38484662703210615
1208.3970092469303 1.1902616900215128

1237.8937712030663 0.34126846442761455
1232.710209930202 0.34960434613208713
1197.8456526355503 0.49403547954823795
1175.1673861762522 1.203926583802064
1175.0282970132205 1.2040690936814584
1174.9969827114935 1.2041011827705834
1174.60208179199 1.2045060012802917
1364.4655312156528 0.23394690578514984
1331.978129322282 0.23477636240229727
1331.769880169382 0.23481307443439775
1331.5335324853895 0.23485475384010535
1331.24834291706 0.23490506610995654
1318.666475603692 0.23714637915439432
1312.7041079338237 0.26815286747209877
1298.3793672071781 0.2736915116148865
1271.548713984032 0.32108854720434116
1224.1508357294597 0.36614127801991136
1221.1388559854884 0.3834328260493077
1219.301301827018 0.4031826325664434
1219.119436922607 0.40324277824922977
1214.8439759133175 0.4046619306752737
1206.324257640848 0.4802651523943299
1182.1332301570646 0.6900033383222463
1178.2299575096395 1.0214626718534106
1178.1861342956058 1.0215006656610042
1177.6944227687845 1.0219271630972238
1177.55699811274 1.0220464252553327
1177.5123690383732 1.2015289977719712
1177.1839411485832 1.2018642177995862
1176.6906728151482 1.2023680388745939
1176.6319424918258 1.2024280537876058
1176.4766787209412 1.2025867424528596
1176.4499507000492 1.202614064281177
1176.1980547500425 1.2028716175146565
1175.9521634652294 1.203123137650156
1175.8718100831884 1.203205353255882
1175.8591851918534 1.2032182717558435
1175.8378447142588 1.2032401091653853
1175.7138722209788 1.203366984147362
1175.6805466031637 1.2034010945596851
1175.5266533392985 1.2035586369868643
1175.472324116832 1.203614264332229
1175.4065895347883 1.2036815764277304
1175.366456925169 1.2037226758504067
1175.2830793614364 1.2038080709912748
1175.2737910991657 1.203817584761744
1175.2536339163894 1.2038382318547503
1175.2393985823496 1.2038528135981643
1175.1902640599003 1.2039031464973589
1175.1022289692207 1.203993339265323
1175.0702581941252 1.204026096966403
1175.001167306169 1.2040968945404622
1174.7491946871685 1.2043551619641981
1174.7373207423032 1.2043673352786395
1174.6932715205817 1.2044124972328891
1174.6767869757289 1.2044293990666974
1174.5925750355543 1.204515750145918
1174.5744695754072 1.2045343171354752
1174.5558468645372 1.2045534151582562
1174.4949153269279 1.204615906098626

1243.870766504479 0.3275092422130171
1455.7445824090162 0.21085929289523836
1307.5770420997978 0.23404425123528408
1296.2924141445305 0.2360816791114645
1271.11776871152 0.2509108900529116
1252.9769791671915 0.30932154820693947
1246.8473890173645 0.31746750088461473
1245.705439138988 0.32583491318046
1245.0497770057827 0.3271991045438455
1244.2844987764468 0.3274003433695416
1243.2914934294565 0.3276618349773347
1242.8777611574887 0.32777090787223956
1242.3174090410976 0.3437138388195253
1241.8376199451416 0.3445597821112895
1241.5056332168965 0.34465191965113423
1236.026575445495 0.3809346633932118
1231.8955334805617 0.4249297096231641
1230.6537794482756 0.4361954945351594
1227.2859713150833 0.52272666659841
1221.2464702602829 0.6457874905879077
1220.8279928016889 0.6460088547026286
1220.6780419371146 0.6460882118983488
1219.6397533365653 0.6871222856227139
1213.769201944507 1.1616108882146414
1211.2274580470892 1.1640485124335096
1210.5983218642236 1.1646534571328009
1209.4415978345294 1.1657673452631117
1208.8124616516636 1.166374078268417
1207.5707076193778 1.1675734694971913
1311.009580467385 0.23343146710002866
1227.136020450509 0.522790541600273
1218.2985258589547 1.076035588623858
1231.4759919061105 0.42984402201049354
1313.9707517414429 0.23290540473987206
1279.1979400281127 0.2431605303057382
1217.6693896760892 1.0765915465288474
1215.8835294635292 1.0781728180581793
1271.7576633870174 0.24734022130493427
1243.0919009449287 0.3277144447961891
1303.1714371639507 0.2348354798327223
1253.9839738202013 0.3014838298162977
1220.5835254711903 0.6461382420463802
1225.894266418223 0.5341991926122172
1245.1442934717072 0.32717426750031786
1293.559481549259 0.23658045425492943
1230.2342378738244 0.44111860917496143
1309.631261123678 0.23367714167735795
1289.1694896012727 0.24127971688148514
1231.4995174868257 0.42893186237708225
1235.5910642415672 0.38106893218057475
1237.4388388224793 0.38049991053330806
1315.4758800991824 0.23263892130627362
1228.6048953384288 0.4865428504107181
1215.2709116141089 1.0787163247831326
1232.114337225088 0.4209114437304054
1240.3174090410976 0.3668429406675898
1333.7367941916032 0.22945373561219354
1256.8633406523923 0.25417333123589436
1255.665573548837 0.2544157846894003
1224.285159258178 0.5349013033412595