1282.7258810851117 0.2535607985416178
1216.850510675665 0.3685351154044378
1212.2080196742077 0.3913432321476355
1345.8614473974376 0.19794296788185106
1259.9613623223222 0.27501888506328054
1224.7666104957689 0.320327557445939
1215.1811573324944 0.3903857475011751
1215.130500231668 0.39040202214012837
1214.6529791013245 0.3905555023670807
1213.463485056405 0.39093834326010896
1212.6013666392003 0.3912162871541111
1212.1276424633552 0.39136918244889424
1211.701400169215 0.3915068550620971
1211.481682489506 0.3915778598317339
1209.606047849203 0.39218504677460847
1209.0948400925176 0.3923508634097633
1201.6897467010106 0.5553971417451558
1201.4647768805864 0.5555011377986787
1194.4657260355975 0.989784939998826
1187.7017940130972 1.191220947687795
1200.895666389348 0.5557643925794764
1193.39618883636 1.0339189719685309
1199.49577145376 0.9335574420967162
1237.2975221462211 0.3080436441897009
1193.014363679371 1.131013779525272
1256.1101959082964 0.2817444834884338
1205.7710184255004 0.4821621810134426
1197.586121824067 0.934745526179096
1202.7502695227624 0.5211216227070075
1266.7485086212396 0.2690344129221572
1188.9825148420102 1.1462848417813951
1207.047125913967 0.4160274408613354
1203.6420225845327 0.504961021622024
1208.0003138384982 0.3986064205252809
1230.0189023143919 0.3140765495714997
1187.9267638335214 1.1909953540141398
1263.1942659623003 0.26979139354888776
1190.837117975425 1.1330816483004422
1194.6906958560216 0.9895985555723108
1216.7867290388112 0.3685544333114609
1302.5589673924571 0.22488015217654392
1245.2777115457418 0.30367340186431785
1299.5019495402307 0.2390059987306269
1282.9610501899724 0.24472305038248124
1206.7332634324082 0.4161356465509788
1271.286551872582 0.26807405524344036
1197.361152003643 0.9349211536686091
1221.1409362374982 0.32127863798445977
1193.621158656784 1.033724102295042
1205.3626394780174 0.48232553839449077
1216.4483784226206 0.3899790676442299
1222.5840754611734 0.32089940042238907
1199.2708016333359 0.9337325670558314
1210.474197679339 0.39190377239272406
1205.6765019595762 0.4821999791004732
1208.3141763200567 0.39850288155937036
1222.5202938243197 0.32091614246677697
1215.5105804438533 0.39027994662239957
1211.4734411239097 0.3915805236427534
1213.8808933863502 0.3908039141560174

1301.4710436120977 0.23840211972536193
1235.6152589718072 0.3641035141663559
1227.1060666704122 0.38739024940896055
1226.734635668063 0.38750754352005407
1226.288746917924 0.38764844447399643
1225.7239572888805 0.38782706529628835
1224.5542538587065 0.3881975206249615
1224.5383979416574 0.3882025471947253
1224.1540744820936 0.38832442347570933
1223.9182236924055 0.3883992541467125
1218.9349731092254 0.38998710817701926
1344.109576540062 0.21162780308460008
1307.3478492163415 0.23807969432847334
1284.5276823627023 0.2649980237922811
1271.2193332292836 0.267772278500424
1265.8950884670405 0.2688985054399773
1259.9143292638626 0.28761215879712815
1254.3379027872545 0.28810989333246567
1245.4569660726122 0.3314499935567077
1234.737102877183 0.36436246784912313
1227.5167335992567 0.366505682272908
1227.2116343285206 0.3873569251800662
1226.4731958307157 0.3875901461480553
1226.1593895160033 0.38768934062180926
1225.6165170087772 0.3878610630826667
1225.0676332520902 0.3880348417636137
1224.960900672059 0.38806865178953426
1224.4663186376645 0.38822539908455206
1224.4555643244666 0.38822880884285993
1224.290892860963 0.3882810269933822
1224.2281366042848 0.3883009310154061
1223.795241903844 0.38843828521442336
1223.2772219037256 0.38860277679241545
1223.0154681325726 0.38868594682988133
1221.9202754190214 0.38903432145414385
1221.3513006696965 0.3892155557193441
1221.2075766803416 0.38926136252029675
1221.1924416098275 0.3892661869017533
1220.9000556542146 0.3893594099018817
1219.3398038220143 0.38985762929140677
1219.2875578030034 0.3898743345460296
1218.540366650882 0.3901133997926021
1214.7445957630855 0.39133240590387597
1203.8227314581939 0.5534434499691147
1202.3559928406964 0.5757427997792529
1202.2189839599066 0.5758084133468916
1205.5848845856287 0.4724019549703302
1236.2045908830132 0.35147137211716384
1249.7831201317333 0.3310864240992625
1207.900433237536 0.44510076628984946
1321.3919126133196 0.23554932745641521
1209.3461207694802 0.4302007106005345
1276.950820140693 0.2665704050333673
1216.5782780249224 0.39074257185525824
1229.848528947617 0.3658107867431284
1250.9673855115484 0.33077299131569937
1261.6478415747972 0.2872169778269559
1210.9352528544741 0.41140494691299884
1206.0902209332212 0.4722040246046105
1216.07294167733 0.3909049440430958

1242.0781152096145 0.41643801765486876
1241.755526743731 0.41654620167205864
1215.8322698218883 0.510228660171397
1543.7063814619896 0.20108384595137746
1304.1710349516325 0.21800958749383817
1303.8645235950344 0.2180608370011335
1295.9309410538772 0.2193957874946648
1257.3149708748058 0.33637070104946004
1256.8082528422024 0.37628779730049916
1246.213507130175 0.3806783146830827
1242.9712259495657 0.4161387949067256
1242.3115638271793 0.4163597628254414
1242.0014565941494 0.41646372097565876
1241.9585006272102 0.41647812532316353
1241.7603195131396 0.41654459394642807
1237.180094563439 0.4180867040646236
1236.9341647130207 0.418169828941861
1236.3308066563745 0.431502699083017
1232.11677965797 0.43297850401793964
1226.116873460525 0.4580645430810665
1213.9327513833389 0.527013334123331
1211.7289134077485 0.5308138600089324
1210.4579203879903 0.5313712199133941
1210.28154383812 0.5314486576161714
1208.8741514578273 0.5368611083484164
1205.9516662469755 1.2751552363185537
1205.8889174934045 1.2752215893636207
1205.0413182111483 1.2761185518889113
1203.538216943162 1.2777122988812726
1203.517805967692 1.2777339681530198
1202.467336465062 1.2788501902118783
1201.4182098696058 1.2983956480826373
1200.996765949972 1.2988512704179154
1206.193494397738 0.5842222764069644
1205.9634400848415 1.275142786960217
1206.672002797831 0.570790891636163
1306.648340525231 0.2175962579472064
1207.457296897139 0.5470689710037434
1244.9757888767454 0.39429728861233737
1206.612299161802 0.5716961204930285
1276.7825702441642 0.30006501404057007
1222.0935530704946 0.4706510276350898
1220.3154399547059 0.47231177631829396
1254.5291870756316 0.3769713881216939
1226.4905310278946 0.44981031306982366
1211.132447008485 0.5310752786775023
1276.392730059339 0.30015666091208404
1218.4063713705427 0.4828038222452243
1243.647057299761 0.4159126538629466
1248.919976925371 0.38019858901482245
1207.0373064845483 0.5592330382422359
1239.592608301859 0.41727301744641415
1205.8863159464852 1.2752243404926065
1236.9927710790612 0.4181500168502829
1237.7361316468873 0.4178988839746927
1281.6388152260852 0.29892804065823103
1275.4456286161212 0.3003795467806488
1215.0809640921152 0.5139511393115722
1211.9745730861364 0.5301393324118271
1219.0550584613939 0.4740351358994662

1242.6365299848696 0.3393953182988449
1220.2615290954775 0.4302923416776886
1181.1810709480578 0.9777230020403732
1405.9897435944736 0.2015460713882475
1301.666396726713 0.22864864181655897
1258.368111386917 0.28837358013893155
1253.9080948161081 0.31091491085877354
1251.521257867952 0.3192196153478794
1251.2753163933933 0.3192823588079941
1249.1854723992494 0.337616014549034
1245.0166503674081 0.3387464902574024
1241.5367990995849 0.3396959485452661
1241.5367990995846 0.33969594854526614
1234.9026609948014 0.34297115799384337
1234.4452885169671 0.38142262912927977
1231.6241006462722 0.38229632500316163
1230.428231928195 0.38291668032730936
1230.3654189000436 0.3841430645149416
1227.2390512616087 0.39732238999805164
1224.5439485159354 0.40080415454131524
1217.6554307661077 0.447150691189211
1217.0042942897937 0.4482764300181244
1214.2914166030307 0.4984958279067583
1212.288077617207 0.5340601375196732
1206.797054283628 0.5549840356883851
1202.2211103004836 0.616496392861853
1202.0836856444391 0.6165668719855225
1201.0123018589306 0.6878512407224344
1190.0874712571213 0.9704058991736803
1176.4893758583369 1.077861032536156
1176.4290424680023 1.077916310847091
1176.004035145256 1.0783058693109453
1325.117776224574 0.2222532060186954
1316.44704324871 0.22371706908276678
1203.9490007073778 0.5698421462551457
1234.5421022896728 0.34859442886164616
1234.504992152996 0.3814041826118761
1212.9956506964995 0.4990283392129437
1208.2093176606122 0.5543353205883136
1216.1386367982875 0.481781361620458
1180.7560636253115 0.9780749286137661
1293.079486585043 0.23805331997858478
1177.058178650868 1.030525066690424
1202.7128218273047 0.5704278445310699
1199.596545075746 0.82527703556623
1198.3747241730207 0.9614223308202153
1286.9905559915003 0.23917958321040417
1176.6331713281218 1.030897298844242
1204.0864253634222 0.5697771090956036
1255.0438954414951 0.308158420128034
1273.1381690300968 0.241781978001868
1216.3909116685204 0.46841237983922057
1216.2163578183029 0.48085591869919725
1185.8742683321918 0.971556809416928
1267.592114727535 0.27293511931454095
1178.3459051530324 1.029398882576134
1272.687067974686 0.24523090598715813
1220.3392501154929 0.42937330458221806
1190.6793241920748 0.967636035245876
1192.9367642629131 0.9658049404004582

1248.5132384361118 0.33923228253597615
1245.6831283356087 0.3400029959601072
1305.9602604701747 0.2178565505496816
1296.6297107207793 0.22713629934837803
1296.2154261474311 0.22720889458445473
1295.915877854506 0.2272614134536755
1288.239282554328 0.22861566023224847
1278.0250778631032 0.23099791707862047
1268.583966360323 0.2755448318493984
1262.8120175729118 0.2837022690347343
1255.586353358658 0.2889654771561721
1249.5110942357862 0.3095229372470089
1248.651246740418 0.33919478858223934
1248.369039446515 0.3392714672248258
1248.0066461792035 0.3393699840844031
1247.9062219274222 0.3393972946115324
1247.8803529633362 0.33940433042742957
1245.707185559149 0.339996429787757
1245.4059292481904 0.3400786729084709
1232.4985604034957 0.3703085952317324
1232.4927542297266 0.37031033972560035
1232.432861833224 0.37032833565412737
1232.3553295736822 0.37035163444786534
1232.2954371771796 0.37036963439030335
1231.8824588548957 0.3704937977219068
1231.8227552188666 0.37051175471024506
1231.6634884942478 0.3705596656811854
1231.5248140401377 0.3706013921318161
1229.7134262339996 0.3828903201491091
1229.223113831371 0.38450004492374884
1226.109531413587 0.39883168218483006
1225.967967693612 0.40033860175559843
1225.8809467328474 0.40036702037964905
1219.3414183680554 0.4102161167862456
1215.7062796167052 0.44786761130248237
1214.8612818813683 0.4846127578060238
1272.8426711928132 0.2501839539051268
1269.5248108471287 0.2751823173634318
1248.7937796848425 0.30970072905727414
1225.8734512276878 0.4003694683917696
1285.7991597320975 0.22904951515105884
1214.9987065374125 0.48279146039190174
1218.9269867385083 0.4298707816253171
1253.792111636484 0.3084660849443253
1302.3911406446787 0.22613150913518468
1253.9184048523512 0.29211256302272004
1242.8820210116946 0.34076926730850216
1229.3399213920559 0.3844635110802209
1232.9650498226783 0.37016848984794
1218.849265718493 0.4307909153181215
1300.9423703249797 0.22638333629237223
1277.1856100560901 0.23263620530534682
1264.6817948959538 0.2762361099916256
1230.4993165321503 0.37091025114456133
1259.1623307955927 0.2845245811343484
1258.7954430455936 0.2874358722560146
1234.873492328239 0.3429792592377442
1248.74947813701 0.3391681062265046
1233.9186705085965 0.36988240913805936
1251.3176879213383 0.309076062572926

1429.2022196006021 0.16898411220201406
1426.1952430116476 0.1693403967091926
1420.3131409585458 0.17004170508016492
1418.1091984423056 0.1703059739698751
1417.2808938419123 0.17040550626606749
1414.151349634181 0.17078261693759386
1414.029161597537 0.17079737447811938
1413.111520246463 0.17090828627186702
1411.9916050178801 0.17104384146341822
1407.5580364238472 0.17158260049437202
1405.8455490944552 0.17179160853901818
1405.7436324103328 0.17180406346372756
1400.28137691608 0.17247424140443293
1398.361328092299 0.1727110607140694
1398.3320619041815 0.17271467544516975
1397.2292080171242 0.17285100171867848
1393.1655070060008 0.17335518789535712
1392.4068136672097 0.17344964551004996
1388.267176089718 0.1739668504708259
1386.0056882308475 0.174250704948139
1328.0092356075597 0.1750616554121072
1321.7986239220081 0.17667666064918375
1316.3090089345953 0.19043705964784224
1314.8612338814662 0.1906467471928431
1313.3979769319742 0.19085914677212343
1305.5853846815462 0.1909877283034606
1299.4112573099146 0.19189520278802474
1298.2616024453823 0.1920651325255677
1280.6161739391875 0.19471157072733422
1279.6187435039428 0.195897425324559
1275.9471208839993 0.21787259465799758
1272.7978507560924 0.2676735775280309
1269.7410840630812 0.28112406376676596
1264.1935762589164 0.2823576865022174
1263.5515972520398 0.28795629918069343
1262.9087703851349 0.2881028703740754
1262.5836093791606 0.2881770672973199
1261.2729033892003 0.2884765388924527
1258.6952447854812 0.2890673046362083
1256.5698188198155 0.2895562477461708
1255.1151830357776 0.2898918335833563
1254.9318410826004 0.2899341859512215
1250.8659654807946 0.29115485535427715
1249.621157504225 0.3130028506766792
1247.0350376833055 0.3136519606468714
1244.4884315257243 0.3142937890432523
1243.9499059104605 0.31442985180214145
1242.7974476257323 0.31472142569325906
1242.1945854223388 0.3562099663325559
1235.6088944497249 0.3957654636132371
1233.9676147550392 0.3962918646399084
1230.8809594222164 0.397285637748495
1230.879537654753 0.4125820104491155
1229.5361431858064 0.41303279865399756
1219.4435837010733 0.4720640788062197
1219.3200048638414 1.10529404099205
1218.0500793016663 1.1064464083538093
1215.0393728432593 1.1091880358450377
1200.7941029891904 1.1977979096189322
1197.2690833381773 1.2726021415375266