1224.280103602656 0.4008905319455431
1311.8912620732517 0.16644216476832868
1241.3549336026736 0.3371006743852776
1230.5161232052671 0.3828893299859269
1229.0537023021536 0.38334492062342446
1225.553721450626 0.4004739191707365
1225.3702843339074 0.4005338698501294
1224.6067615440868 0.4007835963315838
1223.929087893868 0.4010055050069803
1219.3414183680554 0.4102161167862456
1218.9269867385085 0.429870781625317
1218.8492657184931 0.43079091531812147
1217.6106956432516 0.4471671195444949
1215.878517102645 0.44780416780025784
1209.881289586202 0.5368964867030008
1209.1231697462476 0.543929750548664
1208.607178101821 0.5464444569839371
1208.5443650736697 0.5464728579529471
1196.9248230241574 0.789822166600857
1192.8868125726794 0.8260942867694311
1192.6709992673261 0.8436538619113294
1190.5894459708684 0.8914118913878581
1179.9725140981905 1.0166773557174835
1177.1358996708832 1.0304570257281556
1177.0581786508678 1.0305250666904242
1176.6928749641506 1.030844992657621
1176.6331713281218 1.030897298844242
1175.1919513531946 1.0552158170510644
1207.1031450987425 0.569570109250936
1281.8099039537465 0.2276144244490003
1231.889522200684 0.351572544943801
1180.893488281356 0.9779611066543902
1195.629057117626 0.7906781383001159
1263.2836858066262 0.2335700074993767
1191.0811574976897 0.8447799616236273
1253.1348084651277 0.2633179447471813
1244.9004514306853 0.3222913236562124
1201.9255284481906 0.7103029957959603
1236.2325773063978 0.34185206469800905
1212.575660283909 0.5234977117757791
1185.590632634492 0.916082348602545
1304.8092005815267 0.19221998867500578
1227.093251393267 0.38516742061194736
1212.6672573708595 0.4966874747146241
1230.8971183486717 0.37079038022320465
1191.6956266625175 0.8443443711709412
1178.3539445573992 1.0293918594283693
1213.8441496320256 0.4850188356905338
1218.2011339614717 0.4469503863674631
1199.0917536963225 0.7524615598475706
1210.306296908948 0.5264825064857159
1221.5831837023254 0.4017755880496892
1208.511877794637 0.546863896991421
1207.1659581268939 0.5695404725443459
1217.1185429936893 0.44734793552494956
1223.635798269526 0.4011016208235402
1220.8911064010842 0.407937466992357
1200.7161489079917 0.7288794067576545
1179.5020533958946 1.028389865503321
1192.8019307269674 0.843561255730264

1251.28204322285 0.32556942246173787
1238.7162177349114 0.3802671700339933
1331.3963996605933 0.21985991487269982
1325.3772075854893 0.22085840726389286
1322.162772945744 0.22139535697183713
1321.5490115488788 0.221498178677553
1321.5379571756855 0.221500031460907
1316.7014870918135 0.22231363901450935
1313.39569194258 0.22287319875265318
1312.40306110535 0.22304176801039907
1311.9097952845077 0.22312562963043975
1296.3035959053666 0.2258118391523512
1294.4776542526336 0.22613036086760363
1291.7783120554873 0.22660289026328187
1289.889705847003 0.2269346733789016
1266.8308770398246 0.2813885153759802
1264.5318370286782 0.304429954004215
1264.2301601088118 0.3045025986014861
1263.7661391527504 0.3046144037706141
1258.7920559026034 0.3236270599568566
1252.5555701900782 0.3252384020670523
1248.9656363038982 0.32969021171700297
1247.9264428469387 0.33795663441656476
1247.512710574971 0.33806871629356566
1245.2421781713588 0.3386851393383739
1244.907846142075 0.3387760965046206
1244.6359197851064 0.33885011184379416
1242.8391100321014 0.3393399976068452
1242.744593566177 0.3393658059808962
1242.715235429443 0.3393738232220555
1239.0906757713822 0.380152251811615
1238.8989003564054 0.3802110974977517
1238.592343132253 0.3803052014693184
1236.2010019059155 0.3912627246212592
1234.851560857392 0.39600818629325807
1216.7856134378349 0.5674727033958482
1208.3889810375044 0.7117945293487878
1208.0511978942802 0.7774834465371756
1207.9734768742649 0.7775334698263179
1207.9137732382358 0.7775719010258881
1203.563478382901 0.8844119177001092
1203.4857573628856 0.8844690329554722
1203.0592541687163 0.8847825909671763
1274.403511171793 0.27117789452452395
1228.928178117775 0.4055587100426411
1204.7715185573386 0.8277454321274805
1224.805285820585 0.4471736225851064
1295.7544719768346 0.2259075352791299
1267.140161104398 0.2813198339574354
1262.4262337034372 0.3049377133539029
1220.6297810562182 0.5251526987806577
1208.9380484945152 0.6658906729360947
1211.9124389621297 0.6115664416790264
1239.9521786497628 0.3503209959991971
1235.8292863525728 0.39138040951656883
1236.3491117823205 0.3912158528491737
1221.1219337057807 0.5045698693903382
1216.1949409804884 0.5787141685882665
1264.5394441733852 0.30442812263175456
1273.3993862065224 0.2737172137232341

1320.907487139613 0.22160575357557802
1314.8686777187527 0.22262352435001828
1306.842205685931 0.22399085200768734
1298.75859149588 0.2253849953393172
1298.7465845909937 0.2253870790223343
1266.952110827154 0.32037069131625107
1266.800601486597 0.3204090076480543
1266.7304792212922 0.3204267444956386
1266.690907786209 0.32043675462995064
1266.5585862761038 0.32047023170375144
1266.4870641650016 0.3204883295652815
1266.2812758200064 0.32054041338282735
1266.220883660347 0.32055570149572465
1266.0404586037087 0.3206013843016769
1266.0080400641746 0.32060959390882215
1265.2723652687098 0.3207960078414246
1265.263466421093 0.3207982640630461
1265.1328618871935 0.32083138130236216
1264.716490528741 0.32093700576370787
1264.0920026949032 0.3210955553432483
1342.0388150402832 0.21811641795353784
1336.541443007951 0.21901355967863967
1334.7113700900177 0.21931385740083637
1334.6064437060184 0.219331099794747
1333.3629223774203 0.21953565243082399
1324.742413056344 0.22096423893899067
1323.88922202304 0.22110664111600628
1322.8111727304733 0.22128683603947738
1322.2742546212482 0.22137669100654456
1321.8565280906616 0.22144664936822883
1320.8364165992334 0.2216176775659071
1320.1505838818284 0.2217328103817281
1318.1960973231364 0.2220615731495683
1317.0819731277081 0.2222494158021659
1314.9391309151085 0.22261159639190545
1314.8661579399998 0.2226239509805336
1314.434885333754 0.22269699500319565
1314.0559143655103 0.2227612203492397
1307.9845047375115 0.22379523460023001
1303.0769397835838 0.22463807788649257
1298.9004528800406 0.225360379575009
1298.0647911033604 0.22550546097347213
1296.8381710837343 0.2257187562936846
1295.8017171700449 0.22589929864461206
1295.1560734034479 0.2260119109212663
1294.241107148806 0.2261716904789529
1293.1385246939349 0.2263645336530975
1291.8393755835907 0.22659217904622236
1287.9796616156727 0.22727121228296507
1268.3657864917245 0.3074907193138288
1268.305894095222 0.307505239751026
1266.8420115082042 0.32039853424741765
1266.6215710515323 0.3204542958109507
1266.1708498924681 0.3205683685142097
1265.7367381017516 0.3206783143697053
1265.0564687692097 0.32085075538578833
1264.9895275376543 0.3208677342968729
1264.284315281168 0.32104671291442133
1264.0533868097557 0.3211053645722064
1263.8319913901819 0.32116161513193364

1316.5551890805773 0.23490801798811692
1306.3518082673856 0.2368657629904775
1220.0137179200117 0.3874890016559881
1209.6357179048887 0.3929851923040494
1207.4399345881534 0.39369985338512387
1205.8161601074758 0.39423001693419785
1190.3586674345465 0.5560590698832526
1332.5142142881664 0.17565132139829925
1326.0321455779956 0.22487866340269536
1316.3101268214466 0.23507379567643297
1315.3842867180772 0.23523925359583042
1313.1370813106325 0.23564182460707334
1313.1156583393258 0.23564566901180278
1295.5494695997515 0.2418540122572963
1230.928386686097 0.38405312825399246
1229.8323535856925 0.38439539843386933
1226.6265164191484 0.38540003108973697
1225.062207433686 0.38589215690014317
1223.2385106779466 0.38646747419800515
1218.4015739338804 0.38825886408409216
1211.6391237472365 0.39233540408345846
1211.6342746283376 0.3923369742610793
1211.184474416613 0.39248267729626307
1208.2430214443161 0.39343817161091515
1207.9049098879227 0.393548301134737
1207.131311869022 0.39380050914484
1206.6677193177973 0.39395180430239285
1205.9869090188763 0.39417420012082316
1205.0592887836901 0.394477624166116
1203.8223288459792 0.39488296057309613
1202.5202109720058 0.39531054936237237
1202.1820994156124 0.39542172974441986
1187.8092128528995 0.5572525673978705
1178.836744352792 0.7043021139115136
1178.1446705209084 0.704715839895236
1180.6428657413 0.5606350172840143
1320.258436474293 0.2343707938163736
1282.8174650288715 0.24958732973311826
1198.0133680632289 0.39679768013541106
1192.0082211848983 0.47301699496991
1189.9653740130675 0.5562428520158379
1254.0905556671332 0.32487682159562375
1190.601184295361 0.4813825772002779
1309.3570097911431 0.23632211496588068
1190.4925691744395 0.5559965266310992
1233.680883676985 0.3557135218224427
1179.2125846558629 0.6802829886070778
1271.4888742462256 0.30932714041931736
1196.8122893281648 0.47111827960993136
1231.197946438601 0.38396904326465336
1305.4259681640162 0.23703375399712204
1263.8619672197524 0.31355476037879587
1279.035638213415 0.2503253045230165
1181.3349395731839 0.5603065745945598
1211.8817969067475 0.3900891149368525
1324.7288787071625 0.23357988398443094
1322.3239173807917 0.23400470469607124
1220.9968629916493 0.38717699602039746
1191.3161473530145 0.47329178574226916
1228.2702252494016 0.3848842769655552

1241.0027985917636 0.3500244179214393
1227.901321437177 0.39970826109150354
1524.8190231952162 0.24036087732050637
1271.907355334705 0.3191225539406264
1263.3642774208956 0.3338269319162335
1255.5689229290306 0.33589953758980184
1255.0134136996753 0.3360482175092596
1254.586910505506 0.3361624588080987
1254.139338366254 0.33628242709728495
1242.2416327815113 0.3436159843176433
1240.9895800798506 0.35002814623794765
1240.9118227373683 0.35005007951148637
1240.696308092275 0.35011088481747354
1238.629342137077 0.35069513327247415
1238.370497356799 0.35076843573317573
1238.1524655887176 0.35083020410529114
1237.9588733101866 0.3508850670091036
1236.2826264126766 0.35136082392131013
1222.783855763181 0.47737810806869213
1217.8311752580985 0.6714877461391123
1217.3632679517912 0.6717458400300534
1215.8900167798784 0.672559770839908
1214.5569449714185 0.9223201739035686
1208.8245623411174 1.0532608499508416
1187.8370316002965 1.2072415190635801
1187.7135599995836 1.207367020739932
1216.1927075873593 0.6723923815282925
1208.3776546254758 1.053650389097502
1263.759418820855 0.32118005813875294
1218.4377897143754 0.6336271088261859
1234.6985411297615 0.3524641072252085
1219.3470902008612 0.5868793837139675
1219.782601404789 0.5725260827599131
1276.7495798698333 0.24869315767469513
1209.6346129227823 0.99662236251537
1213.947970896998 0.9352942251696643
1208.7976450380665 1.0532843037866477
1310.5860418977595 0.24335471347432466
1241.2103323809088 0.3499658928738712
1206.7391869547369 1.0550809982278428
1230.1701478923956 0.39751519559659243
1268.1974241059193 0.3200561015935156
1193.1299078110774 1.169036965199161
1222.2465917671434 0.4775879495783265
1211.6615190033729 0.980363768538489
1198.1255859237983 1.1622959457135413
1238.0123466501154 0.35086991126650147
1231.6190339892976 0.3948435715520708
1227.5041763797417 0.3998375821670348
1205.086218930868 1.1384750225967308
1227.542435154626 0.39982512044220286
1226.0688073500496 0.40030567537592243
1286.1043721034098 0.24688422764504758
1223.6878117420706 0.4548848662326915
1241.067301099866 0.3500062259564806
1231.6332299241783 0.3835678883366804
1238.7385335508357 0.35066422045563417
1207.6484874412224 1.0542865736291727
1302.1214338879781 0.24384736808271099
1272.9034876928813 0.3099668892065166

1311.5951442905211 0.23947853004825453
1228.8098292088382 0.3846293635149197
1217.402521301695 0.44724358457479346
1196.181798354616 0.9631848788330228
1393.4843796178457 0.20675192595359038
1390.5839947027785 0.20953099322128502
1323.1619086976532 0.22158168374413872
1319.6594763584706 0.23443678865493664
1290.5650402502486 0.24459393855699557
1270.7693274025967 0.2523890519077238
1257.233225623301 0.28991784229612316
1250.688976361009 0.31694697164931057
1238.5433110289075 0.3474682679411604
1231.7220324706664 0.3705420529116177
1229.0445899852498 0.3833477627989067
1227.99799819197 0.38488364246957546
1227.37267444046 0.39988042116658856
1226.4127622976616 0.4001934072050134
1225.1656116191741 0.40060078190977866
1224.9908576297357 0.4006579305687869
1219.0387275605744 0.41748372114939664
1213.059777414573 0.49690169508694904
1211.7438925636536 0.5219026776259804
1208.5715814306661 0.5468368818244544
1206.9902354549868 0.5831275377679124
1205.626736500075 0.606259299888241
1205.5490154800596 0.6062983850607028
1205.4586000989843 0.6063438604503396
1205.454499014135 0.6063459232968607
1199.6742660957616 0.8252235699090826
1199.5965450757462 0.8252770355662299
1192.8064954934202 0.965910417878684
1177.1358996708832 1.0304570257281556
1177.0581786508678 1.0305250666904242
1175.694679695956 1.0547646056029538
1175.6169586759406 1.0548343369728685
1333.3115757475475 0.21989492098345612
1201.8482111266421 0.7283445382178818
1274.7164116905205 0.25160754407422237
1245.6550673021381 0.3392661982377083
1260.8967314096694 0.27706533826026714
1207.6463837906622 0.5693138980576107
1181.2587919680732 0.977658672674507
1232.269198047524 0.3685987407946344
1235.4351916138012 0.34834243186092906
1250.6127915334068 0.31696627942431305
1271.355826584214 0.25227262032397846
1214.4586187968532 0.47642776611208953
1186.9568592999742 0.9706706789579133
1205.738477322141 0.606203115306071
1252.0273409069284 0.3109866225514579
1229.251909797989 0.3712866393700824
1224.404160242508 0.40084991371346207
1228.0925146578945 0.3848540210516089
1224.8080353018584 0.40071773521852616
1255.029274284354 0.29976730242238686
1195.1361359503012 0.9640275997464856
1252.8240321822648 0.3018860322923599
1200.6791360435288 0.8245329254723655
1252.6095567804393 0.3043348422483705