1283.3334996064693 0.36740256478040306
1279.534388296964 0.36849343287411357
1276.466463751499 0.36937908876846
1248.779593119253 0.4204406655983665
1240.7940860412443 0.4303735141038265
1239.949801960787 0.4306665562141069
1239.4536423134734 0.43083895424445356
1211.551112784504 0.528049324504095
1426.4258312621369 0.19027910502020307
1355.6128069453132 0.2530523778793362
1293.5342266302187 0.3316106108122515
1252.2451644922685 0.4192771018042591
1241.3630663488348 0.43017625186760267
1241.2874608867191 0.4302024534327828
1238.8010052902816 0.43106593295319895
1238.2848422779323 0.4312456172090967
1237.94703878629 0.4313632929017431
1236.8824719137965 0.43173456105539587
1235.2238381330146 0.43231428555972523
1234.3456901552515 0.43262184600948433
1213.919239415259 0.5270192002362627
1211.3255704728438 0.528147644450625
1210.036496910809 0.5411137660897659
1210.0275564786791 0.5411177641730115
1209.5503723422898 0.5413312425190863
1204.6029009321176 1.2765829974110057
1361.578576628177 0.251943626441819
1313.8715649959906 0.31191152792160354
1337.8014703008823 0.2780750733638031
1299.8603837052115 0.31623194415784406
1271.541322583266 0.38668453318101337
1259.0226524208658 0.4170200768883438
1333.6736238602812 0.2943775952242012
1224.5658690409348 0.4578400326885068
1294.1703515155775 0.3314476139072925
1283.6339366037846 0.3409317516017885
1230.8905789782832 0.4530345923814822
1282.8084925708802 0.36755292933795025
1232.7655758621147 0.434008613105916
1290.9772304080645 0.3389924749358256
1216.384935641112 0.4822739803870412
1205.801401018267 0.5672746397518984
1271.0241501718522 0.3938969613188596
1246.6653624366988 0.4283466334903732
1226.5790114401675 0.4570885954200759
1223.4888678734565 0.4664711859817997
1214.4683979028246 0.49031887690000153
1217.237646995803 0.4742479417444653
1242.165254859296 0.42989844467136085
1231.4779595940101 0.452818507525277
1210.6183464580047 0.5408536950271541
1231.92437738593 0.43818061721773566
1221.231788926544 0.472696873710645
1235.4755207839976 0.4322262174405136
1223.0717089791997 0.4666302875313804
1234.0078866636093 0.43274027407766946
1233.050765430444 0.4339082322193434
1206.5444462420762 0.5501120126895068
1210.0425249918521 0.5411110704178633
1208.2100914061166 0.5419317473068413

1298.7110606790827 0.24276909361222482
1295.5350699436517 0.24336423951761119
1273.9956452738647 0.24747879495102693
1252.88612886586 0.2596297092426572
1166.488179798439 1.2128843490546526
1164.271683238695 1.215193392575808
1317.255199345261 0.2393514234917765
1314.2913605829117 0.23989118130198822
1312.6998764862865 0.24018201929687294
1311.3467727830025 0.24042984938005005
1304.5533432304248 0.24168188192634335
1302.041806722132 0.2421480673181773
1300.292707650787 0.2424737947156949
1300.0390945881313 0.24252109677141584
1293.953261050026 0.24366174309061275
1287.2754641892698 0.2449257488674351
1286.7824838006843 0.24501958259020587
1226.2455101154594 0.3368800330101442
1215.943518281442 0.37573653166557214
1196.9850987416912 0.5432999666918695
1194.9568702744432 0.596860182828151
1190.971308182346 0.5988575637076221
1190.6745724012546 0.5990068089095004
1187.6401209086428 0.6171288857781627
1182.2235934504079 0.6657249998167921
1174.8323036251304 0.7618778884228407
1174.360230088064 0.7735147707758206
1168.5046754069717 1.1030728337722384
1168.4196920859144 1.103153064183808
1166.7903942284033 1.2125701956694555
1166.537647401694 1.2128329160966962
1166.5200949159741 1.2128511654457927
1166.2946156941587 1.2130856454247645
1166.2092171848847 1.2131744765746253
1166.1831744124026 1.2132015687395337
1166.1421703154042 1.213244227547413
1166.0467265307357 1.2133435345633066
1166.0364560216512 1.2133542217555722
1165.9951258733684 1.2133972306059455
1165.9632270592454 1.2134304271354914
1165.9581211556458 1.2134357409273622
1165.8260384373236 1.2135732176056029
1165.8084412633257 1.2135915357600386
1165.76682670295 1.2136348575265183
1165.7034330261758 1.2137008578261659
1165.686949274292 1.2137180205333697
1165.5473015554999 1.2138634397305126
1165.5192888766874 1.2138926143370454
1165.4304833333417 1.2139851126839833
1165.2656259321475 1.2141568627350547
1165.2053436510487 1.2142196775390688
1164.9011868645819 1.2145367114294532
1164.804393121577 1.2146376378639776
1164.6291796824505 1.2148203748600406
1164.4961269645514 1.2149591775137305
1164.4471197076175 1.2150103106356807
1164.3959745379489 1.215063678999919
1164.2815994467944 1.2151830427510169
1164.0582036471892 1.2154162499795311
1164.0272655375202 1.2154485539318085

1291.7532195564193 0.22767478334131128
1230.9354596249889 0.39781192554573713
1186.7083287935777 0.9964854500383105
1186.420746126876 0.9967269933053063
1332.0836862493709 0.21750248438436792
1324.590731329007 0.22049599179561227
1314.5178614893148 0.22218560552441674
1305.900338315439 0.2236517890824807
1305.6134123470513 0.2237009395473559
1303.0346375468928 0.2241436555957662
1302.975269572508 0.22415386834125312
1268.158606514038 0.3205938121472564
1242.8872841317814 0.3787414301453306
1238.1549956438635 0.3954923310399444
1225.9689021077218 0.4483906969304319
1212.3981807672562 0.5112746221962002
1210.4139234252093 0.5350632639610522
1209.144348538331 0.5657950552199189
1209.084644902302 0.5658229937287623
1207.100387560255 0.5667531056243226
1205.6596735941994 0.7283105757211354
1191.1201968650178 0.984339970285919
1190.5220905760564 0.9932932722902156
1189.7756588405684 0.9939164365107768
1189.1250949864022 0.9944602027725282
1186.708328793578 0.9964854500383102
1186.2833214708317 0.9968424588620972
1181.0532582882022 1.025402504467279
1179.092324418276 1.1464227718318627
1279.265878001773 0.31781024497014254
1205.887345478789 0.7273352034312193
1264.3223806555056 0.32156656268229566
1281.954418507026 0.2755700554733794
1239.0466809151853 0.39520771328345394
1250.1042677599748 0.33736787522507977
1249.0776342161814 0.3553494051698449
1261.3853429520655 0.33386313354569985
1288.3938310081064 0.27041872389426747
1202.849959418531 0.7393206979778123
1209.5096522250483 0.5656241702507763
1230.9982726531405 0.3977916267587823
1197.777019021329 0.7968922956023149
1296.550927474238 0.22526453904639857
1226.386526923742 0.4482380051989103
1203.8548293662982 0.7387035794241149
1186.2833214708314 0.9968424588620973
1184.1205883351927 1.022746315610168
1184.5156516712068 1.0224052060851303
1217.8631162571505 0.5081479160524837
1311.5612200641294 0.22268647666586547
1182.2105449971966 1.0243987199089266
1226.2365760591679 0.44829281817523703
1183.3583649622121 1.023405085742251
1190.9991350848397 0.992895417172442
1188.1634208220953 0.9952650976781265
1187.4256160746431 0.9958835038368784
1179.1207089864104 1.0370154401081237
1220.8212358258324 0.45028136331463864
1202.6222875339413 0.7394606609057985
1229.1022770315315 0.4135403444247745

1304.1090060611048 0.24279210220769146
1256.3245363890176 0.35577982137482134
1255.4352876505998 0.3560318270022115
1330.3685759145287 0.23273615199966788
1329.466121793417 0.2381612903850729
1326.8658999491568 0.2386280083780066
1326.5286687025464 0.2386886725932928
1324.7988863613987 0.23900032703015442
1323.1282283470157 0.23930210262774101
1321.518032671151 0.23959367883128144
1321.5121647623973 0.23959474269878328
1320.0242297415348 0.23986481456598366
1317.3886163957445 0.2403446964312037
1316.5251413503747 0.24034959551451496
1311.1570360117569 0.24148699079758404
1304.7257553476877 0.24267733337201025
1301.973831641066 0.24319026956975578
1300.8574228015648 0.24339897788926065
1277.653332012066 0.29177687996667706
1270.0502583903278 0.30334381424103246
1269.9003075257538 0.303379633326152
1258.0019685392508 0.3553054210752166
1257.8249810076568 0.3553554158124715
1256.9446734365754 0.3556042907785503
1256.5001589054607 0.35573009360750935
1255.1965972350854 0.35609953064713107
1255.1822417852059 0.35610360333776847
1252.1004918715316 0.35698006833076984
1251.2140266490487 0.35723298302718065
1250.8645553064102 0.3573327881497126
1239.8251465038782 0.38121209577192117
1230.0629432900007 0.4180609035358931
1230.0068283165149 0.4180799761751478
1228.6974823118462 0.41852549783879356
1228.578778636402 0.4185659352252474
1227.5615740525502 0.4189127750066114
1213.2559498190033 0.5354031140778118
1212.8151107042518 0.5355977246435626
1212.6651598396775 0.5356639534299862
1212.233605437038 0.989620589688369
1190.1827318068467 1.0191611133621699
1187.5096377952136 1.187297749748013
1220.049269915051 0.45984801848279194
1221.9293692663146 0.4394436055631021
1262.7544756363675 0.3191917929682393
1281.475663208963 0.29090658027792826
1259.2308207702433 0.3440017687639609
1305.1110746043335 0.24260568563909368
1266.729943291795 0.307661664288322
1271.294420986565 0.2942419153137202
1234.6467863030252 0.388648591115844
1232.1639524762143 0.4026049171352245
1276.008968818402 0.2923103899004846
1301.9821626167857 0.24318871347145488
1280.8134995607443 0.2910569751344423
1230.0620996518403 0.4180611902629873
1205.8697059320004 0.9948432484465352
1299.3921232208622 0.24367345424929931
1214.5442149092487 0.4983920697237258
1288.601837820762 0.2873499846710136

1242.4376508267312 0.3673462489038821
1242.0239185547634 0.3674686161110569
1238.2523611041674 0.38169629821502293
1206.3841018807634 1.2629868025262074
1206.2225717809197 1.2631559341517349
1298.1040752197296 0.2502910610715664
1260.1130643641354 0.33822938887232623
1252.274593265145 0.3576784223324127
1238.515761301761 0.3708468912875869
1238.488441290067 0.3708550718576018
1238.2796811158614 0.3816878768967297
1238.2548067982618 0.3816955443214162
1238.2090853238624 0.3817096386155584
1238.1602903323374 0.38172468151325645
1237.6162362188086 0.38189248707134066
1233.7725273834283 0.39552519823018056
1233.3332903921785 0.39566605982808556
1233.2875689177788 0.395680728293155
1233.2029685506175 0.39570787283930514
1232.883752744574 0.3958103287337112
1232.7892362786497 0.3958406750348853
1232.1023376976364 0.39606135670204035
1232.0404177987184 0.3960812619574346
1231.7907051736333 0.3961615568413422
1231.7423243762028 0.3961771174108315
1231.7375316067942 0.3961786589612998
1227.281521050621 0.39761710340634515
1226.9161695760838 0.3977355059497568
1220.4729880439056 0.4857792711847868
1217.9207919214434 0.48679723883959164
1217.1437359611957 0.4871080227549964
1214.404674382748 0.5294656057671684
1211.3345386223791 0.5810362221746164
1209.74460390464 0.581799862416464
1209.628179078081 0.5818558597462594
1209.5025484972516 0.581916296898467
1209.4419130971592 0.5819454712863402
1209.3246134920491 0.5820019176475701
1209.0219226845684 0.5821476276856619
1208.8941739090383 0.6046206830773242
1208.3033839297127 0.6049163073763255
1207.223102953881 1.2621090465587643
1207.1471823229333 1.2621884238845311
1206.870113905923 1.2624781920580443
1206.1883842257369 1.2631917363645304
1205.899236357859 1.2634946217021095
1205.629488248398 1.2637773165837796
1204.281335642361 1.265192072947079
1203.2241747568166 1.2663036792464544
1203.0825095224543 1.2664527888927792
1202.9795880879435 1.2665611408042028
1202.1187917895093 1.2674680820725628
1201.024505038259 1.2686229074104527
1200.6552522114275 1.269013063197371
1200.607841218641 1.2690631754547792
1200.2865801160417 1.2694028448652088
1199.9700883484659 1.2697376495024562
1199.7487211390915 1.2699719304607566
1199.4760432810272 1.2702606342058123
1199.4605386740693 1.2702770539972372

1184.52996836988 0.9749587882777655
1418.292376694472 0.22504256173239115
1236.4239192194211 0.3086797877984239
1233.74792056577 0.3131272493407485
1223.6800706235267 0.35246286541216243
1222.4985609107066 0.38917689361433344
1220.969480633502 0.44408108043949907
1218.7520912802981 0.44488903856877815
1217.5957271300786 0.44717261679351633
1217.2385497456394 0.47028743671689416
1215.154807462923 0.4743110521639586
1213.7214783875716 0.4850678567099499
1208.7479579805363 0.5357236702455607
1208.6981624235013 0.5441210093213085
1208.607178101821 0.5464444569839371
1208.5118777946368 0.5468638969914211
1207.1031450987423 0.5695701092509361
1206.1832703481166 0.664525691034619
1204.303170996853 0.6855482760267623
1201.5171347855157 0.7096870407336916
1200.5329736712497 0.728990617912048
1192.8868125726792 0.8260942867694312
1183.3823429726517 0.9759042878226276
1180.7560636253115 0.9780749286137661
1180.7560636253113 0.9780749286137663
1177.7714429731564 1.0185773671199476
1176.8692515140208 1.0193582115509685
1175.3293760092388 1.0550924365981713
1175.3293760092386 1.0550924365981715
1175.1919513531943 1.0552158170510646
1285.2065260043387 0.28440842023290197
1406.5240291399862 0.24415393282781947
1360.8364420289834 0.25765990776091435
1189.6399375227622 0.8685776586817509
1248.9586286238803 0.2956860233754885
1185.8267128203913 0.9046532828337714
1233.5769235256475 0.31317065468645316
1222.2735910902825 0.38924852492217477
1227.2883487233316 0.3459815063775031
1220.9456436295563 0.44408975040979776
1239.3948336123758 0.30793986118301947
1223.5855541576025 0.3524900915789761
1210.6605446108326 0.5146214451855285
1195.4401299807787 0.7893049248458641
1205.607607304817 0.6737443718576762
1200.769053857149 0.7177405587959856
1259.7942198809205 0.2931428041424146
1177.7714429731566 1.0185773671199474
1179.3438002483272 0.9792461726575614
1193.1973370348526 0.8119333243577408
1176.6331713281215 1.0308972988442422
1191.0811574976894 0.8447799616236276
1197.49504558295 0.7743805944227232
1176.09414281233 1.0544063523466392
1213.708915018788 0.4877467530428404
1208.8432582877203 0.5353051904026787
1192.2194291427245 0.8327870253174923
1191.317237683589 0.8334176997657033
1205.4414426418878 0.6738372444788505
1208.5443650736695 0.5464728579529472