1446.1525569684318 0.16670158260968387
1300.4431446288697 0.17542973374801543
1299.1255371350062 0.1836921880073131
1293.5826782885301 0.1844792887364849
1291.5470238818716 0.1847700532770782
1287.02714566412 0.18891158883820477
1284.5254494553408 0.18927950634874643
1284.3004796349167 0.18931266227855292
1281.8140371586348 0.1998097984908123
1281.0934788256236 0.21783811535275333
1279.596508630651 0.21809295909749055
1278.0261487786331 0.2183609382990912
1275.479542621052 0.2187969149584306
1270.7532415506398 0.21961068435091238
1262.847775362766 0.22478260453812832
1262.7542353104377 0.22479925558233235
1250.9139246350796 0.2308730274464159
1249.1490489060661 0.23119921926714448
1244.1662760479735 0.2321251511275031
1238.9845988634827 0.2507695067056851
1237.1966068051015 0.2858599743996806
1234.4492333130972 0.2864961804864898
1234.2145540204922 0.28843155579432106
1215.1104867246163 0.30243364630453434
1209.4439495667546 0.30770447446481175
1207.7533292218147 0.31870568092536916
1204.6500666376458 0.31952668898602393
1204.2829454042674 0.32645643730067647
1204.2201323761158 0.32647346551406964
1201.183869667615 0.4221570965633743
1200.5483402866842 0.4223805721446828
1200.5117732262856 0.4477446711012015
1199.457652164694 0.4487198911393966
1197.405143898772 0.4535964970760545
1196.9752096372422 0.4537594216491223
1196.0503208322812 0.46180992078608035
1194.366096252947 0.47065006158604816
1194.1732402801415 0.47525836862498066
1193.8884928527082 0.4784722744272709
1192.1552574717089 0.48986407268905235
1191.3521823051549 0.5256812186911963
1190.804650711281 0.5317859022203251
1190.2051708415686 0.5320537509502651
1190.1948227157177 0.5320583768813053
1190.0433368146787 0.5321261049548416
1189.9698528952936 0.5321589652089934
1189.8630107110077 0.5322067497234447
1189.6380408905836 0.5323073941655341
1189.1184480097177 0.5325399892723577
1183.6654963130154 0.5614023451500738
1182.9986378856688 0.5736958113213716
1182.9981053262336 0.5737233844839442
1181.9987451796176 0.5742084579985932
1181.9113824943825 0.5811492959852929
1180.9120223477664 0.5816411001456798
1180.6483599350763 0.5937718371477752
1180.5206460851446 0.6001437114613759
1180.2655103754669 0.6206392325692822
1179.2661502288508 0.6211651885753421
1179.0024878161607 0.633321698770151

1290.884181724984 0.2706290652136231
1227.4808707520988 0.39984517370351386
1225.4949300323347 0.4004931313511542
1213.0733717165147 0.49899636671033637
1384.977683029862 0.20136516004519184
1344.5979612928434 0.26428376502879336
1248.6406882044246 0.33495798586276543
1230.7927882966687 0.3840096781388915
1230.006032339264 0.3842553044968389
1226.1162271603148 0.400290193630592
1224.7835304183939 0.4007257525874406
1224.5304191764021 0.4008085828637221
1224.231855144852 0.40090633152618077
1223.3710240363077 0.40118843126126474
1217.9842004851957 0.44555955016009174
1217.1185429936893 0.44734793552494956
1213.4211927244803 0.48786240588924523
1213.1851125385808 0.49895040648246347
1213.113882065673 0.49897970338025416
1213.1138820656727 0.49897970338025427
1213.0733717165149 0.4989963667103363
1212.9956506964995 0.4990283392129437
1212.9956506964993 0.49902833921294376
1210.7094329862355 0.5589071765335143
1202.337622927804 0.7460478851950136
1202.18767206323 0.7461409409865497
1294.2241057964318 0.26801981631155
1209.8201984176628 0.6637156021355932
1266.3813351491228 0.33043884464680356
1229.946328703235 0.384273956887034
1223.357526504874 0.4011928576479461
1215.8957414587865 0.4477978242148624
1211.672662090746 0.521933358663609
1219.0387275605744 0.41748372114939664
1244.6211095487567 0.336039752803877
1286.0809552999235 0.29412189441068154
1239.422162370695 0.3467377437273076
1240.8967944498033 0.34632569447210376
1224.8134935397775 0.4007159494668597
1203.9417858818626 0.7250578897491524
1211.3239021510633 0.5464052673480475
1231.1057238433293 0.37072755141071306
1210.84685764228 0.5570712020886148
1250.2874411673283 0.3345168128672559
1211.1344403089818 0.5464907433654321
1234.3511374771322 0.348221763359495
1231.9673302028475 0.3697896218239633
1219.9534297099453 0.4023123260535494
1228.2373682095003 0.38480863286098543
1205.860458688534 0.6810526427442097
1238.050851049095 0.3471218033910899
1285.3753672531393 0.3083940253032182
1252.9992784958827 0.333792825874022
1282.1526421266362 0.31799758565993447
1233.249520355834 0.3511848391270682
1275.1271804613455 0.32800035666711286
1237.6552257919234 0.34729213818174337
1238.4165070422082 0.3470193118892176
1226.3997002683918 0.40019766954949804
1236.494835828299 0.3475586243092985

1237.4876345545308 0.3689228442822103
1193.7478198527451 1.2763560059450292
1376.77681561085 0.1940485590530953
1368.4989513247515 0.1952223324309993
1303.6227265615494 0.2116245962698605
1291.996679571385 0.21352890263489246
1280.8979860007057 0.22942530621011556
1276.0857253073045 0.2923544289716547
1266.6550228457095 0.2939309761062221
1247.4328711624858 0.32652814240669925
1238.0152950225347 0.36876560389798085
1228.5961913895298 0.4056682986204032
1216.1034116773128 0.6348433912511247
1215.301284982031 0.7179816748206785
1208.3160620289013 0.7773130213589291
1199.6666777651972 1.180000155987043
1194.4577633327747 1.2755973850440363
1194.4175545053822 1.2756403267061747
1193.7349574323614 1.2763697586021039
1193.3330639605451 1.2767996173641694
1193.2543673682462 1.2768838238684008
1193.2036139028028 1.276938136710128
1192.1984004262472 1.2780147993052882
1191.7153011393946 1.2785328828085722
1191.2141983192464 1.2790707175943996
1191.163444853803 1.2791252166404756
1190.0061581448088 1.28036917206224
1189.5632359579488 1.2808459049475003
1189.524977183064 1.2808871008837601
1188.4059492489544 1.282093211007355
1188.3676904740698 1.282134487218358
1208.7410693516476 0.7770397091214946
1224.4732990923399 0.4472948630466416
1236.104970426033 0.36933550857462594
1217.20217400588 0.5987051120905775
1238.2672108384704 0.36869058140914984
1216.2928735193943 0.6347445017476521
1304.636902704139 0.21146008718976533
1311.5098866395292 0.19664321096082604
1199.7450959956957 1.1799230283334026
1209.9491095260853 0.7207229124921293
1201.3823916891538 1.0597854561383397
1220.913759364224 0.511810643736735
1207.4730080278466 0.9987275240000324
1298.726687755022 0.212422394794771
1287.6930666058647 0.21424253989653821
1206.6413611615699 0.999415871542503
1250.5887003098437 0.3143964639347979
1259.9750504011702 0.311484232929321
1225.9684786517603 0.40799866423128317
1194.659181690208 1.2272679161647888
1201.121165805436 1.1785712442642093
1199.4153391650775 1.180247426117466
1368.0465815623045 0.1952868862856241
1285.9828890120398 0.214527452545459
1195.8672218646457 1.1837491997549006
1302.1668667902807 0.21186119861643968
1222.08166654047 0.44817022594916744
1234.334543842848 0.3893641733914626
1207.4874395895433 0.9983945722211951

1215.2840859388468 0.48394480197094353
1213.205978511229 0.5212737105878397
1212.0465833711346 0.5217723401083599
1211.6321517415877 0.5219508092591272
1210.7722460143866 0.5588781812767027
1450.4368230948485 0.24115442956092137
1298.5798398872473 0.29451295715481046
1284.8381343500712 0.3080222860963756
1282.518984824123 0.3146942115969231
1273.6951352382237 0.34457109829935584
1238.600135455295 0.39675385844290695
1215.4215105948913 0.4821242136487125
1215.2915814440066 0.48394181716399215
1215.1895694729224 0.4839824428078416
1212.8083423275912 0.5214446174670841
1212.7209304566522 0.52148220274203
1212.637021689355 0.5215182868529527
1212.141099837059 0.5217316550118717
1211.8384090295783 0.5218619722016612
1211.6726620907457 0.5219333586636091
1211.5544307215723 0.521984292318794
1210.7094329862352 0.5589071765335144
1204.2957584002247 0.6345607483588074
1181.4356008677019 1.1975390411425466
1179.5736594488124 1.1994293406788066
1178.2473282084109 1.2007795161191492
1177.240532991555 1.2018064422565422
1176.5549892345266 1.2025066992876066
1176.134313990829 1.2029368073056734
1175.7372980961902 1.2033430077668814
1175.5508052377434 1.2035339096625806
1173.7530407541435 1.205377287649665
1173.7530407541433 1.2053772876496651
1173.5119611728985 1.2056249134612147
1173.4800384749292 1.2056577106104758
1173.3330661555917 1.2058087319318436
1186.4478656462902 0.9964737779108286
1192.6704565618718 0.8395190127796598
1351.7503245026758 0.27662467026448706
1193.6836313827218 0.7173109709459634
1297.1720163205218 0.2948325926978009
1181.5910268636646 1.090856086643251
1207.3854115757692 0.614745746574908
1192.670456561872 0.8395190127796597
1259.443022995801 0.39018786387086435
1183.3227631476257 1.0892596709191127
1269.8480977335616 0.36150773855654184
1203.3110190731297 0.6350800462912912
1218.7449055520447 0.44528144486845467
1197.3492321888489 0.6532217128947273
1304.9096734666798 0.29308433872728057
1281.0800809054103 0.3150476748511039
1221.2217030529077 0.4063604906063287
1195.4044046119998 0.6542844524965999
1319.8949505626956 0.2897568390452351
1325.8524666444762 0.2853915492011885
1182.966553574328 1.08958766389695
1211.1344403089815 0.5464907433654321
1291.1894886986315 0.29619865410481083
1214.7919332892848 0.5046181890444356

1243.4532066506808 0.36704622907162376
1243.18774552348 0.3671246054118467
1242.009718801932 0.3674728173370563
1241.358170601325 0.36766569176973674
1240.7220457159658 0.36785419595311525
1239.865216788987 0.3681084075494527
1239.5742464480497 0.3681948151439582
1238.943216433558 0.3683823475316046
1237.3068750397788 0.3688695340947474
1236.660037127144 0.3690624721636629
1233.8403855433655 0.3830611706564706
1232.715223016554 0.38341081027043145
1231.1609880113244 0.3838948334879542
1225.2837395600811 0.4005621605325704
1222.1407534582931 0.4455096239583359
1339.8929372307587 0.21980239311281213
1306.9594462803302 0.22534109605043234
1258.5773822913293 0.3093085832346178
1254.6189637479642 0.33758137561210033
1246.4496346505514 0.3661638608094313
1243.1946936975958 0.36712255356454276
1242.9607597356228 0.3671916486126465
1242.8514305271833 0.36722394915260037
1242.817081765322 0.36723409842409355
1242.1927627800198 0.36741866818376867
1242.1757218761043 0.3674237086511607
1241.9927056802 0.36747785107014175
1241.9660277637167 0.36748574463824357
1241.9065918450335 0.36750333199382973
1241.7246901421959 0.36755716798696003
1241.4843838754707 0.36762831369929777
1240.414722216161 0.36794533501885957
1239.816729788848 0.36812280360653044
1239.606169146019 0.3681853332841787
1239.5103355484387 0.36821379978748486
1239.229091903628 0.3682973660883395
1238.9112937355887 0.36839183954162735
1238.7331644414082 0.3684448141290874
1238.6768915800933 0.3684615525086185
1238.5922254285676 0.3684867393465428
1238.3012550876304 0.36857332466795634
1238.0968682141845 0.3686341693008751
1238.0746239536113 0.36864079248364573
1237.956100543209 0.3686760865978065
1237.8699386019764 0.36870174829805197
1237.4607433288254 0.3688236681354443
1237.4519317153927 0.3688262944448024
1234.9997806834601 0.36989265616570277
1234.5172297209313 0.3828511511308063
1234.0879084239243 0.38298433949740657
1231.1692293769208 0.3838922637212659
1231.0513152432459 0.38392903418171764
1230.533104491562 0.3840907170756361
1230.415190357887 0.38412752556476354
1226.2003935191808 0.3979676780756538
1224.6476146747223 0.400770226555314
1220.7959372218832 0.4460003927735889
1215.2160804264565 0.5463957182276709
1201.779410115015 0.7506820854597015
1189.5457647073758 1.2338760818042218

1222.7010687084728 0.40140825467834346
1416.223865926996 0.21693775358156803
1278.811162603079 0.28642643243525523
1254.493707740143 0.3149659487526188
1253.9936785912312 0.3150915412161055
1243.5156292695128 0.3405956352151893
1237.726273273078 0.34721283161387595
1236.869048176037 0.34745347111707403
1234.292333202664 0.348178816756429
1230.056610517954 0.3695877341040774
1224.351760218154 0.4008670693593503
1224.2728016481224 0.40089292298488766
1221.3256757101024 0.4018602996274941
1219.3414183680554 0.4102161167862456
1219.0387275605747 0.4174837211493966
1218.9269867385085 0.429870781625317
1218.8492657184931 0.43079091531812147
1191.5847012855158 1.231764779877159
1191.1076567767325 1.232258107764869
1188.978930613699 1.3924399623628205
1186.1492179056156 1.3957618083812318
1184.9466120227448 1.3971783712413763
1184.659029356043 1.3975175441779792
1184.5813083360276 1.3976092360595398
1184.5216046999985 1.3976796799862776
1297.992237769349 0.22225680756763214
1284.6139674482642 0.2496689852856314
1192.608197046461 0.772666177091055
1190.0945127359432 1.2333071462615899
1286.684826438388 0.24926715474243222
1191.7367929595982 1.2316075797566677
1253.878964628959 0.31512036808073196
1234.1978167367395 0.34820548074077845
1226.5711284323525 0.3720981196675236
1259.3899782106826 0.312319323355522
1195.1146344747992 0.6453033091443708
1271.9945038542678 0.28796140073946913
1254.8757220635612 0.3148700655494482
1188.880675317344 1.3925550408597624
1187.9469823892155 1.3936495499691381
1197.8073702682752 0.6039994004551834
1188.9601833127022 1.3924619180947795
1223.1046582679846 0.40127580143356595
1244.2669426717612 0.31755468807532117
1203.5671139207498 0.5251677507860774
1228.9205085709377 0.37138676370442036
1195.4533158216418 0.6364823760795946
1237.529373716045 0.3472680755977304
1210.5854866386635 0.47924910534035176
1229.8205303320547 0.3711149710640466
1222.4850708501967 0.40147917850831266
1206.96740412759 0.4841374648635204
1242.9862223281798 0.34074070013242785
1215.7840006367207 0.447838980618443
1222.6711119844626 0.4014180896013926
1216.3358569223121 0.4476357943397679
1236.4819903397217 0.3475622350051059
1222.9669862521112 0.40132097391093097
1225.5720940068306 0.385645483281409
1295.4707597948109 0.24421996654504824