1241.087875227859 0.3412618913655135
1239.4808647883578 0.34170434387737375
1239.473369283198 0.3417064102764882
1232.0423379532979 0.3821665481436093
1224.3645033123678 0.39287169172577385
1281.13077178591 0.2325538648548357
1280.1831761175658 0.23272600196701168
1262.0084532662136 0.29407330714223223
1253.0598946578211 0.32653678321387763
1250.2674720735124 0.3272660901089388
1241.3215323470342 0.3411976547689969
1241.3047369011251 0.34120227133621417
1241.2829154381595 0.3412082695922404
1241.2270158811098 0.34122363615362505
1241.2174371482597 0.34122626944732126
1241.1655962478742 0.3412405217574858
1241.1001179579744 0.3412585250156323
1241.0787208838935 0.34126440855373313
1241.0312090568011 0.3412774735721256
1241.0279883540557 0.3412783592518254
1241.022396937959 0.341279896878637
1240.9955528972412 0.34128727912221285
1240.9696925229484 0.3412943911547086
1240.8005126869405 0.34134092573342256
1240.7909339540904 0.341343560837733
1240.5690497030719 0.3414046124658988
1240.518317173234 0.3414185746294952
1240.3732047855813 0.34145851749859485
1240.253130822026 0.34149157549019904
1240.083872412093 0.34153818549969833
1239.9648225751812 0.3415709768051794
1239.8945970603254 0.3415903228026237
1239.8871015551658 0.3415923878229178
1239.8174101092914 0.3416115890917602
1239.7768997601331 0.34162275142649423
1239.699178740118 0.3416441689358034
1239.6943859707094 0.3416454897627266
1239.6629458006541 0.34165415453110826
1239.5510903032134 0.3416849849629531
1239.4822153466232 0.3417039715512361
1239.2407546529446 0.34177055109011395
1239.0092916690758 0.34183439825581785
1231.7275007225687 0.38226423229665796
1230.5927573159424 0.3846683466286978
1227.9813238755462 0.39171455164090685
1225.4021782980635 0.3925390065597837
1222.4082085512684 0.4015044226226896
1222.0884122739653 0.40160948835965743
1221.9357081336955 0.40165967711446343
1212.97474391391 1.554555867467865
1220.7976166714113 0.4032421622941622
1277.2437778397104 0.23326158837679717
1253.0885161495398 0.3265293248661902
1237.154590136823 0.3689149393025127
1238.7470897889164 0.3684406722650083
1259.9968045112782 0.3247390356157231
1247.6777195343243 0.33381168887148666
1241.8599850915416 0.33413910823561005
1249.9684967758124 0.3273443676631091
1222.5073802686957 0.40147185195376045

1338.3945113958785 0.20531769096497335
1318.1639612838578 0.20846880869990647
1316.5060492031814 0.2087313391733494
1278.4376318873842 0.2221571214643259
1241.41633741527 0.3018143325507917
1222.6767504664078 0.36046729270948025
1222.5624181768321 0.36050100309537125
1221.1942740676398 0.3609048842256848
1220.694244918728 0.36105272055967974
1356.3826669478178 0.18055309580578663
1310.9620506697959 0.20961405445687528
1310.9419213729338 0.20961727304608951
1275.7004071840033 0.22383079671709274
1269.1913308866121 0.22497871799427294
1264.1518536000372 0.23608851689337962
1252.7872852283615 0.28695528691499506
1242.978452014781 0.30143502704114666
1242.5270500681083 0.3015445364139963
1241.8919533178318 0.3016987446401053
1241.8439462849356 0.30171040766878293
1239.777851814702 0.30221320920212535
1235.0273656824302 0.32937267873960147
1231.2978515848495 0.3382103882318348
1230.568089039222 0.347367505106174
1229.701017084082 0.3476124366932997
1229.6073599313252 0.34763891375593325
1229.4682761678646 0.3476782404546271
1229.1073307824133 0.3477803412666319
1227.9124154431288 0.34811877588074164
1227.8213729941338 0.34814458874456244
1227.5881180138797 0.34821073997067936
1227.5068054271119 0.34823380616948346
1227.324814179263 0.3482854432782551
1227.321343845222 0.3482864280788828
1224.5221109401184 0.3599240668354118
1222.5974486877096 0.3604906738293288
1222.5891911609745 0.3604931086303221
1222.097419538798 0.36063817094530626
1221.4298016317316 0.3608352911568593
1221.3685920042458 0.3608533746362446
1221.012282819791 0.3609586769116055
1220.9390391565562 0.360980330683764
1220.851346319307 0.36100625963038335
1220.753948554757 0.3610350624884188
1212.5222330975812 0.3634861003525873
1205.6828773289812 0.4089079782670969
1196.6827296309518 1.1993631848215474
1195.9665011285358 1.2000814474960513
1193.6972897694468 1.2023627951005313
1196.7295653073002 0.5080498745498854
1206.7329101475286 0.37514399482556104
1201.336416117761 0.4462019923595318
1316.0060200542698 0.20881064865391982
1297.7768368098664 0.21174370114008673
1288.4225621007436 0.21328101413556957
1264.5323109291476 0.23601748540941153
1263.8734961716048 0.2361405133887915
1197.555629888663 0.4987321265587671
1310.1891916373877 0.2097377023363882
1258.5185203698024 0.24597741628192277

1380.048552203459 0.1813368233828067
1352.5578882441841 0.19272335671772348
1333.5090322090941 0.22491105724410282
1331.7549023841236 0.24061331125962648
1328.730440993071 0.24125731203611073
1324.6673976739899 0.2419006894949993
1322.7254928123423 0.2423525790925568
1319.3356288760326 0.2429752730074004
1311.7356618091947 0.2443830292548484
1309.621464514391 0.24477755084245703
1306.155184224077 0.2454271425680379
1303.3385488525628 0.24595753336442414
1299.78844716352 0.2466293151890244
1299.6896583013688 0.24664806137913603
1299.482587926343 0.2466873643348229
1293.7234162024733 0.2665990163648359
1276.7930302411405 0.3003480748446121
1268.2161022671653 0.323301237333533
1265.8243419124233 0.3252315541567327
1258.4911649393193 0.3511248628934586
1258.4792735954525 0.3511281806648137
1258.1913778639941 0.3512085248049713
1257.8434105640683 0.35130568243290883
1257.7492563229075 0.3513319809338053
1251.6279640163746 0.353050227740171
1251.3159896614923 0.3531382491655745
1245.6559922173333 0.35541146319013517
1244.1928006130493 0.374403662145903
1243.8001016373412 0.37452187079891125
1243.501261430569 0.3746118764923365
1243.0912058329166 0.3747354488385827
1242.466284559385 0.3749239289259991
1242.3922679194059 0.3749462653572401
1241.9961628906274 0.3750658455183286
1241.9296177178244 0.3750859423266714
1241.1803850476788 0.37531236118205213
1239.3975069746225 0.375852249454808
1236.699554535195 0.3766721992070031
1236.0634296498358 0.3768660489349305
1230.264055417382 0.39175659748644437
1224.8843624847739 0.43227721756523796
1204.1691779054968 0.4878689215478084
1192.9957373912987 0.5028188333661633
1186.7750381681483 0.575450960011022
1184.3210318243353 0.6651899025088067
1183.037418837238 0.6659116433296385
1182.3089447464363 0.7836054799227744
1180.0258279830346 0.816777953103845
1178.7925351302395 0.8339202533997884
1178.7005025969902 1.0373851358136068
1178.6856077781827 1.0373982450460684
1177.7338815298667 1.0382365661262811
1177.7338815298665 1.0382365661262813
1177.4398772191028 1.1821980176014686
1177.0680862512545 1.1825714289192049
1177.0515430819462 1.182588049669148
1176.9104576289035 1.1827298157395136
1176.7395687270637 1.182901574559185
1176.33505590532 1.1833083454459046
1175.7729476599402 1.183874056180384

1428.5486572247135 0.1398216147703194
1335.1175978307806 0.16880198295326815
1311.7748593824592 0.16884961695748807
1230.8847265028746 0.2484320973045881
1228.2481167853207 0.2929049042383636
1226.8246472338365 0.293244758196795
1223.9732061787508 0.2939279186928663
1223.7417925091859 0.293983501446245
1221.5427330784505 0.2945127397396175
1204.5970602323648 0.3828647700103452
1180.245991707463 0.9784976274054951
1179.265875075739 0.9793108806497315
1178.1612111147745 0.9802290991636567
1173.9701631963326 1.0332357636331486
1171.8726929002603 1.1953667635140488
1171.2435567173945 1.243056369608496
1171.2262853095451 1.2430747002537423
1180.3376564728453 0.5705878574089742
1180.2632631153124 0.9784833085394159
1226.7618342056849 0.2932597730030421
1209.6081463911169 0.34657540899194267
1175.4117675320654 1.0114921421120486
1175.1429827785491 1.032204570702251
1206.8195183641828 0.3473762494525536
1247.6170821893932 0.19931304811612158
1172.8446868302008 1.0812105538523646
1307.7711185534552 0.17601681654469387
1173.5316681808015 1.0336218364972274
1172.902531997936 1.0811572307465325
1219.7253376657638 0.2949515648469198
1198.2804913409773 0.38723171175042365
1180.9667926557108 0.5269566000763117
1191.024538449967 0.4584998669690773
1171.8554214924109 1.195384381444148
1172.9785298686368 1.0341092587504894
1172.349393685771 1.0816673427396133
1182.4426543592879 0.5100729760473566
1177.5967153102563 0.9806989843176745
1177.6545604779915 0.9806508134030878
1193.1863664295402 0.4341156111695769
1179.3438002483274 0.9792461726575613
1215.8239530188102 0.33132136079762087
1186.285887387572 0.47910004579910587
1205.2262448723318 0.38266489663926667
1229.067331090188 0.2487994485005596
1209.9498176009356 0.34650007478976685
1196.118663361404 0.4114273814360372
1309.4696381576155 0.16914686380420746
1194.8547793568905 0.4311539847385829
1199.854837047716 0.3843779782192613
1179.7688075710737 0.9788934028678534
1177.1014221658265 0.9811116365110497
1187.1533335747426 0.4685776561275987
1190.3773859041664 0.4655049390841184
1173.4738230130663 1.033672787807205
1224.9444387929982 0.29369486944440104
1198.9776716540803 0.3846591870095005
1174.64539588832 1.0326418187979007
1194.1575990437873 0.43376253613135807
1199.629867227292 0.38445006165690937

1327.595236944302 0.18272290383775505
1324.9760211507232 0.1871722430173229
1318.0980096438727 0.1881489327868371
1312.2952548440721 0.18898089656844497
1308.6571918754507 0.18950626287969202
1308.095229806959 0.18958767540154317
1307.4970866922872 0.1896744064266615
1307.0210758075355 0.18974348494703816
1302.9863155061996 0.19033103484790112
1301.721968690294 0.190515901081756
1266.9883385264038 0.22916170771736327
1257.2663966402124 0.27248359658031523
1255.976363793778 0.2725360097914632
1241.9270732376337 0.29472587749637397
1239.2867344632111 0.29522370205072235
1217.0296206275336 0.3478575882601467
1215.1316663515784 0.3484009185142616
1212.509411784497 0.36669777779998414
1210.4115333751615 0.3686463715204719
1204.1504743041269 0.4128692798283184
1174.8805861347817 1.207352920704713
1174.5748548749593 1.2076671837999642
1174.3611902772182 1.2078869081276822
1173.2069051267308 1.2090753139539925
1172.711611982301 1.209585965258185
1189.4800845797818 0.5886655247525602
1300.6378614573757 0.19067469983156116
1226.9548509671306 0.326428537990817
1221.2429249265613 0.33069686578187873
1194.633262090088 0.5122341695405074
1234.0934854788575 0.2965966928384178
1191.3430361158746 0.5674163760646003
1187.617253084368 1.0835858100495068
1260.8784504101468 0.2344617520513467
1250.0754837140626 0.28469801741748335
1208.3575628893639 0.37783930329252685
1300.4405579916931 0.19070362908854532
1200.980600557451 0.4542686780155138
1230.7721529287999 0.3051053171476807
1202.4102331100887 0.4382719242085586
1264.1288999811497 0.23385888148855577
1243.1295890807971 0.2943110845918415
1175.8495919839218 1.1707720404559725
1182.436114529732 1.0883338113569065
1214.634558449716 0.3532681930993991
1302.0354405283242 0.19047003338274635
1180.7882904835467 1.0898526125163388
1176.3862176405692 1.093930873989028
1206.762768868483 0.378338635785449
1219.3238238173715 0.34720308125142013
1219.9343766728502 0.3470293130252412
1260.2503129003994 0.25767754483315647
1232.3670354654312 0.2970122016516178
1204.265931639645 0.4045368551241147
1200.0256373976556 0.4933376777911566
1229.000013666189 0.31237217689458296
1206.6311128759378 0.3783799164619383
1316.1016453249338 0.18843433157605396
1290.8566078620634 0.19874897897662444
1237.9263337566563 0.295548133740969

1331.7724824595393 0.22014904757145087
1228.0101594468936 0.3982143984678348
1227.1172255605948 0.39996366423704616
1226.904399092601 0.40003304442188237
1225.999305503678 0.4003283686869437
1225.123414661504 0.4006145798129405
1217.7052121091763 0.4471324110983153
1217.3737610765793 0.4472541506199845
1354.7411083437646 0.20377411731359235
1340.4508624727325 0.21738765420368647
1292.69319201681 0.23812445727939638
1277.6599970151447 0.2734301615574055
1268.2821543649695 0.2755911301118456
1260.6220045315947 0.290425034897469
1259.722026581532 0.30701403631093305
1250.275388893159 0.33875416521316365
1244.5138522206846 0.35005972130298796
1235.324389082807 0.36130597789151175
1227.815609446997 0.39973616413352864
1227.754721139108 0.399755988336374
1227.401877175029 0.39987090708483924
1227.3972921681057 0.3998724008235734
1227.3073607091046 0.3999017016406071
1226.9143151913638 0.40002981129701964
1226.9124561329627 0.4000304174354427
1226.500582919396 0.4001647523194599
1226.3793281407377 0.4002043174746741
1226.302223278736 0.40022948068329073
1225.9709020985733 0.40033764353091533
1225.8809955016084 0.40036700445199896
1224.6291668803512 0.4007762637516584
1222.9410738494475 0.40132947733836155
1219.4987478621315 0.41016319414550567
1219.133244026499 0.4174513546413899
1215.9902579247112 0.44776301779473054
1215.878517102645 0.44780416780025784
1212.3048730631162 0.5349502803591853
1176.6331713281215 1.0308972988442422
1290.4379599820497 0.24148823129623273
1191.0811574976897 0.8447799616236273
1201.0567591471467 0.7239066985260995
1215.3757887598833 0.4844076059512532
1260.0456660959849 0.3069351805390231
1278.4597652079638 0.26834854734199204
1208.5443650736695 0.5464728579529472
1200.9707798190695 0.7871613305377079
1182.5538281089116 0.9765880209338229
1271.6143808028066 0.2747301262657395
1216.292948732192 0.4476515859644651
1231.758243952852 0.38370869024811965
1277.0514483908928 0.27356045822544844
1190.3565262854968 0.9701865593532377
1200.4341129775087 0.787513239385092
1180.0996414924896 1.027869101390973
1180.7560636253115 0.9780749286137661
1185.4492610094455 0.9719051320082421
1232.3022980663807 0.38353928515031704
1231.2511144193497 0.383866732752047
1274.0632317405252 0.2743598174637439
1222.224187638265 0.4015648740612826