1258.3958211494523 0.2946202364469429
1238.935846520209 0.3157023712432667
1234.0600357086435 0.33754291386468604
1320.0948745041796 0.2216988117994588
1307.621454078641 0.24770360065497116
1280.0202476724248 0.2607109184140748
1266.9864943011385 0.2926225938780817
1266.8396362246956 0.292656516081044
1258.9058771001276 0.2945008686629627
1242.1185708020867 0.3148934359077669
1240.6923642196527 0.3152554137066223
1238.034701686806 0.32445928645401284
1230.2264492612364 0.3931334657106142
1222.5861092281903 0.4800858579259889
1220.3695965355673 0.6616810483429808
1220.3098928995382 0.6625805630904001
1219.3780079982037 0.751012132974923
1219.3183043621746 0.7519167533121243
1309.4903625270333 0.2473063703141367
1231.4561909488089 0.392740879587683
1237.9882238084413 0.3244714676516689
1269.9674802461948 0.2806935337065339
1275.9616953320754 0.2687318226067498
1232.3239516809792 0.3764384418268208
1223.088837570952 0.42694373905289107
1244.405265171967 0.31431479399170026
1221.3644775278913 0.5877553985274081
1222.7235338842347 0.4782765757510628
1234.041434159797 0.35485643129968514
1220.7349002222845 0.6101943431746926
1251.622559758675 0.2997568009871524
1247.3997170889938 0.3045148754295047
1249.3220315822464 0.3003087795397708
1253.477471849864 0.29931321701611646
1262.8194625605222 0.29358818529701586
1267.2505334526045 0.2925616242281603
1247.2759758912343 0.3135913720179133
1230.1636362330848 0.39315353938432857
1228.525168562346 0.39367788302856305
1233.8648813366585 0.3646440781178828
1238.188461492637 0.32441899469033003
1238.3563174544327 0.3158501144232313
1224.2475438491172 0.4053561331488667
1225.5743955253645 0.40491727976982306
1246.777643252105 0.31371671338641766
1240.4554449629125 0.31531562552527487
1258.4277438474217 0.29461276277762044
1244.9487705027104 0.31417757407541647
1226.3047316014904 0.3987681971331149
1261.4711680951143 0.2939019802812824
1237.6901288535078 0.3245496158935204
1225.2333923803112 0.4050299750870962
1237.489891169312 0.32460213112128666
1228.4022470596558 0.39808729439159557
1243.256168342332 0.3146053038178166
1241.401256251143 0.31507538968172666
1248.0569671747855 0.3043545122143112
1259.145180654399 0.29444489806823715
1242.674607885535 0.31475253624941063
1241.9210816808907 0.314943509965487

1344.462369270725 0.2114852697293047
1195.4087383455326 0.5432837949911539
1167.9753229443345 1.211340024777395
1163.5793417474954 1.2159164449499145
1161.4652697566971 1.2181296276996303
1369.5910603841246 0.20760502534703545
1367.7667053164541 0.20788193315491932
1364.1983288574304 0.2084256964632556
1362.9804280310423 0.20861193672228107
1355.3859607876352 0.20978082629754302
1347.2381343236095 0.21063222678589488
1347.1114764854526 0.21106938198457986
1343.8605900769862 0.21157997258467906
1342.8084758981286 0.21174574923348205
1338.3449017211478 0.21245195198969874
1335.7530396940542 0.21286418848146083
1335.159152807558 0.21295887176313397
1263.896450852883 0.24102920518537738
1206.5009911011796 0.4492177581581214
1198.5740121622655 0.5418490550803172
1168.6234364521324 1.2106682208343063
1168.4311183203715 1.210867490989613
1168.1680944892241 1.2111401289840886
1168.0476963171632 1.2112649689697323
1167.7539870737687 1.2115696219373302
1167.685449420835 1.2116407353851295
1167.1091837089855 1.2122389887624732
1166.7613147294644 1.2126004168751754
1165.8385071608652 1.2135602383560287
1165.0049420278945 1.2144285449742755
1164.6355939210944 1.2148136842283663
1164.5546017260085 1.2148981718314036
1164.1161892445411 1.2153557090834097
1163.9356301635198 1.2155442448617289
1163.3569813686788 1.2161488513785845
1163.3393076517762 1.216167327390157
1163.1313452097202 1.2163847724176633
1161.676089990781 1.217908562313617
1160.780465292808 1.2188482654020951
1159.7257564945014 1.2199567429728668
1159.2061792657298 1.2205035497058474
1158.750383889693 1.2209836357382895
1157.9450646380046 1.2218327965990976
1218.1413335277387 0.3432551503971795
1169.6474442982396 1.0107867911292947
1177.3096042246996 0.8559755296996631
1305.6054108504927 0.23079011193514234
1176.5228325007415 0.9289102685914805
1321.3686380416225 0.2280369082770839
1204.2578393269962 0.4816920522034155
1172.0442593227892 0.996902368286022
1305.188251956236 0.2308638761203133
1197.6801076801983 0.5422534713312295
1173.5182428710937 0.9539163761531626
1334.667711916691 0.21303728581085754
1176.5067722286972 0.9517991996620021
1168.8421250465512 1.0611525658904872
1332.167778517936 0.2138567256795972
1360.4605653811352 0.2089983304488232
1365.003111978494 0.20830281214084084

1289.1483091716927 0.2697601030047223
1285.5759173317347 0.2703533876813601
1253.4857055152709 0.33788657803398126
1245.4859804730402 0.3664471681606618
1219.462600799564 0.480468140615187
1209.4174745756889 0.6521636994160409
1193.3023761259396 1.2299917411117591
1304.7386866875697 0.22601848690498416
1297.7827352367917 0.2679653313519134
1296.6250114315712 0.2682045908450936
1290.1759276015837 0.269545240482824
1287.50609126654 0.27010418283025106
1279.1428511373945 0.27171304914315214
1278.0912107618788 0.2720938675912002
1275.2457563392936 0.27254339223986745
1252.0590866884072 0.3382715721278644
1236.2610414183987 0.3691815848249204
1233.7521959294716 0.38188502967242444
1229.5037570032603 0.3938501692630375
1222.326409727163 0.4513082881429221
1216.745156725757 0.4888513377620272
1216.3973357177915 0.49763279420733153
1215.0678565649305 0.5204749501923019
1196.9356331485485 1.2262581434082718
1196.6062063590448 1.2265957334033255
1195.458753276437 1.2277730731078949
1194.2275311498024 1.2290388799450904
1193.9248403423217 1.2293504730692346
1193.8459039641916 1.2294317569882682
1193.540955857199 1.2297458751466193
1193.5194585888069 1.229768024912961
1193.4116896857477 1.2298790769096923
1193.2454159712274 1.2300504553703102
1192.4362918962347 1.2308851024232887
1192.434651792749 1.2308867954124552
1192.3229109706829 1.23100215032271
1192.2451899506675 1.2310823978620336
1192.101400607291 1.2312308890302688
1191.8668654210624 1.23147317025666
1189.9482826886879 1.2334587045813101
1188.173668574567 1.3933836619861308
1188.0554372053937 1.393522326944837
1199.1163668506515 1.1147835041449898
1204.65120082285 0.9198314763047116
1298.2485582270906 0.26786918303643426
1189.2410515944487 1.3921330542485404
1211.7607223394841 0.6263062711121181
1270.9612717563068 0.27362028127730303
1224.2150704023607 0.40682984343189155
1205.8777703641995 0.7354758382038931
1256.8106928354603 0.33556765790438825
1253.4713500653916 0.33789044769868126
1230.2481861723675 0.3848342495988365
1267.65895747358 0.2743330756433102
1209.4951955957042 0.6521217919920841
1283.5402492746339 0.2709387421758291
1223.7749549388352 0.41586798467586766
1209.6069364177702 0.6520615504186188
1218.1286598776253 0.4882961194268336
1261.1640135966832 0.29715870392179033

1220.85271757959 0.45185306268516945
1368.4570188376913 0.204472855908824
1352.8968153315477 0.20547741855115975
1298.829136478918 0.2615969476219773
1298.2148649001874 0.2683450552804948
1291.9268645572736 0.2979002072515228
1263.0066322831967 0.33277582222824365
1256.2372469506386 0.3396263127882965
1234.6301208480388 0.39176054756627093
1224.7918697022708 0.4467212832226622
1195.741800387619 0.8193509169434636
1195.423762486556 0.819568902108253
1328.4613137392812 0.21276813527971622
1207.3518497183 0.5836617629307771
1294.4117411139239 0.2787344071423179
1313.0645884423022 0.2247240212286007
1236.0609594606576 0.38521738570694697
1292.5316417626602 0.2977608193642135
1340.4032636039246 0.20739262036186343
1216.2054732280321 0.4631080659359568
1212.0720079435835 0.5253156346389496
1238.860413071131 0.362404069398969
1200.6408718158784 0.6566316739285006
1300.373233532085 0.25323178156445253
1275.7043477099437 0.3117725001641459
1208.8070504825284 0.5658641344802929
1230.661673682941 0.3961737131408944
1196.3709365704847 0.7728606713298897
1228.6506269311228 0.40294856392751943
1215.3877820896957 0.5116074228167472
1261.079794418886 0.33832214746234185
1328.517303288436 0.2127591682967952
1268.0124464642588 0.3286812216080313
1245.4085832767987 0.3582166844033874
1196.0528986694214 0.7730661797869133
1302.952028776108 0.23990570214269727
1215.53773295427 0.5115443100286419
1292.4048327152257 0.2977900352607431
1228.800577795697 0.40289939200602803
1256.0224325027307 0.3454442433017935
1234.1998635734137 0.3918971201186398
1207.9809859011655 0.5662510944778537
1312.326031345196 0.23237860974695596
1209.9652432432126 0.5423634738691464
1220.8037614687278 0.4597803456284692
1303.701918262837 0.23976770835644678
1222.1761562663064 0.45136377166046504
1210.7829343815488 0.5407801740151891
1299.579025965647 0.26144599966355186
1218.1503008048815 0.46236869466371033
1310.688067267207 0.232669012799188
1296.1605176563319 0.27376180490214924
1204.415186836595 0.5904829313784176
1303.8126790647052 0.23756763882573148
1207.9809859011657 0.5662510944778536
1196.685821668073 0.7048490970248856
1272.7568087843733 0.31472741129840975
1197.0038595691358 0.7046618221672553
1353.4647062784675 0.20539120369439226
1225.0279498881703 0.43147249127252485

1275.899337239902 0.22248323499822426
1268.4050447850154 0.255290369906818
1327.7913834492335 0.1873534579654514
1291.3432478115535 0.20006115283037335
1278.3092308280595 0.22206380524792244
1274.297014533219 0.23247732132174284
1274.2027885029033 0.23249451278869315
1273.0342595455008 0.23819252363586857
1268.499270815331 0.2552714065548575
1260.1001783550275 0.29756020047166537
1260.057088351477 0.29757037609800274
1258.2598062252678 0.32371279614413345
1231.9325405861969 0.3507043839578193
1222.3494139247844 0.42659447974616294
1195.793748325985 1.0370359745357507
1173.8143519643975 1.0694534590390812
1201.836273514506 0.7666438074163535
1310.7703325224545 0.18978634240768716
1205.261107803924 0.6738832740038361
1311.8952856945782 0.18962360019019056
1290.5565924085622 0.20018309958398992
1200.4419593344307 1.033020485077465
1200.2705154446028 1.0331680393562335
1200.5800941962848 0.7674459547282857
1209.0613267052618 0.497654268408734
1190.39407663231 1.0417400081889296
1278.5342006484836 0.22202473108442805
1248.2221697661785 0.32776852700515885
1275.8020171147173 0.22250020635897705
1203.6513757256514 0.7186889004104375
1259.416574939184 0.2977217142817177
1195.9529946941936 1.03689788866333
1228.0797196795447 0.3559185393549464
1260.9117013852288 0.2739846975374144
1243.2342241503845 0.3290835580391443
1262.577772004504 0.25958616965553016
1260.196175271416 0.27593137664818745
1201.062897637027 0.76713745669021
1235.850477160064 0.3310497099128073
1203.2313853130606 0.7189397602629083
1187.2371452897178 1.044510054338287
1297.3113087816523 0.19914080537810205
1260.1321010529969 0.2975526624330745
1258.801705080311 0.3235734417145316
1205.5843140383877 0.6737026120020808
1278.3774732070956 0.22205195103217978
1211.6135228277242 0.44131323888135615
1202.3951964074301 0.7194397368539198
1193.264117121954 1.0392344136937264
1176.0905784488814 1.067383619919548
1198.9475488461937 1.0343080782244287
1204.4249188982933 0.67435112692565
1240.8200213056928 0.32972383982725034
1175.2094637629523 1.0681838920514795
1281.8452794513246 0.21453444550203707
1270.5763737626744 0.25485409595324654
1203.7356982137385 0.7186385557738757
1270.4471309395203 0.25488002230787493
1214.1522755546403 0.4279767551997978
1267.5532007009626 0.25546193476989476

1334.232465367408 0.173758323844663
1332.679469208274 0.17396080764949617
1332.086832247321 0.1740382017066061
1322.2602933446651 0.18265660470426684
1318.5648883150388 0.18316851742217727
1313.8967753251136 0.18381929254514098
1265.0806908025115 0.2375339362537385
1263.8537270984773 0.23776453692532795
1255.3587499985485 0.24225066129472653
1249.6484396389671 0.28731696212053337
1226.6621905800387 0.3377487919467069
1225.0589756133093 0.3381907983553965
1203.633307671218 0.3985982936410358
1200.2074292377881 0.4751690386790406
1195.2992629211053 0.49776563152941355
1191.8519167047634 0.5081755973110054
1190.3844548324512 0.5088020573680617
1177.9563990044012 1.0126830635998612
1177.4611058599714 1.0131090436822476
1167.554362752932 1.022186847625227
1158.7087099156233 1.0904806317427274
1154.965749478228 1.2450262779560288
1274.0871470859047 0.22498935051430355
1184.6508280857702 0.5874732941976855
1198.569057530895 0.4758185661335263
1216.2139409762754 0.35758807594007447
1301.7946505680795 0.19385857188000022
1237.7337263510321 0.30531156268403503
1195.7809488622186 0.492328445105481
1204.235834161064 0.3924988685522395
1229.987983014487 0.3164616634465619
1252.2008624412306 0.2867313097802501
1178.4689676456326 0.6462440171872954
1202.991152774159 0.4194421956443465
1242.9198882582823 0.2982750364275172
1189.6715937576803 0.5140155026760395
1257.128424664866 0.24062450607107536
1266.900625156962 0.2371927128283554
1203.6892972203732 0.3985797528607808
1271.0467298778858 0.23641899947595899
1298.343831426546 0.2124769265380052
1275.4196546726973 0.22475429061428595
1166.5125326678115 1.0230997782458993
1308.7829168924186 0.18453753682166776
1261.2625589415654 0.23825300611245806
1271.4959789289928 0.22544785392316846
1305.23536919764 0.19058030951821003
1233.6554138486727 0.3092064469371953
1223.714159376899 0.3385624574337424
1228.444975418204 0.3200020876883002
1308.0275924500856 0.18740542502073332
1232.7380551019219 0.3094365471093086
1210.921543817255 0.36705296427813117
1187.0607227681894 0.5388379544494895
1302.6442010407281 0.19095940430784136
1231.148366248234 0.31375855508489986
1202.68970253101 0.43049311422037906
1220.312052642827 0.3469219104701953
1171.733653541758 1.018540954154619
1239.8750876484232 0.29900751990256036