1328.422271488104 0.2106648066670906
1324.6419801217396 0.21126600635862328
1323.64190547498 0.21142562791170913
1323.1096319024223 0.21151068229540143
1320.222748780248 0.21197318502037135
1320.003816335363 0.2120083423487611
1318.855628189568 0.21219291559566653
1316.0828297291944 0.2126399757474861
1315.527692075047 0.21272970738751582
1314.60080478314 0.21287969699779996
1314.2034440913183 0.2129440630014458
1313.3275267239424 0.2130860850022546
1312.230004119315 0.21326430588905598
1311.9886360724904 0.21330354036682092
1311.2749527938718 0.2134196343787637
1311.053936906783 0.2134556124026165
1310.0770575024862 0.21361477891140587
1309.9478699944862 0.21363584567413108
1308.9276028291918 0.21380236797696897
1308.1774038305996 0.21392497697624024
1308.072216154855 0.21394217959765058
1307.8160259059987 0.21398408908579436
1307.5196251414143 0.2140325969983292
1305.667551561459 0.2143361996402695
1303.9886832069885 0.21461215469066805
1302.890617201622 0.21479302813337534
1343.4044718744808 0.20831538591263998
1342.462507491544 0.20846155437012195
1340.5575090165787 0.2087577885417207
1334.3043155780251 0.20973612820405668
1333.3972841614864 0.20987879930420364
1332.8879186945321 0.20995900485720773
1332.7173019159443 0.2099858841728681
1332.7133892706486 0.20998650065972005
1332.4921150789282 0.21002137110486555
1330.3165454698435 0.21036483530802078
1328.0939080110827 0.21071689231253027
1327.8690709901578 0.21075257125058305
1327.7721453767108 0.2107679559100106
1327.665254416902 0.21078492493818182
1326.8315479328076 0.21091737035594726
1326.4583938000897 0.2109767048128576
1326.2171034183355 0.21101508966667554
1326.017606894708 0.21104683643730857
1325.107330287626 0.21119181412614668
1324.6179296120029 0.21126984222331255
1324.4815597781528 0.21129159475966824
1323.2665694011953 0.2114855974347915
1322.8179297109493 0.2115573237327147
1322.806950844331 0.21155907958955983
1322.8042395558732 0.2115595132120668
1322.0750206386288 0.2116762034125085
1321.9540222015655 0.21169557813307083
1321.8552804308126 0.21171139166164304
1321.738021752497 0.2117301737482306
1320.7492135185157 0.21188869024556528
1320.459864022577 0.21193512095306966
1320.301644527274 0.21196051838252314
1320.246274360963 0.21196940785214866
1320.1112813636075 0.2119910835897305

1292.5914378492707 0.2278459113177406
1254.0055732540495 0.3363182984343447
1217.1962640137049 0.44731937124252547
1475.6200083852445 0.21327749423895137
1306.397616214534 0.21522930540319216
1297.3589428196904 0.2167288036009002
1296.2465839201343 0.21691478689795662
1291.4279075564323 0.22805119232364607
1271.2154022877535 0.3028837450646103
1241.6667833775825 0.34110278322736703
1241.1580197992796 0.34124260480511576
1226.4379661251303 0.4060924720002838
1225.7124684317946 0.4063328376319512
1222.199845563964 0.4164039343110679
1220.4509909375586 0.4170006235287266
1220.167082942287 0.4462302541258727
1215.439525441526 0.49802494683534926
1214.3859330689554 0.4984570296444852
1212.555976355715 0.544653866126875
1209.5387340082123 0.7155664755878648
1302.371864159391 0.2158945991202928
1230.7004120633126 0.39358054035362067
1230.4559447328138 0.3936587370452198
1210.1678701910778 0.6696602129054354
1239.6436811424705 0.3416594640007601
1240.6413121856458 0.3413847269884311
1212.078931846932 0.5796147547528002
1273.2412219066491 0.3024018349422867
1277.3797025985227 0.2608037864343327
1297.4857518671251 0.21670762173196886
1234.8487780414143 0.36960380788654273
1212.444235533649 0.5447040623082406
1213.0733717165149 0.4989963667103363
1264.9124554345447 0.32178490582587577
1239.6388883730622 0.3416607849459502
1298.2175955117373 0.21658545723793346
1261.5401398179108 0.32319955236647174
1220.8163424120958 0.41687582851460664
1279.3470085207507 0.24673867532137653
1217.3080048357708 0.44727831028336795
1229.850756715357 0.39907468390264783
1216.693450114906 0.4682959061673594
1213.0733717165147 0.49899636671033637
1289.3272683562648 0.24151143981010434
1285.4096456008522 0.2441816211710315
1216.2163578183029 0.48085591869919725
1290.365427168198 0.22823896852584102
1259.7407244986448 0.3347871608991876
1249.5496272193805 0.33751762349967246
1223.4995308861562 0.41596160142260713
1254.0103660234581 0.33631701304141975
1223.802221693637 0.40872086421558523
1216.3280986403688 0.46843656936508477
1242.9830239125395 0.3393007084653976
1230.2340604817953 0.3937297370905217
1280.0788521653628 0.24659761047126316
1258.4671880693056 0.33512595689603375
1292.1549584316358 0.22792287581029896
1249.2422490146641 0.33760067029164037
1243.5013717051079 0.3391592725351672

1331.6655830251416 0.2211603858149088
1329.10556813901 0.2215863669359581
1327.8261842315615 0.22179986930195636
1326.271387720655 0.22205988672079163
1325.773049917977 0.22214335563428192
1325.4880693158539 0.22219111656756516
1323.5579243557122 0.22251513794656136
1319.5616517715864 0.22318902168979912
1318.744347728061 0.22332734515652095
1316.041799187047 0.2237859574826599
1316.0141723267845 0.22379065538296075
1314.9288933324183 0.2239753614143318
1314.6621191637607 0.22402081099409082
1314.3663683273421 0.2240712188132676
1312.2878716071782 0.22442611906302462
1408.248115114613 0.19722281412962975
1404.8701595132616 0.19769702870753375
1340.9350932418556 0.19936767648077067
1339.8883185383318 0.21980315078763804
1339.584887739995 0.21985293863320932
1339.2263766126616 0.21991179330203411
1339.1546362383108 0.21992357428232476
1338.4008370567303 0.2200474371832692
1336.9963273149253 0.22027859620956491
1336.6779924455307 0.22033105638213538
1336.5272675735393 0.2203559038888602
1334.0400428823568 0.22076674211513714
1333.934226855098 0.22078425471743132
1333.4481227938163 0.22086474088037278
1333.4328936510724 0.22086726337751678
1331.9529961541296 0.22111266311097044
1329.276162444347 0.22155792937466906
1328.5995514155122 0.22167076137011946
1328.2027857378869 0.22173697968466385
1328.1438581534048 0.2217468177940847
1328.051532420765 0.22176223356441713
1327.6203769629324 0.2218342526438178
1327.5955243926842 0.22183840537802485
1326.7037744715526 0.22198751506196962
1326.149501946979 0.22208029613998279
1325.904875903678 0.22212126938408736
1325.7678040084957 0.22214423462978325
1325.566321252085 0.22217799999632612
1324.857808641566 0.2222968172110872
1324.839705578381 0.2222998547508823
1324.6537658772354 0.22233105865459046
1324.5172324401374 0.22235397690953518
1323.854848868149 0.22246523051229766
1323.3910818529246 0.22254319086533364
1323.066891765015 0.22259772045643694
1322.791828648255 0.22264400772662293
1322.3151934423993 0.22272426088636998
1322.1680304465913 0.222749051055786
1322.1331307031012 0.22275493086059833
1322.0538006159584 0.22276829731215156
1321.8739993436257 0.22279859825105497
1321.3324562729797 0.2228899114073009
1321.1030262668844 0.22292861969326802
1320.5501630310043 0.2230219512769551
1320.1219920403391 0.2230942866598925

1258.5953020199267 0.3145042127048895
1254.7759643695063 0.3246628750603336
1245.1841858848634 0.3387009130093336
1230.1846933245117 0.3975104954647146
1305.8340586860331 0.1953870301030512
1302.3233271803404 0.19591374369872308
1270.2902206501856 0.2873549508208069
1264.6418100031437 0.3130005045261517
1262.7915333846863 0.3134591214077029
1261.193954636427 0.31385618613273436
1258.3868450819882 0.3145563116166077
1257.2670865557916 0.32401959496513794
1252.7090630059604 0.32519855102770046
1247.2219133934996 0.3381475390185243
1245.4836006386636 0.33861948917490603
1244.989191208032 0.3387539615623179
1244.2453893018865 0.3389564665058691
1244.127157932713 0.3389886780743327
1243.1068561274305 0.3392669089910915
1242.4622484661163 0.3394429256459525
1242.4193936529346 0.33945463406199844
1242.3699733102362 0.3394681372572674
1230.269293691673 0.39748316036496106
1228.7056901616775 0.3979889821232852
1228.3478341922996 0.39810492870538106
1220.5521029539311 0.45196435137080865
1202.0466273735071 0.9686979197728436
1182.559024902933 1.2126296888621033
1180.070175656639 1.2151872083634148
1179.9924546366237 1.2152672475102524
1214.532628111516 0.5437674420030066
1285.7595442298768 0.2423530681025902
1234.024218084704 0.38706841503962236
1235.9731165038284 0.3718617942414111
1247.648416587669 0.3380319447504801
1213.4629857976809 0.8278711927977512
1218.3047503961698 0.454901700344165
1229.0065272880647 0.3978915620859971
1190.5450146090052 1.1691880842385725
1222.4276426933598 0.40359457502394913
1276.2077881086082 0.2860225327601759
1256.1959757003083 0.3242958742338746
1194.518161826207 1.0273763581976376
1200.2409722985176 0.9874555265594969
1207.7401753253703 0.8665988003462013
1200.1632512785022 0.9875194729023483
1250.198229439718 0.3258516630049743
1241.9434701160667 0.3395847160294441
1245.6743251476134 0.3385676433316628
1248.642781312624 0.3312442023603986
1262.9897047734878 0.31340993761056896
1248.352727885012 0.3378412296487044
1214.1126376989255 0.5682213144564084
1261.3233952034989 0.31382397732501177
1214.8045869099428 0.5213149026593618
1292.7846707841854 0.22712799230712696
1185.7929861289495 1.1738735690911868
1196.2232701719886 1.0259119258911422
1269.317848016028 0.30869688232187836
1227.2022472248564 0.39967828999028127

1331.12378783998 0.23522240091017246
1335.2569162260263 0.23449429804815275
1294.1540177575384 0.2924199598971203
1219.241268785649 0.5247187436045655
1217.6032910484337 0.5254246201627537
1211.2964955275816 0.5941481019864396
1206.8936096708544 0.7646201190362789
1195.213417039388 1.2033906630716762
1194.9975373768505 1.2036080589759517
1191.6509423815162 1.2194084249039123
1190.781969448909 1.2202982879873492
1190.4693144977434 1.2206187769718124
1189.3090134862098 1.221809624081821
1186.4649834357158 1.2370799709854803
1186.4048642720643 1.2371426580288878
1186.0858937302257 1.23747535911407
1185.0363476494947 1.2385713486301175
1201.6634252836063 0.8882867149919038
1201.5962476507032 1.038141973362552
1211.7164859401723 0.5403635368065826
1196.1033383110723 1.0853445299162074
1195.0576565405017 1.2035475096715111
1217.6918533732028 0.5253864062043342
1203.092061069827 0.858444627743411
1204.1108216340865 0.8092892468709603
1244.824254932069 0.3779072839495285
1252.8981488135921 0.3453902038049884
1196.2980491359156 1.049353729101851
1204.1709407977378 0.8026780816452791
1216.4010577706485 0.5259439250082172
1206.9537288345057 0.7580264217065096
1197.3717159211224 1.0418047153899148
1189.4197684170124 1.2216958531121747
1203.031941906176 0.865064508689669
1224.9413492638607 0.47126537858204604
1186.9686718029247 1.2242186615401849
1196.0977192247328 1.202500969047456
1193.629020754281 1.2049880167409917
1213.9110671441047 0.5298596571193804
1212.542550521535 0.530457674688401
1192.0238763225182 1.2190269234938957
1219.5440438724365 0.48178690456732587
1190.6613027703422 1.2204219582040006
1237.8464094075812 0.39637105671602824
1209.3134246168681 0.6782811615709831
1242.0421623812745 0.39503207234796633
1228.150256630479 0.3995003760330997
1208.9679502729914 0.7272048912543262
1246.100903015562 0.356559727743358
1205.7585136925472 0.7846761788757816
1221.591937616458 0.4725575136227539
1192.1159772146357 1.206517397580547
1236.4650904500656 0.39681386327731416
1201.801265467273 0.8863238405805647
1208.2176726906748 0.7276564700881667
1259.411701262725 0.31306045593686704
1188.259467405479 1.2228888037875416
1211.7942069601877 0.5403288794324027
1226.3650107577098 0.4269893664424781
1210.940567085567 0.6445933627780389

1247.964395305044 0.32524511527515554
1320.0118935860219 0.2318394942028236
1253.6172975412126 0.3237784963611952
1251.030826892373 0.32444789919249384
1250.6170946204052 0.324555233857153
1249.1741984379428 0.32493012112949365
1248.0704884628237 0.32521746757284153
1245.3319358801382 0.33866072849558676
1245.247476285164 0.3386836983457628
1245.237419414214 0.3386864336460309
1245.0556282642149 0.33873588540936095
1244.9182036081704 0.3387732779564434
1244.8749234785423 0.33878505596811986
1244.2760408896575 0.3582474521222743
1227.1767641585798 0.5295908863357719
1223.9927134873844 0.5309685450411835
1222.7260411298114 0.5315185972655747
1221.795109663791 0.5319235811970505
1221.6576850077465 0.5319834174474871
1292.9744894464377 0.24805774448302798
1232.4572176741265 0.476240710606481
1269.7920987502555 0.2747207256847491
1239.7040933240744 0.3936030818957207
1242.2506994816556 0.39279619804174754
1245.336901708704 0.3361168934698465
1232.9599460168881 0.4235256167025915
1244.398378178423 0.33891479450603784
1265.7255866860876 0.3069700314788393
1244.3193210192856 0.35823499149749344
1243.409614604537 0.3584970842671849
1247.4878500049247 0.32655963113965275
1243.799495589538 0.3583847098878498
1273.8776399627761 0.2517764072972897
1232.594642330171 0.47444634658710616
1286.9170601823057 0.24922533506607086
1281.245631302182 0.2516100415630288
1282.329111776675 0.2501170195549888
1311.2441387889119 0.24469581936549054
1255.8602679373103 0.3232002269463789
1299.0587526791005 0.24699110665120866
1265.2057612563399 0.3070961539115847
1253.0374076463133 0.32392833696218587
1254.222290200095 0.32362231701808114
1293.1114987210965 0.2480314619763155
1248.6145425763525 0.3250757617901591
1268.7775849609648 0.28376288752587364
1234.1779909034042 0.4109114349129791
1305.3578946343544 0.24517459390305607
1256.1803303956697 0.31413571678950375
1250.0972691906575 0.32469019300639257
1287.5034388240376 0.24911182825198833
1259.2467619829984 0.31263178479169795
1266.8426053934647 0.29441296582401705
1313.146648715529 0.24372037352277282
1265.8630113421318 0.30693670618959873
1281.305334938211 0.2507724550911037
1229.1029055447025 0.5145207911080603
1299.4933059421373 0.24628106220454554
1317.6740238445723 0.23261431990828713
1267.2453247159808 0.2841059928292254