1235.2306479954711 0.2278856569417719
1231.7236705107575 0.2416360830111297
1228.040710838438 0.2458717340442592
1227.606322850522 0.24595873565532034
1222.686775105982 0.258772558013524
1222.2968319832557 0.2588551129025716
1307.643290253172 0.14005121779524177
1291.4519124926414 0.19793816410776355
1288.891526292969 0.19833136875953716
1284.555636588973 0.19900081655556057
1284.2393841263884 0.19904982182597192
1281.452870884882 0.19948265472746954
1280.1272531576324 0.19968922617787285
1274.1108409429037 0.20063216823669497
1273.9390473056792 0.20065922395023045
1272.6183731150488 0.20086746034205177
1269.2478890821387 0.20694908209717364
1265.5650464288472 0.2075513118353903
1265.2410886608357 0.20760445416560125
1264.172732538771 0.2077799013049572
1261.9096586054552 0.2081525280419851
1254.0215041165181 0.20946186707091566
1239.2102018380804 0.22638756086657913
1232.7920266328222 0.24142667754530936
1231.4515101065235 0.241689486473215
1231.2583610610418 0.24172740060650463
1230.75762170929 0.24182574850193528
1230.5549476216836 0.2418655775343829
1229.4605965774417 0.24208086369164383
1228.7303487460526 0.24573373593232115
1228.1861365775746 0.2458426211292121
1226.219656380679 0.2462368772834728
1224.8159478552843 0.2560394704990374
1222.1855798410802 0.25887867576102663
1221.834748788804 0.2589530087903656
1197.4607867416184 0.3506751449820618
1194.3096118581707 0.46625756634305676
1194.2150953922464 0.46629446842003713
1193.680475675305 0.4793407449137486
1193.376178422283 1.1738274095722645
1192.4536210152658 1.17473555656614
1192.3854653940136 1.1748027033353587
1192.3276202262784 1.1748596982906692
1191.8323270818487 1.1753479380715577
1194.7501578214128 0.3641453182528158
1209.9267498320924 0.340706009071253
1215.2221984171867 0.30248845714211153
1248.520374102131 0.21038478109596076
1219.4545220990979 0.2594584535213766
1203.3697511421217 0.34895320794161877
1269.5605104829801 0.20135126957832428
1212.9862694693554 0.31658806939443274
1257.6854060611215 0.20885166062470675
1214.1500728053331 0.31423489516137193
1214.8695922064378 0.30634939833159863
1217.1355126668384 0.2711915117510252
1242.3493263175487 0.2116399108721149
1203.464267608046 0.348925802205632
1257.8571996983462 0.20882313641192032
1226.7001943121393 0.24614041837671816

1247.4839755045698 0.3395121732764207
1247.0824646275753 0.3396214826719972
1233.2512964464293 0.35432996930778343
1213.1851125385808 0.49895040648246347
1316.7911490817023 0.15430566807813223
1314.7108992461249 0.15548441269685703
1314.5895992399192 0.1554987595776143
1314.5540667543178 0.15550296271963443
1268.4820460491674 0.24940058275517574
1253.0425276669525 0.3310381728418738
1247.7404517043537 0.339442385692101
1247.7086530855784 0.339451036589081
1247.5973886161235 0.3394813098485769
1247.4835606875613 0.3395122861720359
1247.3654474941548 0.3395444346337406
1247.1425290927268 0.33960512593470793
1245.8291448107432 0.33996314616271556
1245.6428601818789 0.3400139873071036
1245.63806741247 0.34001529555921917
1244.8453675088365 0.3402318124849825
1235.8775757937694 0.353577006798581
1230.479242480056 0.3841075299546415
1230.3876161460576 0.3841361342451667
1228.1606498480292 0.3996238619470055
1217.6106956432516 0.4471671195444949
1217.2907804796291 0.44728463915814
1217.1185429936893 0.44734793552494956
1215.7062796167054 0.44786761130248226
1214.3194502123386 0.49848431970166557
1214.291416603031 0.4984958279067581
1212.7567046812337 0.5221952041415935
1212.5756602839087 0.5234977117757792
1210.469003491992 0.742979310397129
1210.4061904638406 0.7430178666939387
1209.7770542809749 0.7889532352030327
1299.3495216830436 0.20036953745521383
1292.3234238758423 0.2306781806829775
1224.224786079664 0.40090864648747226
1314.3029158453521 0.1555326778712658
1219.0387275605747 0.4174837211493966
1213.0733717165149 0.4989963667103363
1253.748821383108 0.29477844412933757
1262.9557949738878 0.2602974462823301
1290.6846491193294 0.23444533780108173
1239.970831911287 0.3415693214317216
1257.990411075132 0.2613248601141676
1266.4504852931123 0.2595791718798127
1252.7084044327062 0.33712632707819445
1242.7158584957758 0.3408148312871194
1248.679492452354 0.33821407802330683
1212.1506529611625 0.5358913202081494
1215.8957414587867 0.44779782421486236
1262.0196853485302 0.26049052325866395
1250.754735495405 0.33719242362647556
1243.214191134905 0.34067821834017853
1218.4143089002207 0.4468721874982101
1215.7840006367207 0.447838980618443
1217.3080048357708 0.44727831028336795
1288.4348611120836 0.23545951781021726
1242.264520139032 0.34093865580549965

1229.5336361813625 0.2215779319934802
1207.5448287987842 0.3477467047071616
1266.9308950972516 0.17645957640846777
1266.2158867532532 0.18138837539443048
1265.9953018326435 0.18141998020396494
1265.2128265051003 0.18153218002952715
1263.8060843411647 0.18173424344330777
1249.2159826776096 0.1923827782380588
1246.6205978678665 0.19278330694835705
1245.3396894073107 0.19789170534934322
1238.79561948193 0.21992128171669265
1238.655811956662 0.21994610431055106
1236.6083306425958 0.22031027421586258
1233.7977239279003 0.22081214378817482
1232.210508992604 0.22109657273108485
1228.8918678290813 0.22169364738556632
1223.208982552163 0.2416905110360698
1222.1063964045445 0.2708527369396662
1220.4600404298376 0.27347675294553553
1214.4981860258 0.32219340121798135
1207.45031233286 0.3477739255287805
1203.9611009391756 0.35682172445225774
1202.057938753763 0.37090373611077476
1198.2567907918685 0.4140964796755726
1197.588385884089 0.4215832322410859
1197.5093904844787 0.4278314786997749
1196.1471659091615 0.4431236789865179
1195.5671558949143 0.5204055700429585
1253.5516875690032 0.19120274871394638
1211.155812356133 0.3255564307725103
1219.355402589992 0.28274794530499403
1227.3861103211889 0.22830146256877226
1200.1631107060025 0.39801070069843497
1216.3555093327764 0.30168124798832213
1238.8330629272896 0.21991463464636352
1215.8751105371775 0.30609604999593165
1207.6588834215072 0.3264991205653403
1204.6549206067132 0.34912887777086204
1215.1555911360729 0.3139748717128953
1226.569531421327 0.2371080989465961
1243.8536916992864 0.21902698222433278
1243.4241458860336 0.21910264596587678
1245.0903133933964 0.218809444978319
1205.660977958093 0.3482900605376867
1203.1899381998753 0.36427227829666525
1234.5334188031004 0.22068055531912845
1232.1647211069087 0.22110924622529132
1235.863098598459 0.2204431224869894
1264.8397166239324 0.18158572946288917
1220.4335824667112 0.2734826816891799
1237.6601500474148 0.22012304461047183
1230.3669566233086 0.22142785853838587
1203.9528595735792 0.356824166988326
1230.835146455062 0.2213436309534545
1246.526081401942 0.19279792453007782
1230.1886446051165 0.22145995381784817
1236.323125274512 0.2203610972341867
1233.1596699815118 0.22092639505926662
1230.609231483325 0.22138426516848533
1200.631052976371 0.3736247443435429

1259.2027837112735 0.25420986602456075
1257.8159317047923 0.2544901546215462
1253.8169149192586 0.25530184442089
1226.2229758082156 0.34917734724668475
1205.3500461384524 0.40952479856501994
1320.1358941728947 0.16574228024925378
1319.014239557068 0.17624952924661128
1279.0074229272932 0.22485152838218359
1261.4629336837859 0.2537544008607688
1260.9129117641187 0.2538650908865297
1258.2717270808294 0.25439796830500827
1257.65480278093 0.25452275953400477
1233.9715389844964 0.29521733279029144
1222.6444164492643 0.3594733847418461
1205.2355517906242 0.40956370239146406
1204.6579723065688 0.40976006982301155
1204.590007626729 0.4097831890683816
1203.972669376274 0.40999330582886956
1203.1274823953831 0.4102813226927592
1182.2740508300847 0.5546917645134811
1181.9654577763572 0.5582306866506944
1180.7585344871084 0.5923481372454513
1179.0892471493455 0.6086537467376287
1179.056759870313 0.6086705173501874
1178.9898125450113 0.6339344222053709
1178.9573252659789 0.6339518908651952
1177.780710268121 0.769698114360677
1177.7126756563725 0.7704935681962942
1177.8488658893732 0.7689013378330453
1228.006032160289 0.3149043704239637
1185.1926585942135 0.5201003227572999
1201.0139572016558 0.4110033292163531
1250.4348375999512 0.2559923646716297
1243.7292744429014 0.27514863672822876
1181.866023172023 0.5834455963353921
1182.359034151142 0.5546518954492208
1263.7067302171013 0.2509425997538336
1239.5523387976057 0.2879433494558118
1259.5017600963874 0.25414952252269973
1294.2391907199662 0.21246168949440944
1205.4059977298368 0.38792841981964254
1196.8741288808365 0.4685997387388922
1180.726047208076 0.5923644355047
1179.3653529240405 0.6051096689822849
1186.2619912701732 0.4941852178098275
1270.6835649037657 0.2404725696672443
1218.2475746080468 0.361534639827523
1292.6062244988548 0.21273009510444676
1183.63474511412 0.5420358114399976
1197.78908648933 0.462107859175367
1180.080315981694 0.5968668818796504
1244.1292948364633 0.2750601691819626
1274.7430193020714 0.22560372522362593
1189.1429270118122 0.48839294804105726
1231.4643535423245 0.2977689618148113
1196.2980607010743 0.468825389358416
1184.2231317331048 0.5355822792832582
1195.7360374185523 0.4690457480128442
1205.1108219651928 0.4096060925253598
1297.592014835888 0.21191271364676104

1254.1114719606608 0.3043558277269998
1240.3865559252179 0.3319754634108761
1186.558086421337 1.0451078201144661
1181.3027752265714 1.0497572351010105
1310.441078199998 0.17184304155015895
1310.4345248964166 0.17184390091367405
1292.1995087056803 0.18664738592100283
1266.3024809104077 0.27411513188772485
1259.2105019275332 0.3031233733567443
1254.4279827220994 0.3042790342433491
1250.5439135480324 0.305224095671753
1241.6878393689522 0.3304311781708819
1241.550211748935 0.3304678069404643
1241.267976945771 0.3305429474565948
1240.232524273737 0.34629062005394196
1239.4064596923745 0.34652142280137604
1225.6290486314715 0.3703794366228328
1188.3882751108197 1.043498291855291
1187.3261408185813 1.0444317635288007
1186.8508763102636 1.0448499974943921
1186.6258369408183 1.0450481495801476
1186.0945068050673 1.0455162957287023
1184.7588867392126 1.0466949427592358
1184.2548089270226 1.0471404682431091
1183.205287984285 1.0480692976377795
1181.2722994893763 1.0497843178706896
1180.4936754384626 1.0504767293042898
1179.6217607706844 1.0512531867238626
1177.3331473666954 1.0532967137743867
1176.9984842315864 1.0665602681702704
1176.920763211571 1.0666307012483
1176.6014683369476 1.0669201533059334
1176.098739994186 1.067376212803568
1206.713206569414 0.5611378418273967
1245.275451766035 0.30994116943378286
1207.942597031768 0.5420517560672259
1296.003155806227 0.18609959343677746
1306.9382560005868 0.17834139121615755
1188.6864441637777 0.9985042700906849
1212.1782930785103 0.42101005798494395
1242.0688327380144 0.3224474056667249
1206.2881992466678 0.5736049437141063
1240.8616604566027 0.3306511827693696
1244.6357792863082 0.3101004616859587
1207.1331969820046 0.5489698459649419
1260.1679191667872 0.302893074252269
1206.7760195975657 0.5598782084895629
1272.7864535397343 0.2727187035964736
1291.7096167001755 0.1884678231037343
1218.6528009066124 0.3734961274878807
1218.1920836378554 0.37363738281046793
1212.6390103472672 0.42085010386638194
1274.077070847774 0.2513542033651039
1237.5882068204678 0.36778154428301496
1297.7444732034796 0.18584988444832523
1208.8314746412823 0.5320861636244748
1257.419301750534 0.303555174140503
1286.615413443953 0.24890470285247956
1179.544039750669 1.0513224545656839
1262.3268267223511 0.28079877386474134

1299.5522116222044 0.21534480761335897
1285.3066127357129 0.2177315655442305
1251.4791036544605 0.3218313122894885
1241.4112491278079 0.3261655214351366
1231.8410343961777 0.3984299014882177
1210.6808728308295 0.6561528026015612
1543.1748343396857 0.19537710863187482
1434.142013651644 0.20808711213909353
1317.7860816775985 0.21236513641048274
1311.299997195456 0.2134155582962191
1306.8135810774727 0.21414823433695868
1306.6893323098025 0.21416859698441984
1300.3026072314522 0.21522053361959115
1299.7479800370395 0.21531237231645764
1297.7589457056347 0.2156423748195656
1295.2431519473314 0.21606122416054158
1293.2514835673574 0.2163939686528286
1292.510317766216 0.21651805571575886
1290.475314211485 0.2168594919355708
1288.8306611314983 0.21713622234096253
1288.5739438296341 0.2171794814999757
1287.3140553746825 0.21739203407815333
1285.949970173339 0.21762263500622525
1284.9411078774601 0.21779349985741694
1283.8618241490683 0.21797658885977234
1282.9744820325775 0.21812734774891082
1258.0404972975202 0.30476591592769997
1254.1613941089784 0.31438318208024874
1243.5593153892237 0.3238809417835656
1242.658103783392 0.3258382544276997
1242.517362097305 0.3258751625842524
1241.5060054718563 0.32614062727253923
1241.3167326618836 0.3261903563637098
1240.971345705428 0.32628114161415056
1238.2975397083485 0.3761206575918325
1236.6640544507131 0.37661746798027806
1235.9384989974326 0.37683856058150017
1235.8439825315083 0.37686738092571315
1235.8195053719778 0.3768748453191498
1228.3340740735075 0.3995674404406713
1222.9976623010343 0.44519747198285464
1222.1660154347576 0.44550041534551815
1221.1861092393556 0.45941993196374337
1212.2466630106956 0.5401272083713695
1211.7353756445557 0.5464025812621
1211.310009013695 0.6433534444177574
1211.2981406314957 0.6558184324050118
1211.1883725739738 0.6558778681765582
1211.1086787894144 0.6559210264747681
1211.0240784222528 0.6559668481563163
1210.9989107318922 0.655980480844484
1210.8703346729108 0.6560501360194276
1210.7585938508448 0.6561106828384943
1208.4357907038136 0.6891283564254764
1193.9109434758095 1.2761816178827137
1193.8332224557942 1.2762646999541465
1206.9456021542412 0.866188103203125
1207.0233231742566 0.8661323287855031
1208.513511723829 0.6890840377163654
1197.2276537034775 1.2137283950881788