1294.4141958747246 0.2565520935833866
1285.2304797675429 0.2583853068717915
1284.9850844553914 0.2584346510578075
1284.6562993239202 0.258500792850573
1278.300393891151 0.2722875478545964
1275.7646010027534 0.2728287643352122
1274.9375160294285 0.27300575541786165
1246.3186150485126 0.33839261929628695
1222.6462908810279 0.5428969369623919
1222.23255860906 0.5430807104853534
1392.7499805112705 0.1903885136401232
1295.6596527812521 0.25630548207846576
1279.9881368439717 0.27192852000363094
1278.7898449862057 0.2721833310131899
1277.6596287325067 0.2724241040780806
1273.9447051849172 0.2732185143182203
1271.7972714673526 0.2736798446442658
1238.3920022617544 0.36549816319480105
1236.3784468624715 0.367274193124879
1236.3676876932152 0.3955225713387254
1235.9312874043871 0.39566222810292356
1235.4923581825747 0.3958027936942295
1234.383234107604 0.3961584323608096
1232.7729390656505 0.3966759096181724
1230.849189163923 0.4027196359434551
1228.310888965661 0.4494111346246386
1227.5377459734157 0.4496941882989649
1225.7715008407474 0.45034216401933974
1221.3552660115379 0.5434708022960039
1221.0814063157136 0.543592689950534
1220.7589308044837 0.543736285320733
1219.5227519244106 0.5442874479055904
1307.3570818723144 0.24170539431514862
1264.1957334823392 0.302714755652238
1228.351587534966 0.4035384839255413
1225.3370306825122 0.4842990845026586
1224.8643986889722 0.5089756634634789
1226.0806848446314 0.45022860004666626
1223.6282198088993 0.5131794257170714
1295.6986928080805 0.24388020203973082
1313.985410590255 0.2404861244560559
1288.9874876977278 0.2576321919996724
1223.3362685841792 0.5425907359682478
1248.3613628309597 0.3307863248634119
1274.0046102046924 0.27320566729995044
1249.932412422375 0.3303705570064001
1243.0715844935398 0.3424020915980942
1228.0849758699726 0.4494938063148349
1236.4737196133394 0.3660652021648678
1232.100624796594 0.39689236180467397
1235.6523095249208 0.39575155825553227
1269.3819804850903 0.27420058345335435
1277.5027506988663 0.27245755790645054
1257.7886309632768 0.32643268526416136
1292.1655891077078 0.25699854160722096
1296.5760730816653 0.24371517070618248
1281.4097880584645 0.26443186263123086
1279.5176076702958 0.2720285188633959
1239.6402974096482 0.3521278795448485
1225.5887762625828 0.45040930610120605

1252.078017130783 0.29033358570934187
1247.1293144613448 0.29148565115593744
1201.508998335544 0.430962122412
1201.064690037907 0.44020463632362333
1196.7058244559066 0.48915906121826924
1196.4805320311996 0.4916990150836291
1196.2549897195393 0.4942427444809883
1196.0169505592914 0.4993737469084374
1186.9421617257367 1.1919833183596131
1185.671504970531 1.1932607393393841
1181.3212341863964 1.1976549779105532
1180.6456173191655 1.198340328275074
1180.3633479094851 1.198626896659002
1298.4150612178325 0.22664687739263623
1283.0568458722391 0.22933816226134077
1261.7294702351855 0.2545849436089708
1249.7841989668873 0.2908664556664429
1232.8503149144603 0.3245977338450296
1225.4376844317242 0.3265612143933225
1225.0192584674157 0.3266727568773232
1209.9794451560983 0.38035408654786945
1203.653675758899 0.4301942314871661
1200.637083667766 0.45124421777683793
1196.7055018516237 0.4916065801119883
1195.7919807388673 0.49946769637789035
1194.9659161575046 0.5087997049150768
1191.2604083180315 0.9924481488007013
1188.8403455792834 1.0842042570057768
1187.6899113480786 1.1912328656803195
1187.65477142617 1.191268111469653
1187.044044658707 1.1918810114931808
1186.9607485297367 1.1919646529064065
1186.7251699420726 1.192201271591667
1186.2785938328386 1.192650077300595
1186.2483151740682 1.1926805193625656
1186.1300779336752 1.192799409571914
1186.0233453536441 1.1929067519433285
1185.9125845517758 1.1930181659801813
1185.7822657723993 1.1931492799929744
1185.6395822725617 1.1932928672328436
1184.8463759932904 1.1940917280931853
1183.2740607426863 1.1956784176835265
1183.1890774216292 1.1957642980595289
1183.1717433423648 1.1957818166262466
1183.0867600213076 1.195867711856817
1183.0598708801524 1.1958948921006056
1182.870917580197 1.1960859258667618
1182.5532628948447 1.1964072156643186
1182.2709934851644 1.1966928601234688
1182.2548837243435 1.1967091666205008
1182.161112393085 1.1968040919318708
1181.411511887446 1.1975634589631174
1180.363347909485 1.1986268966590023
1180.1222683282404 1.1988717564316462
1180.090345630271 1.1989041871867374
1180.0903456302708 1.1989041871867376
1179.178288694074 1.1998315014785994
1191.4853781384556 0.9922607601126717
1188.2013340190063 1.084787339210865
1199.3283658815199 0.46092105594647076

1308.8955196361255 0.18232105529618375
1308.4364612873462 0.18238502172104906
1308.3398642307982 0.1823984875312245
1306.8123344853814 0.18261169267772528
1306.7436760171447 0.18262128739728006
1306.7052288844263 0.1826266606557002
1306.1959286581389 0.18269786880874783
1306.1256775429158 0.1827076953738735
1305.6383628811384 0.1827758889420977
1305.4785520283888 0.1827982635499597
1305.2601344349653 0.18282885236191623
1305.1048526486684 0.18285060539633624
1304.9522087754465 0.18287199393795558
1304.3924927955497 0.18295046447335653
1304.1838761101847 0.18297972915005095
1304.1055417721439 0.18299072028190244
1304.044111866073 0.18299934046787347
1303.4989453724982 0.18307587686180274
1303.438769248565 0.1830843289632095
1303.4123034324168 0.18308804649462854
1303.3999533671547 0.1830897813031323
1303.0361623229921 0.18314089763024716
1302.8458267485573 0.1831676530814581
1302.6996470556066 0.1831882068532707
1302.5819853323476 0.18320475417262705
1301.7185962841847 0.18332626813023317
1301.6690975585645 0.18333323950003996
1301.3431884724848 0.18337915357486878
1301.273195974835 0.18338901711852382
1301.1910725822597 0.18340059153565913
1300.888813655746 0.18344320429805483
1299.7183680705846 0.18360840184690325
1298.8997607947324 0.18372411760742313
1298.6202897135465 0.18376365616861334
1298.4555104219157 0.18378697652487347
1298.4096545863233 0.18379346731562643
1298.3620566257757 0.1838002051852072
1298.3575893341583 0.18380083759119664
1298.0370346516386 0.18384622783628832
1297.9544771889603 0.1838579215269068
1297.3187497352908 0.1839480177567756
1297.2436023177527 0.1839586735954099
1297.1437426756477 0.1839728355164854
1296.1748854238047 0.18411035045975171
1296.0221713336782 0.18413204472183706
1295.502384205217 0.184205922985552
1295.436574601131 0.18421528084922487
1295.3835037551141 0.1842228280047781
1295.3739221584412 0.18422419066061488
1295.3595169070684 0.18422623935500498
1294.9132501881284 0.1842897293527849
1294.4848122253995 0.1843507240554265
1293.9977728076408 0.18442011062717656
1293.7666204296581 0.18445306026928832
1292.8551920892753 0.18458309474463283
1291.9268277833319 0.1847157341116282
1279.1829333565731 0.3256229844505749
1269.7379726081883 0.32804513482589226
1311.2098543703685 0.1616680261955837
1301.5844971914032 0.183345155790844

1337.332679902865 0.23168102461162435
1309.1411845285797 0.23461266762027502
1301.0979750968193 0.2672825469923903
1288.6179941103044 0.2698711194938905
1266.6659205306973 0.3115352691737284
1244.1556739073446 0.3454185461827025
1243.684606720423 0.34856568044949243
1243.3529456142776 0.3500107676799406
1239.9772803855685 0.3524079843485277
1232.3842618674473 0.3703429398202108
1229.6353106618594 0.38419025120272476
1227.2966786275551 0.3851035782301685
1226.642146639371 0.39865850712555245
1225.1238763004853 0.4006144288573432
1225.0336621830056 0.40064393096676654
1224.2481447372818 0.40090099714950955
1220.545507403483 0.4169683318812745
1220.5138039657104 0.41697916283584463
1216.5641788262683 0.4573831359117118
1216.422615106293 0.46840017167854375
1215.1797649884995 0.49838458567386057
1212.8596385919147 0.5233751403011379
1212.6523906667499 0.6506460338422784
1197.2411563705639 0.8230897972270178
1190.0477560488973 0.9704382843213784
1176.3195601887567 1.03117213987163
1175.6457111213108 1.031763180504242
1268.779409082837 0.31101632457211137
1282.5083399106354 0.271156740154026
1244.3917540932441 0.34391377769197984
1203.4274516121084 0.6921916353753099
1238.9386659236416 0.3662632950193818
1213.1851125385808 0.49895040648246347
1179.8803442405667 0.9788008659335129
1278.070087202878 0.27681021723585303
1191.3749683025758 0.8271425930938432
1185.110407423196 0.9744812765180634
1213.4878033460618 0.49882594894690796
1201.2360322425761 0.820352498741804
1216.3280986403688 0.46843656936508477
1264.3227738053383 0.3155851208186747
1223.9629551689525 0.4009944091125408
1220.4509909375588 0.41700062352872647
1202.7913267267495 0.6999619513994187
1261.306407674028 0.3315944226102289
1190.3035350074736 0.9702297512149681
1217.3080048357708 0.44727831028336795
1234.8943521610724 0.36959016755517576
1247.6342888998574 0.33522817840799335
1218.4143089002207 0.4468721874982101
1265.7964894781653 0.3117492517840691
1212.7804070919276 0.6389304740112732
1211.724844841728 0.6874517918263293
1238.9311704184818 0.3662655109039145
1208.6575147947376 0.6891964064182342
1230.8971183486717 0.37079038022320465
1216.2163578183026 0.48085591869919736
1183.698144046212 0.9756439244661954
1220.7536817450396 0.4097415466849638
1185.7250458625313 0.9739761394687528

1277.7887139453157 0.26468330721561845
1268.483707263497 0.26662490089010116
1258.8007438511788 0.2690717343118503
1253.3415529766658 0.28473735735192524
1248.5863027677901 0.2960690289626343
1242.663290779671 0.343336145305682
1242.5525299778026 0.34918903490843556
1240.8295039146153 0.3626616485439053
1240.0835345050748 0.37626178729248544
1238.8547574309616 0.3766349883116659
1237.003293335512 0.37719871046318004
1235.2802672723246 0.3955288821211059
1233.591568354168 0.4235539949961967
1230.4548913944304 0.4263580026588571
1230.2089499198719 0.426443239492706
1229.9317508324534 0.4265393502539276
1227.1522890049346 0.4410024607877199
1226.8144855132925 0.44112389085953263
1226.1740254837275 0.4547772176903233
1224.730759148359 0.45531314335682765
1222.796945970069 0.4569101372870053
1221.533357365929 0.4582921921388567
1221.0412047163666 0.478849433576568
1218.699989380445 0.4916103428613459
1218.393464781525 0.4933656286816631
1218.3215184153805 0.4935247279119802
1217.9533493179995 0.5008460453386626
1217.8416084959335 0.5132517943044536
1217.7638874759182 0.5141780697054518
1212.2597963025316 0.5325209692444025
1212.1473226443188 0.5354114179698901
1212.1174411520187 0.535424617096988
1211.6073254797784 0.5356500436710443
1211.3690975906713 0.5453023543842186
1211.3362265761293 0.5453171517965534
1211.291376570656 0.5453373430384922
1211.1977093797273 0.5453795163489562
1211.0335357686483 0.5454534506554498
1210.9217949465824 0.5455037837299962
1210.844073926567 0.545538798238806
1210.7812608984157 0.5455670997537023
1210.5564912598652 0.568060473901118
1210.3562535756691 0.5699277120534577
1208.2260589396183 0.6294518097858908
1205.1451403605072 0.6484519185636792
1203.752271430264 0.6492022461448275
1202.9696008893602 0.6496246271200162
1202.7377082017194 0.6572373928833352
1201.1690369912878 0.6990610556503187
1199.8767357757201 0.6998139641992029
1199.6719213590914 0.6999334401878248
1197.8250886730889 0.7066368682936561
1197.6876640170444 0.708509965643487
1197.2531711109411 0.7104895195037241
1197.0212784233004 0.7181504314156724
1196.076349419297 0.8959906744882923
1195.6418565131935 0.8963162749930583
1195.5232111071318 0.9030022054546166
1195.0887182010283 0.9033305058113102
1194.8568255133875 0.911042721022845

1273.524826697143 0.27431799685077074
1271.968559390385 0.2746536278905496
1222.7793802707315 0.4183168177926754
1217.5993668539702 0.4471712800772685
1211.502217253092 0.4707133134116191
1191.7328221704925 0.5732666423646703
1339.688615285557 0.17644304723641532
1320.2493604139704 0.21565467318111056
1275.9139543704073 0.2645350615366089
1275.7444505399578 0.27384072041342045
1275.7209249592424 0.27384577031253643
1275.611084489323 0.2738693506564691
1271.576465313166 0.274738318087105
1260.5546915143373 0.313047646546658
1253.338425510513 0.3247811043789648
1232.4366262427802 0.3510661618515255
1225.8945065819914 0.3919998063626519
1223.7453352558105 0.4069827359219482
1223.7412341709614 0.4069840998301712
1220.9784331416577 0.4408239916367559
1220.899682449834 0.44231935628271035
1220.7464540406072 0.44237487632219863
1220.7423529557582 0.44237636248092693
1219.330089578774 0.4428887355790033
1205.6704226756322 0.4774624728316381
1200.5415234984714 0.48817904739868867
1200.369427425702 0.5344490626686702
1195.946129848758 0.5712470290345331
1190.9021073945423 0.5837216688814559
1190.8116920134669 0.5837659894213765
1190.8075909286179 0.5837679998837492
1200.4598428067775 0.5334296846553378
1239.2044708331398 0.3362862615062978
1232.3868266949924 0.38351297843468996
1305.0333284440837 0.22567368028018495
1221.663483112784 0.43148685928263236
1263.0457627458045 0.29635735859307993
1298.4401969133435 0.22681959078160852
1224.5425292381447 0.39755670550409433
1284.8697290369641 0.24078451127292042
1266.3088529194686 0.27603988939326163
1270.387011198333 0.27499555357524397
1289.0315328400998 0.24000710756383978
1261.8643132960622 0.30165102019311585
1196.246535128512 0.536291054147024
1207.3793249559021 0.4723206792608897
1277.3239990547709 0.2519576606877836
1255.941144445702 0.3141975890088949
1260.540336064458 0.31305121163670013
1271.7043504319245 0.2747106898554141
1210.9092121307694 0.4709438306157185
1274.270005942009 0.2741575786687581
1267.6493814656778 0.2755894370376767
1229.1035055805703 0.39135691300311326
1223.0209231054896 0.4154692449909221
1222.8421932988829 0.41829533035447913
1288.7770822628713 0.24005449352988392
1191.823237551568 0.5732231525917794
1267.593391916523 0.2756016098120301
1271.0231360836922 0.27485792310257506