

1301.8416768448405 0.3314447269854493
1301.4867210970574 0.33836108233323176
1300.9527865734715 0.33849995183346276
1300.9001410718608 0.3385136504250739
1299.7817362496753 0.33880492648200905
1299.398475957535 0.3389048577021117
1298.6776973808508 0.33909295314831717
1298.2028681074883 0.33921697941917306
1297.5973649678212 0.3393752696189006
1296.905430433889 0.3395563356114559
1296.8684445536614 0.33956601954664
1296.038595797445 0.33978344242269315
1295.263132251769 0.33998686801743316
1294.9946696542129 0.3400573499737391
1294.9668709734322 0.3400646498869113
1294.696856146837 0.3401355718923479
1294.5814067083759 0.34016590483284287
1294.5511956655628 0.3401738433112506
1294.508058100486 0.34018517910109863
1294.2012284597633 0.3402658303120444
1294.154684288889 0.34027806794572224
1293.7312466228275 0.3403894408071871
1293.4613739187416 0.34046046095567023
1293.1898809408078 0.34053193740764054
1292.948662592621 0.34059546858549994
1292.5879596935195 0.3406905133923298
1292.2085892324421 0.3407905343318494
1291.864627560566 0.3408812705277693
1291.8518013479709 0.34088465498381987
1291.7960887262525 0.34089935666777643
1291.7891387900925 0.34090119073550057
1291.7600698093036 0.3409088621679871
1291.6233712800847 0.34094494214384713
1291.435663936359 0.34099449774404744
1291.2024803011184 0.341056079361024
1291.1512438386644 0.341069613412196
1291.0522702094445 0.3410957602214577
1290.9247088308994 0.3411294652432085
1290.0279754432731 0.34136659357438404
1289.8120150025538 0.3414237504927083
1289.5815310445964 0.3414847723788472
1289.4471408523393 0.34152036298412203
1289.3203490428407 0.3415539481089016
1288.5579811573225 0.341756026529134
1287.1707518333174 0.3421243490543168
1275.9549479878845 0.34513166494410646
1274.9488390565607 0.3454040210104407
1267.778039151566 0.3473576935339875
1377.7757398566016 0.20288413543989464
1366.1424523552832 0.26973833952824133
1357.841073064783 0.2947412234492975
1300.6074471150687 0.3385898309051956
1298.3622002199722 0.33917535146827293
1297.8883634372523 0.3392991785722405
1294.780986678053 0.34011347102228323
1290.364052133839 0.34127768428180993
1285.7376322350833 0.34250569054839014
1284.0144557374686 0.3429653409468845
1241.4039265813997 0.4308423778402503
1238.9948112139389 0.43168011257813144

1345.3534056040703 0.2133539050259441
1330.0986772281367 0.21580083315604198
1326.4838471653363 0.21638891671313681
1320.3242686298859 0.2173984145754148
1319.9479305775524 0.21746039830524716
1318.966094513052 0.21762227544715773
1317.523066469353 0.21786062804560247
1315.5828585604668 0.21818192663262684
1314.566781319824 0.21835056750589493
1306.1157337293573 0.2197633757201631
1305.6939837257146 0.21983436111617916
1304.6004827124575 0.2200186237312975
1303.3778753781012 0.2202250077647773
1302.3673066470888 0.2203958908217292
1301.1526644249723 0.2206016331315229
1301.1206696876914 0.22060705775620237
1300.1204505584776 0.22077677695346026
1295.5473264571215 0.22155609205765378
1294.525518059203 0.22173097302548048
1293.4922516278805 0.22190809598151162
1293.0966304886767 0.22197598845888783
1292.587927163906 0.22206334802721994
1289.773737104772 0.2225478736835719
1288.276526774021 0.22280651456434622
1288.1694613933498 0.2228250329852627
1355.3872563780349 0.21177445883077062
1351.825470254282 0.21233244160696937
1351.2941568364288 0.21241592829615588
1349.409065040475 0.21271266820559837
1334.2928215320294 0.21512249642174291
1333.0157417683945 0.21532859195255666
1331.9539267351163 0.2155002488931164
1331.8461049030832 0.21551769507669097
1328.5641227877636 0.21605009333180294
1328.4622500463984 0.2160666610703888
1327.7908336000166 0.21617591827121171
1325.752046118521 0.21650836109659713
1324.8914205944454 0.21664900101534001
1318.9243663002521 0.21762916059451862
1317.4134625430534 0.21787875324387834
1315.061043227104 0.21826850107368867
1313.3872898812356 0.21854665789520228
1313.2804648093006 0.21856443495278927
1312.8740735308156 0.21863209009347842
1312.811260502664 0.21864255080785758
1309.0329441561928 0.21927362791515223
1307.6778725826534 0.21950084859865882
1307.1406236240014 0.2195910658256362
1306.6799736387804 0.2196684792882039
1306.0608893320689 0.21977260407236773
1304.467536655857 0.22004104713976247
1302.0871746487057 0.22044330695678785
1302.0073739662146 0.2204568180372145
1301.864830899161 0.22048095617371688
1301.3134165677866 0.22057438205981125
1300.4119746857648 0.22072728359406374
1299.3799168961714 0.2209026005352038
1298.802737867802 0.22100076813573602
1297.0295018842316 0.2213029096937235
1268.6030897049448 0.3894373778679106

1362.7551710252214 0.15118514243908815
1321.4257785765635 0.18208936692549305
1306.1250817918183 0.259191254421607
1295.724515845586 0.2612717396646753
1293.2657619756342 0.26176846889071487
1286.538392144707 0.26313726854026726
1278.8061008606899 0.26663807524307603
1277.9282542264236 0.2764382499987616
1271.6286842234808 0.3146697038981484
1271.5658711953292 0.3146852480059427
1271.3887126710063 0.31506133331360636
1266.996634630245 0.3247255954690229
1266.4734940682679 0.3248597294491635
1265.7457592275166 0.3250465060919085
1265.3097732232509 0.32515850690814385
1263.505071240028 0.3256229405029398
1263.4417269930177 0.3256392660204011
1263.202380432547 0.3257009668527329
1262.4058836440631 0.3259064631811843
1260.5193664785795 0.32639422096855647
1259.5761594461785 0.32663863439464735
1258.3974925795553 0.32694457757872886
1257.4452775083191 0.32719216016526204
1256.0845960559616 0.3275465983178288
1254.3809180522373 0.3279914663214136
1245.057012139971 0.3350188252563525
1244.8623560508352 0.33726035717243225
1244.258980478062 0.33914411276767814
1242.853999184165 0.3395274974087435
1238.4986211465664 0.3707712401524499
1233.7780699155462 0.39946282881019846
1233.7568413618044 0.40845523427739394
1233.3109526116657 0.408602906357589
1233.248139583514 0.4086237177296366
1231.4149569900567 0.4203900364652119
1231.36700921634 0.4222226438766302
1231.3041961881884 0.4227359104026266
1223.0737340397368 0.423257048422592
1221.0665787708565 0.8227160311598102
1220.7952431469728 0.9374295888919556
1217.2254346719903 0.9496064784598712
1209.0647835620607 0.9560159010712959
1208.2374691309356 1.1212268123692828
1208.1905539235302 1.1212703506905186
1205.9488557269467 1.1233546428320043
1205.5426375183313 1.1237331670720017
1205.117630195585 1.12412947263824
1204.8700990910154 1.138679233025511
1204.6533427244813 1.1388841185012282
1204.6009818050331 1.1389336228769429
1204.4638808823997 1.1390632646644578
1204.0544760436585 1.1394505710708245
1204.0388735596534 1.1394653365901943
1203.2794428436248 1.1573176283008
1202.1242109852603 1.1579261378403045
1201.6214826424987 1.1584105851448225
1201.5586696143473 1.1589750431594439
1201.3289730370134 1.161058292791913
1199.018293360837 1.1614305792378805
1190.7838029905483 1.1767010650821281

1232.1693799958184 0.38237559023950424
1180.45986367216 1.0275554429096359
1339.3013463128714 0.19305927880407966
1324.8366505528054 0.2855390404259215
1253.7179500138088 0.33214633442985586
1248.2758040920128 0.3335944028883099
1246.9606685810354 0.3339462358342527
1245.9381946088222 0.33422028741701704
1228.214342170472 0.3996063920864813
1227.5481535695474 0.3998232578953626
1222.183478121672 0.45136106763090444
1219.9547534491264 0.45988364538571314
1219.4626007995641 0.48046814061518694
1217.4790098378705 0.4971906703510292
1211.9732664519581 0.5453020568563774
1202.06122541482 0.7096168214686415
1200.1798899763673 0.7191482001408149
1188.2202998588682 1.0192175382812485
1184.9305769773155 1.0220471920365908
1183.7992064422285 1.0230239743086569
1179.1303845192988 1.0516912730092571
1179.0186436972326 1.0517909464521105
1178.5535029562357 1.0522060577041492
1177.065364706349 1.0535363390361654
1276.1484535851505 0.2886896031264875
1270.5516476588634 0.3014953871718669
1210.8521164227652 0.567806638734891
1211.0415782648467 0.5677178080178854
1193.578370688867 0.8657116256316416
1260.9067708057632 0.30380157344065195
1189.8756321801307 0.9848607042212796
1257.4516302413585 0.3246256180872193
1210.427109100019 0.5680060080133482
1252.7396701648413 0.33240571159625343
1240.9822499423663 0.3460539306444758
1214.167871031292 0.5240133782972449
1182.8602178982153 1.0254702455105071
1180.5716044942262 1.0274581850309337
1216.6035930057822 0.4975484278688311
1241.6283696518797 0.33807371196532204
1195.9294264154494 0.8413552441279117
1234.6289446254732 0.36966961815932653
1217.7629881458765 0.49707472712833556
1232.1065669676668 0.3836002137807578
1240.5426718541441 0.35715674920387486
1195.0195906637941 0.8419958152841763
1235.2103729249884 0.3586985647464458
1225.4689820083795 0.4064135712374554
1233.2659621077612 0.37007817012002386
1221.496040575764 0.4575462747284489
1224.0567186313956 0.4068824735308145
1227.4853405413958 0.3998437176994225
1193.2149749501993 0.9821044636936215
1220.049269915051 0.45984801848279194
1246.126121568923 0.33416988400958414
1210.4868127360483 0.5679779928184628
1210.9298374427806 0.5677701952434768
1221.3460897111897 0.45760245000919547
1183.910947264295 1.0229274184484825
1217.668471679952 0.4971133104928565

1247.2991499266334 0.277854126561532
1235.034988218422 0.2851032237585827
1234.8151234984912 0.28515398774685125
1234.1922421641086 0.2852979013855246
1234.1233325697199 0.28531383152973755
1233.119317404024 0.28554613623034164
1182.5918752936316 1.2261692071177077
1320.5554344422308 0.19970129937324566
1277.8038164101697 0.24018542181991537
1276.9718597735418 0.240341904403439
1254.875662140181 0.26778243271701496
1246.7497512565812 0.2779765670813296
1246.463088661749 0.2780404963582949
1246.192170433392 0.27810094148102327
1244.1706577752423 0.2785527963531294
1242.0156225488029 0.2790361164319318
1240.1069634023413 0.2794655832856295
1236.661680856892 0.28024416154276494
1235.3454932058253 0.2805427451428467
1234.8126076891429 0.2851545687200804
1234.6386324228872 0.28519475039001546
1234.594621441647 0.28520491704763024
1234.3417233578098 0.28526335125240304
1234.2951262069446 0.2852741205239754
1234.227648687629 0.2852897169903148
1233.6827982514085 0.2854157139053822
1220.2819709356797 0.31329336560718707
1216.1179729340527 0.37010321073980457
1211.6200142386867 0.37147716374104806
1204.9890095087324 0.38759046528507607
1192.4935717755504 0.6952362458729624
1189.7100882651287 0.7190263368426596
1189.3009358474449 0.7192737017906136
1188.524499631123 0.7215494196350327
1182.6413894856473 1.2261178705264937
1181.7896668789815 1.2270015407243575
1181.7035261522356 1.2270909834670567
1181.2943737345518 1.2275159979712875
1181.2001695107201 1.227613896020081
1180.6553621742746 1.2281803721301312
1186.3600467212107 0.9175676613157585
1186.051856204042 1.2071989658185913
1188.354405008303 0.9093909760822992
1194.5854436903526 0.4261676183594282
1193.056728332635 0.6875807054942109
1199.104203840479 0.4069928077070019
1188.5244996311233 0.7215494196350326
1185.0191301155655 1.2111679662851955
1204.685475916652 0.38768812291317567
1218.5713426787206 0.35965034768561754
1240.9202082042395 0.27928243377173334
1260.832494523818 0.24634614502047192
1228.121038871252 0.28670826852647746
1182.649720461367 1.2261092333467503
1230.4717291444572 0.2861605417302338
1223.9286368250987 0.28769034893170226
1191.1630283338975 0.7057240146248721
1258.0044212949729 0.2605700814447094
1250.3622082003174 0.27254695954210606
1218.2953996976178 0.3631950234305516

1284.1503826995245 0.09275454517446458
1284.1454444669876 0.11352144913826696
1284.1164993945079 0.11352400800778921
1283.6673007324273 0.1135637339028728
1281.8695314875256 0.11372300236439077
1277.7360459156155 0.12096127197859947
1271.0076481465699 0.13003402943052966
1207.4798247574818 0.2904298935873326
1206.825148419024 0.2905874454742497
1185.9320316297812 0.3928432027994058
1183.1825173470895 0.4520221244558684
1267.5316532014197 0.13039062614971722
1197.517325319378 0.3227244210944313
1193.0649607984221 0.3605046692251636
1268.7085477023827 0.13026967164746325
1190.055694085744 0.3627937755641928
1210.4406246890753 0.2897194871522487
1242.5883836145974 0.16364440718894854
1220.9683306111358 0.2128527591242408
1201.5887946443545 0.29402021380389126
1202.6544716191631 0.2915951715882504
1267.082454539339 0.13043685147199557
1198.516685465994 0.32245532352683576
1187.0695415987445 0.38096775473761935
1194.1544002586757 0.36017577707170806
1186.931391776397 0.3925124407659246
1184.837009957171 0.41346085388164816
1201.6409877753408 0.293205333314831
1196.5168201126921 0.3430511488883291
1195.4229435001519 0.3433650592333784
1217.20152159851 0.2515790345992572
1228.04582037023 0.1962202635711095
1229.9575442292776 0.18363547767603472
1277.3851220612157 0.12609030783825223
1200.0583732271655 0.3066249447855271
1283.914302513625 0.11354188630408948
1267.0499672603064 0.1304401958850017
1209.0445864957665 0.2900540153193055
1271.0281917903553 0.1273965042905143
1188.0689017453606 0.38064729858337504
1280.119953397883 0.11387843098082394
1270.6891201008623 0.13006662551136075
1213.979044014204 0.28887503350433724
1196.422303646768 0.34307824967216216
1220.5487890366844 0.21705070640920582
1194.7395111785686 0.35999938483032506
1205.429110225715 0.2909239822053912
1279.36144356599 0.11394594740471954
1219.75309992154 0.22367267921371808
1241.4978896521682 0.175988444421219
1214.5123409884575 0.27777268460810434
1273.3167142148918 0.12649318230933057
1199.6541954349573 0.3107711933616962
1183.2770338130138 0.45198601834335017
1214.7621857150216 0.26933990955988996
1283.343180205726 0.11359241550403334
1282.0884945388643 0.11370358004236607
1183.837649810555 0.41380988510195216
1188.4730795375685 0.37643686859770265
1201.5606671119856 0.29402709657170084

1385.017389567152 0.23833171469861647
1384.1586071004394 0.23847958438406636
1374.3070951606958 0.24018908910918751
1357.3565802905252 0.24318854318464247
1348.0939223171254 0.24485947446122366
1210.9161048111303 1.2515268767758878
1210.6846988945263 1.2517660891193985
1209.9926250626424 1.252482055924464
1209.5085287166698 1.2529833520892066
1209.4396457002579 1.253054715115144
1209.3688326267343 1.2531280861606653
1207.7283236066662 1.254830263619341
1207.6810175435405 1.2548794165651938
1207.0362497747826 1.2555497409250709
1206.988943711657 1.255598950253467
1206.7462491017052 1.2558514698678553
1213.6294648753262 1.093961854921101
1333.5891001271866 0.24752269594244544
1256.0402173104635 0.3886392855890499
1271.665394701373 0.3026232854012449
1268.4838112653576 0.3313070799899663
1274.4417585036765 0.28697264836590475
1246.719996874848 0.4267412428127421
1289.4133496093848 0.2792281546076952
1284.6368803815567 0.2802663660341262
1214.0578098021226 0.4957421034803131
1326.974502968588 0.2487565274272304
1352.332778214543 0.24409196808699463
1212.8316003873324 1.249550267496251
1266.9254372658265 0.34927588055191483
1260.9355713127122 0.3793562419873182
1265.843736532588 0.3515768712555678
1309.295896987155 0.2682322771344766
1212.8255427879687 1.2495565085215579
1274.2767583380423 0.28782226772485114
1342.907378915387 0.2458051646194278
1372.168976658661 0.2405633525885017
1213.4452589090376 1.248918350098809
1306.435467486715 0.27117110963353447
1292.9311127598644 0.2740034266997919
1305.416566921237 0.27138276344883616
1219.5811037876538 0.4811385103740889
1215.1448455831242 0.49529862597506685
1229.8462915296095 0.47592042451755523
1231.4886597627265 0.4693388519099657
1281.6373030492175 0.2853614870258314
1371.4472519211233 0.24068994916176756
1257.7838056739974 0.38810053884027773
1349.9132289189104 0.2445294721700737
1248.4227188168938 0.3910106451677367
1262.512825577339 0.3781932193042832
1236.5151692372976 0.4344403411342792
1239.8011064842751 0.43328891152911386
1258.7962456992557 0.3877883925968419
1217.8096280714062 0.4818383941388683
1215.7691372474528 0.49504429248848913
1213.5186451981094 1.0940617565584838
1216.6381121782617 0.48230236229095114
1304.8618941419668 0.2714981232676215
1240.3386639965574 0.42893675441157353