

1366.4436693560165 0.13449342990190796
1348.3861666464156 0.1684450740575342
1347.9398955127297 0.16850084225195722
1346.8096129098292 0.16864225316018497
1342.9557414187284 0.1691262047541239
1339.1213454470424 0.1696104751605517
1333.9652408936286 0.17026606146555626
1329.5933242728318 0.17082592365084967
1326.1608073747154 0.1712680743058133
1325.367821047853 0.17137054641883412
1323.5244415948318 0.17160922802847697
1323.4552183095652 0.17161820404397177
1323.3953835912114 0.17162596342339131
1321.80189646765 0.1718328656554995
1318.0270139683878 0.17232500190952665
1315.294028993117 0.17268306758206892
1313.652353151056 0.1728988702026804
1309.3306267098708 0.17774871026421846
1298.5673857991455 0.1950022602034366
1297.7939888741257 0.19718563120472624
1285.4786980263802 0.2291519316660455
1284.6757293949497 0.23317243113531796
1283.1550042990511 0.2334487743413306
1282.5188794136923 0.23356456411815082
1281.4309470964067 0.24736617382382337
1280.7948222110479 0.24748903173692274
1280.7671349329726 0.2477754123775694
1279.6658878425364 0.2598161162024832
1273.3747670890089 0.27072030022571003
1271.577002605409 0.27110304648467676
1268.321186759852 0.3016890341122301
1266.523422276252 0.3021172660904779
1251.8794669557603 0.3140428981623926
1249.5823499788348 0.31558675300152894
1247.4278934684266 0.37572665026797064
1246.2976108655262 0.3760674013795362
1237.3261611973708 0.3864252269775276
1237.23702188614 0.3886015379159859
1236.884415130646 0.38871231910603754
1235.7541325277455 0.3890678548556287
1235.081315536424 0.40148101741668435
1234.403221434069 0.4017015627825669
1233.2835510528244 0.40206625859121803
1232.380487130045 0.40236088475293713
1231.2502045271447 0.4027302503834577
1230.1818484050798 0.40308000300669444
1230.0531206952858 0.42324064157502655
1229.3856388145862 0.4234704355879934
1228.2553562116857 0.4238601275716409
1227.343442066254 0.4241750549446721
1226.9348446032955 0.4243163149733224
1225.804562000395 0.42470756604531923
1225.775449463201 0.43701365452396035
1224.6451668603006 0.43741699497252856
1224.067092918191 0.4593033940030614
1221.1456228349953 0.4885862606141475
1220.457071542663 0.49619618292771267
1219.6310069613003 0.5053372506655828
1216.87309092367 0.661679726941894
1215.611031742153 0.6984759634139661

1268.5794899868465 0.3464102764160309
1266.785123892872 0.34690095699230344
1265.9543451986738 0.34712860969175446
1259.446762516777 0.34892222907770354
1259.0263179041503 0.34903874965344944
1232.4862586723564 0.400433631819376
1216.734396669554 0.43966417369638044
1387.2192643790868 0.2091676558412666
1270.7158553368538 0.3458278811399245
1270.4662981234362 0.34589581197954367
1267.3757407541218 0.34673929573605955
1266.8728862541102 0.3468769254991428
1260.4824973676027 0.34863552068338766
1258.5234634041385 0.349178211261473
1214.3303609696077 0.474240389247574
1189.8261006862804 1.189094150665147
1189.4864497890023 1.1894336895437052
1189.4236367608507 1.1894965031027405
1189.1466280109564 1.1897735933551672
1185.4698019434788 1.2318986487483508
1196.7048512065453 0.6934973034599728
1195.8526588731377 1.1168368638192798
1321.7718988674399 0.21718790284876188
1289.4969216879115 0.2546584030723136
1207.9545827871887 0.48659995412326185
1204.6873304883575 0.5842799443611795
1227.3044911020322 0.4021242913276498
1203.065070724991 0.5850678101777042
1200.2854796556417 0.6524427590042857
1213.8267489267223 0.47443714975846146
1201.9402266980408 0.6515445215530249
1274.62941886118 0.32628328796223155
1216.1988619286992 0.43985777315342167
1190.774488900476 1.1215997198252443
1194.5402219722037 1.1180639283294893
1190.4836897754965 1.1884373291175325
1214.814954629174 0.4403588555451887
1241.0814522294884 0.3540855203279538
1235.7874545917232 0.37275158328954755
1251.9115635656317 0.35102237615765325
1200.3179669346741 0.6524251002750586
1234.625392294182 0.37984671917106305
1192.1707405511675 1.1202861198458511
1280.1203383561258 0.26404642614639884
1185.8722658689085 1.2314805642883493
1233.9684699086024 0.39995264122445634
1270.9168802456238 0.3457731804593868
1245.6823194714261 0.3527777226287679
1242.7036381943833 0.35362330830587985
1258.5376697907536 0.3491742697341069
1248.0797988245229 0.3521000597845879
1230.400951026353 0.4011122945865442
1262.5674573956524 0.34805979609875237
1250.1647588525725 0.35151284554316387
1263.5595907856502 0.34778650329329736
1259.5298031807515 0.3488992246728019
1231.5034942746656 0.40075318585947384
1267.9148340069687 0.3465918687876442
1265.1299261208894 0.3473548152714075
1235.0942491441897 0.3729607927715705

1175.2882337988235 1.2038027914750256
1173.828616927704 1.2052996802359561
1173.7854970033154 1.205343957858409
1330.7883422793218 0.24503720242489882
1301.5312161658003 0.31297139838006954
1290.2366836191736 0.3157111016376545
1273.9877204303273 0.3206941731668381
1263.6537154662005 0.33167101465244164
1257.014595435053 0.3334227872134976
1243.1886640240518 0.4054491769515451
1242.1735394734608 0.4125134365140571
1236.6895327516256 0.453112322769281
1227.7805375299047 0.46472013578790433
1227.2904040474152 0.46490572747654263
1226.9373408474464 0.4650395086390862
1225.394739611727 0.46562492858377463
1196.7964025734152 0.6385086545335518
1196.5901054944186 0.6386187360641774
1178.6582079975085 1.2003609248507152
1178.01683794226 1.2010144601210893
1176.9039842332504 1.2021501121491438
1176.812941873843 1.2022431146805381
1176.352252681847 1.2027139433866696
1176.0022872495265 1.2030718579160193
1175.1508823639508 1.2039434917401524
1175.028495958117 1.2040688898196783
1174.8918010677653 1.2042089793706652
1173.5960351612339 1.2055385449904
1173.1710278384876 1.2059752781668216
1187.7735960865073 0.7208801133908034
1182.9985510477966 1.04300631612777
1188.594362330332 0.6975287382751196
1183.4235583705429 1.0426317373737055
1186.9635142150798 0.9431109349047577
1185.1357967756976 0.9858901410570273
1187.5779833799077 0.9426229563495628
1181.0090139480087 1.0913936713052226
1189.1023890106317 0.688199682283343
1244.4964399110977 0.3826175661319928
1180.5579842194702 1.1984292813623938
1273.3292998877075 0.32085999958073597
1196.9081433954811 0.6384490447110709
1201.9223032944817 0.5967279659410816
1221.4428057843586 0.4678144477975104
1261.5987534417604 0.3322112587973085
1213.9981064150281 0.5259143518016419
1184.0680882470342 0.9984765223468636
1263.2455064046642 0.33177819185033675
1324.2923218679114 0.24979940642545537
1304.5805337212691 0.3127039690983841
1316.0634917766629 0.3092817243610179
1286.4608110007239 0.31758483051675235
1208.05663822461 0.5595027540161162
1217.883914806091 0.5197725383197064
1269.1198400050544 0.3265553393889681
1309.498207534857 0.3110672793707358
1291.3878239535902 0.31542967743930206
1208.1980877404837 0.5518537760573291
1236.6943255210342 0.4531105667469281
1289.2353986331973 0.3159562987415433

1258.2081355000662 0.3140361198709987
1243.2464551624828 0.3396920872227136
1230.543474690413 0.37089694099834697
1225.6386923177554 0.40044615518418164
1308.657580085123 0.1946910373850669
1306.4041030245937 0.23650632391012139
1288.576149515258 0.2695847395265609
1275.9401939991967 0.28109910370598307
1263.876155767998 0.29766899098174493
1257.8874383334878 0.3150501047903916
1252.300409991209 0.31645567317530826
1251.7600390489968 0.3165922835838112
1246.0142600053643 0.3329913883452958
1243.8867575859704 0.33457140682508413
1243.776727243188 0.3395472628133601
1242.2457758333396 0.3399657229690129
1234.9207610950975 0.34806114144192096
1234.0305908931336 0.3546218814288658
1233.013092808116 0.37015406664394407
1232.4054926155593 0.37033655989272957
1230.4075210005785 0.37093792319881014
1227.6028023649733 0.3998054590931889
1227.0158676958094 0.3999967033069279
1226.1722400203455 0.40027190794620304
1226.1502527698306 0.4002790855973059
1225.8232574710596 0.40038586231115025
1224.7515531928257 0.40073621519738634
1180.4820718933624 0.978301941331746
1176.6331713281218 1.030897298844242
1176.427446162867 1.0310775747446872
1174.8799901903644 1.0324356259196787
1173.9272624118412 1.0332735228932355
1173.3198203217069 1.0338084612941352
1173.0112272679792 1.034080433209343
1185.1195762278603 0.9744737373391883
1205.2855253247453 0.5709161083470261
1187.859417147606 0.7965524726041161
1185.5018740089556 0.8460049837380333
1215.0592115290233 0.4771942705276191
1192.8628339316974 0.6994017376802899
1254.4149026892887 0.3159222426422681
1269.4290377453972 0.29636689316760567
1209.4084176219353 0.5209132473148097
1190.241539323329 0.716519200829086
1180.7560636253115 0.9780749286137661
1212.2171676633982 0.5177615129088876
1241.6545873551295 0.34012759070618587
1223.6434551756593 0.40109911094417333
1179.3438002483274 0.9792461726575613
1231.9201519024784 0.37048246172717936
1218.3824714161851 0.45397961739342585
1224.688740164674 0.40075676854644643
1230.5055650760112 0.3709083676512733
1264.4618447403243 0.297531113001364
1225.0540916392113 0.40063724968004
1243.1236224676059 0.33972565210214134
1290.5082629950348 0.24167605675094941
1202.6937478182117 0.5978817681618398
1253.0147617943394 0.31627525975350634
1269.929066894309 0.2962501999685763

1240.415518260587 0.3414468695497963
1240.0811862313033 0.3415389253168353
1238.4802271847652 0.3528339689459216
1231.2373878332419 0.3838710123327462
1223.391078283519 0.4011818548425532
1223.094103572505 0.4012792642447062
1223.0866080673454 0.40128172342525464
1222.4950226468777 0.40147591024211754
1218.849265718493 0.4307909153181215
1218.4042389638762 0.4468758808327688
1215.8007960826296 0.4478327940331084
1347.2335674723095 0.2186047625511892
1336.546430864768 0.2190127423420688
1335.5620359122886 0.21917416879197751
1307.5165987624528 0.22387532163511603
1276.8249915208128 0.23968115582244717
1275.3702514065023 0.23995454607256056
1274.3687338728685 0.24014312468311427
1259.321848768704 0.3005525675767732
1251.1921023116151 0.32702424065811403
1243.2481346161526 0.32889380742119884
1242.6058571564213 0.33940369602724074
1240.5076894254726 0.34142149965005186
1240.4448763973212 0.3414387883814393
1240.0183732031517 0.34155622594285373
1238.4727316796057 0.35283610437350676
1233.0864712320686 0.36867960691096846
1232.8641741181402 0.37019877786181465
1232.8560209478087 0.37020122607445355
1232.4988226436033 0.37030851644077206
1231.339427503509 0.38383920138716243
1230.8858194306758 0.38398065444289714
1230.5023932944223 0.3841003033111411
1226.145615969182 0.4002805992954341
1225.9763161422304 0.4003358755966974
1225.9087103446702 0.400357953118403
1225.5481516395416 0.4004757392249474
1224.7465652960716 0.4007378472336979
1224.1538925214531 0.4009318640262479
1223.5871701559772 0.40111756150650724
1223.5494300544842 0.4011299338856773
1223.3835827783594 0.40118431282932465
1222.6492427488313 0.401425269671098
1222.2316831434246 0.4015624114090482
1222.224187638265 0.4015648740612826
1222.1371666775003 0.4015934670556723
1222.1296711723407 0.40159593008883093
1220.7690267261337 0.40809729424637947
1219.43593483398 0.4101843216123325
1218.4125699395956 0.44687282528967553
1217.9482657245821 0.4470431814059376
1216.960191222724 0.4474061447731558
1216.8833870504122 0.44743438302425054
1216.292948732192 0.4476515859644651
1215.9190274518032 0.44778924846534934
1215.3640102241297 0.47223452491863105
1214.9557983472928 0.4845750577635432
1214.8612818813685 0.4846127578060237
1257.087020046091 0.30251158751611196
1226.3816961550813 0.39874317146910276

1248.846847358593 0.3307540109638404
1219.9411789618975 0.41004242544868647
1219.8138021961042 0.4199672086775355
1216.14340966095 0.42123469448183654
1211.8454402273132 0.43628851298075444
1209.8151763066262 0.43702067508639036
1208.3169794179555 0.4375625387089761
1206.711913722457 0.4381445472335712
1204.2571255581227 0.4390376721534825
1204.1646467319058 0.4399888584098123
1496.3705836641789 0.1910012428670329
1305.8032349874236 0.19403064474058443
1293.0488077440646 0.22522296678950562
1271.5651794417752 0.2398364196987168
1250.7107777794968 0.33026108927976733
1248.8612028084726 0.330600776184323
1237.5970709006092 0.3784923621762063
1224.9059287777418 0.4013350851547305
1220.886047540172 0.4026565183728776
1219.9486744670571 0.4100399061007992
1213.2518331819547 0.43578277041843916
1212.9880729989757 0.4358775299184072
1212.7623453506192 0.43595865843478737
1212.6940155197801 0.4359832227362537
1212.5146553157913 0.43604771518541535
1212.494704698913 0.4360548899968785
1212.3832208624196 0.43609498711404576
1212.1613723981166 0.436174800747267
1212.0215612961176 0.43622511509934125
1211.5396508953445 0.4363986310217376
1211.4238841552203 0.4364403343821953
1209.9623118228649 0.4369675318917574
1209.664108997699 0.437075251837771
1209.4639875907858 0.437147571572151
1208.5282601380816 0.43748604192248963
1208.4439376499945 0.43751656871021133
1208.0876269693197 0.4376456088749507
1207.5735940542397 0.43783190331630784
1207.2685701490452 0.437942524266998
1204.249630052963 0.43904040481708867
1204.1653075648758 0.43907114891764737
1204.0878197489783 0.44001693195723873
1201.106643951175 0.49459529373471844
1199.09423001842 0.7742755440691749
1175.8014586470401 1.2032773443424387
1174.3188203941072 1.2047965442297495
1173.9535167073902 1.2051714454614315
1173.893813071361 1.2052327398617695
1173.2712594358986 1.205872252692025
1172.9059557491814 1.2062478237917018
1172.8462521131523 1.20630922773182
1199.156666604563 0.6878956167820415
1189.919273754899 1.1890010422053232
1213.6595233937846 0.43187087586119977
1201.022321463088 0.4946300187394237
1269.516946498796 0.31248182266438096
1197.1185843389455 0.7988519392742481
1181.1894272606996 1.1977886221991327
1204.0803242438185 0.4400196711010628
1245.743584774424 0.33157794982199135

1318.097821266908 0.17231574473023703
1313.544481833933 0.1799836602398402
1312.849301723411 0.18007896520793779
1312.6597125518208 0.18010497425011995
1312.605514989023 0.1801124107956324
1312.3536611820475 0.1801469761705646
1307.2178782697802 0.18085473558641502
1304.0030471112134 0.1813006068138064
1302.5246609216997 0.18150638588371998
1299.4184415218917 0.18194027125813464
1298.702548644039 0.18204056346478678
1298.6203468378683 0.18205208651164922
1295.4050567018996 0.19810741119772843
1295.322854895729 0.19811998318852952
1292.1398092342613 0.20461468149718598
1281.7664578114025 0.23328314520450205
1269.547080436053 0.23552849303798545
1265.0982539324255 0.24142019372602458
1255.1686070842698 0.27978801478869875
1252.2318240406576 0.2964402201691062
1251.7957901376485 0.30488426830962867
1250.7045450946616 0.3051502811323872
1249.857749186844 0.30535702466740183
1248.7038357101458 0.30563920173444653
1247.635440438448 0.3059009316175475
1245.6973994876437 0.30637684858791914
1242.6064025872006 0.30713896432093085
1241.3901932349647 0.30743987315916627
1239.9238884548092 0.30780344431044515
1238.149363946289 0.3184712987401465
1237.994417713868 0.3185111583123449
1235.9393534061173 0.35273675625626816
1235.4964019783824 0.3575239930307994
1232.8513736039085 0.3690741401453566
1231.3607589491912 0.381479936026353
1230.971670993315 0.39073929101821714
1229.6469516413777 0.405165359778753
1228.7143543129384 0.40733526283784793
1226.7926969359603 0.4079733158802981
1226.7032566050789 0.4080030616791836
1224.2597614884335 0.4199236551361007
1224.1946036142074 0.42761378287253254
1222.340000480793 0.439386287469881
1221.2712138490892 0.46462581105784234
1221.1529075355058 0.4663985002973501
1219.1593344106411 0.47066226833258706
1218.1789247360364 0.47548760123672656
1212.8962161571887 0.5011187574354701
1207.732321430367 0.5032613882677457
1202.7252472926668 0.5237285770891507
1202.4447256270219 0.556797576413722
1200.862006544007 0.5780658939954851
1200.2983773552655 0.5836661786489621
1197.1414131804627 0.5852053562229327
1196.247012851726 0.709051455464431
1186.4326930943132 0.7609170243554894
1186.0161667924806 1.2168211273131313
1185.8734576525344 1.2227761172284437
1183.5535883241726 1.225172866169764
1182.5400407026168 1.2262229541175371