

1345.9807580723773 0.12994785833627787
1268.6816406673158 0.1922787708248153
1258.586909697866 0.1952361577168597
1363.5040003689296 0.12827781717253464
1356.6432636145726 0.12892653622687136
1353.5095096742155 0.12922503729984483
1349.2620977593142 0.12963183147574467
1344.565874906526 0.13008460212892484
1341.757081855292 0.13035691723832382
1329.2360086728766 0.1315848470340301
1277.7745684440463 0.19091047236334446
1277.7014513409902 0.19092139731037933
1252.3657588255637 0.214906550275105
1249.6163503748535 0.2338274376473811
1236.1545737520094 0.3651505123681948
1196.618657613321 0.697232810190884
1196.5540273550346 0.6972704702844345
1322.8488091798968 0.16875322833996273
1207.7112224178861 0.5324052343746151
1206.2583963608006 0.5615403669739457
1214.6706838509717 0.3958492925230167
1297.6149193684294 0.1723923422959932
1213.9260197893507 0.47733820149843786
1233.733953136169 0.38686504890866164
1199.2615022528946 0.6542976229257486
1238.084673316639 0.3427759835633931
1221.6596405496946 0.3935846899505534
1211.5218085743622 0.49504674088035056
1199.326132511181 0.6542623636053523
1208.1467336218138 0.5189533298479614
1243.1316352667748 0.2772259607745113
1292.288841156839 0.17448111763692822
1206.2214466417831 0.5615575684246698
1209.3061287619084 0.5059923364179225
1236.837949300853 0.3431214993611455
1254.9461474722991 0.2033748656000074
1272.5873695226442 0.19168864337151575
1227.5950834206626 0.3887996559829387
1258.975440891466 0.19517590607498664
1280.3913444538277 0.190520302634175
1239.0288834986893 0.32129556183769253
1212.7533924425431 0.48414860628314665
1230.176788292394 0.38798370336902865
1253.287573834729 0.20820542675675546
1208.5120850963513 0.5170149706402085
1327.4225793801352 0.1635553944187429
1217.2604988762007 0.39500709280779644
1269.4986364437475 0.19215502831800851
1250.880672501792 0.23112847588611973
1213.1139511476717 0.4778418709330971
1216.1737814730736 0.39536005312370864
1328.5024400670427 0.1634224499579442
1220.283975073043 0.3940283906638003
1243.124139761615 0.27736741028733725
1204.4249978620978 0.5623951543352165
1245.6379473630134 0.2525905964575428
1261.2980195208147 0.1946787414604066
1283.7381933328147 0.17564329119895508
1262.2729224132172 0.19466604094808293
1245.315073959451 0.25576733117396705

1248.0448209348192 0.376352950650787
1245.7494542343989 0.42241047972457657
1243.7867267865577 0.4230770543269228
1242.0394449405453 0.42367223257146325
1389.2517635596605 0.25846647952751517
1268.1792577073566 0.28508947198622375
1264.006840816322 0.30039873973124015
1254.3301106197946 0.31728079828497424
1251.516282135097 0.3259305290926232
1246.7827164064731 0.42206041009011364
1244.1087817616526 0.4229675349085311
1243.4366926084328 0.4231961528141036
1242.421094589282 0.4235420880017643
1239.0157170817472 0.4580418534676324
1232.6576701328304 0.5953248258400484
1232.5862561396364 0.5953593179681644
1231.6959829029602 0.8678519276070832
1228.369141764376 0.8702023655957937
1279.471670265251 0.2825733178513586
1237.7281421819384 0.45851834194154484
1266.342543721005 0.28550296817898374
1275.9688925327052 0.28334903545025447
1270.81725335273 0.2844976758143845
1271.7920836375374 0.28427960797616675
1267.3173740058126 0.28528335709695185
1250.4984230725374 0.3600429376614448
1259.7591587505563 0.31045123875634745
1247.965018916152 0.42166055666912666
1241.9657332081406 0.4569538759025813
1265.304091318409 0.2891025236889358
1265.8761952102916 0.28560814740940005
1250.7069223982899 0.3342202422223851
1242.102257968697 0.4236508074949844
1272.835073664985 0.28404666279555346
1251.7889651874725 0.3179248818116289
1271.9991094986424 0.2842333396806968
1249.6099555982867 0.364574736961208
1251.6259549031759 0.3259019696790165
1250.1640910432534 0.36013922413042926
1249.782441394517 0.36452442103284527
1250.5329609872585 0.33498646147142597
1246.9606091506782 0.42200019849720505
1240.5027925386441 0.4574927674013855
1256.2134589670236 0.3113274965946936
1244.6577098986152 0.42278099464200924
1276.9787613484343 0.2831249554862573
1249.7196283663652 0.36454274264851066
1258.1501071863288 0.3108482756826125
1251.428651437493 0.32595335222329236
1269.8678768491309 0.284710371492156
1254.468306780268 0.31724584563780256
1247.930766669177 0.421672130084826
1251.7421054475453 0.31916340899996337
1265.3669043465604 0.28908817259053365
1242.149117708624 0.42363482538271136
1272.7398735126937 0.28406790930956527
1250.5957740154101 0.3349696362794079
1247.7458787463984 0.4217346124264254
1252.3834137105907 0.3177739775642663
1250.6426337553373 0.33495708545984054

1283.387210660055 0.24600034030100792
1236.0443070337992 0.33837150303368096
1225.740691652312 0.3855924386848523
1320.3104039738982 0.2230624504903152
1314.3931579031016 0.22406665185941835
1310.243361663155 0.2247763146416082
1306.9710427874575 0.2253390966414624
1306.936106515469 0.22534512027791306
1305.721115826807 0.22555480687909796
1285.3453717534028 0.24562557075975175
1275.11569158514 0.2478160119098188
1264.639382608452 0.27999007745950144
1263.16211904274 0.2836236373374365
1256.5893843838808 0.2836818965309571
1255.2269096454793 0.3239840233202187
1246.1073902577214 0.33188369102107546
1245.6004366813809 0.3320187661375714
1245.3739269798425 0.3320791540018054
1235.1369709542773 0.3419062098184991
1235.0424544883526 0.34193237553167954
1230.4847543288595 0.3519739134402535
1228.8745574006323 0.37140065092856817
1228.842634702663 0.37141029912148593
1225.562062735761 0.4004711935093845
1222.0080761560416 0.4016358905969632
1212.4061613353724 0.4263372702573554
1212.327614387758 0.42636489273401557
1195.4921399814505 0.5289810136390911
1194.8749667821446 0.5292542413103
1179.6767007082174 0.6267846239725557
1179.6169970721883 0.6276493274119016
1253.9535580110874 0.32431301922519146
1186.8252184689682 0.5553600953091471
1201.5950418702257 0.4709287082001673
1192.0256698170824 0.530519316838198
1195.9537290936732 0.49850362899981643
1225.680988016283 0.385611221117508
1184.7961282528881 0.5750064788380017
1221.3256757101024 0.4018602996274941
1240.3222085698585 0.333431681888714
1208.4508544395947 0.42773268881226056
1196.3938445571987 0.4923334206564243
1233.9828380095469 0.34832569502377475
1237.1172481627877 0.3380780363448755
1180.11972541495 0.6043642527989933
1230.9609203003065 0.35031157869684687
1265.808632226438 0.27973144571788217
1243.0839140608794 0.3326909112164074
1246.11446768645 0.3318818060552634
1228.0086393401202 0.38367115576981764
1271.4536719168884 0.248309236532664
1222.7010687084728 0.40140825467834346
1196.2564199011542 0.4923899793923837
1233.3774093454685 0.34849667785401345
1236.0488920407229 0.33837024787646663
1265.2178422471125 0.2798620655443769
1222.8050271975205 0.40137412839106174
1218.665386437497 0.42414754617586076
1268.4746159335075 0.27914352738883463
1205.817750995918 0.43603059675356687

1281.075201248507 0.15448026429093967
1243.6505106914476 0.18847900474206625
1184.1052031240954 0.4343603757973648
1174.0852929462517 0.6170054153634678
1167.0431311093998 1.2321418719740336
1166.8403361241296 1.2323560162618525
1166.7658568308566 1.2324346824352022
1166.4912748238082 1.2327247869528808
1259.326369210198 0.16992689300898364
1169.5296934045007 0.6665910869808936
1169.1479704872647 1.2299236234745161
1169.2551113974525 0.6667476258890921
1196.4237235633734 0.3314865570537896
1250.893936499288 0.1803656769799628
1167.8458929760827 1.2308134988717627
1175.3576602113842 0.5940960838483192
1172.0924706467222 0.6291804412170217
1182.4261507805652 0.49575480435040453
1179.0222582080078 0.5549515308453071
1194.780474262278 0.37162149551054646
1182.1505498533186 0.5438309436023322
1206.1764408904082 0.2911901961638786
1184.3797851311438 0.4342596753757044
1245.5745889830364 0.18819380941755015
1183.507324748254 0.49530191557007164
1187.5403132029105 0.3871309583866313
1230.9648488350178 0.19169180405446587
1201.384552024776 0.3061397714209912
1192.2684041643918 0.37240448971163664
1232.9152621824737 0.19012013046797252
1180.6632483839217 0.5492219374681095
1238.593538340328 0.1892485333131779
1189.685432168632 0.38398921913685496
1185.9691882197556 0.42650131333430535
1238.2454350442108 0.18930173604372488
1221.063713235321 0.21167588681278715
1203.66158863759 0.29798355720998715
1241.7295436763593 0.1887705834944524
1185.6077309803418 0.43380990826309396
1249.9962868655243 0.1875221654376831
1167.6997401695112 1.231449026468764
1186.6683985351328 0.40606542755697245
1173.179193478573 0.6174819566126848
1242.6023467134867 0.188637991165917
1236.7561306663029 0.18952969359917568
1199.7611591496661 0.307403352610732
1168.560648127252 1.2300606664964322
1169.7076284097034 0.6645013344773818
1221.4723106982797 0.2084251792512019
1203.6455567483454 0.29814735950977267
1170.4830572466506 0.6586378354172662
1207.5649819018543 0.2518386227178835
1218.330805335404 0.23204945831020155
1212.8429732324926 0.2425414091124589
1199.8428642636043 0.30653313287928297
1198.53547485451 0.3284768366937236
1167.5384945294113 1.231619098622662
1167.114918131178 1.2320660852678376
1195.5518088955955 0.3502397544233715
1215.4180847856808 0.2420275355799269

1340.4352707341636 0.19360616932017333
1259.4809459803218 0.33627820810056375
1217.6106956432518 0.44716711954449484
1212.6347700918268 0.4970758504586286
1180.2609602206362 0.978485217730754
1412.3407253468013 0.16896068691313576
1353.9955444981697 0.19166720233534837
1345.5885427058427 0.1928647054816841
1341.2364075188702 0.19349052600545338
1331.5815794040013 0.19439538191020442
1331.580343117405 0.19489363847240976
1327.5362870215145 0.19548734036547283
1310.4097017172608 0.23609160505306415
1304.2236630483999 0.24029524558760218
1300.5678703900937 0.27321063960575676
1300.4101903237397 0.27753232252488746
1259.259061729303 0.33633746106971524
1258.530082011403 0.33653227817499887
1256.1569819790452 0.33716804645212
1253.4416047469226 0.33789846614879204
1220.2145404030864 0.44621289901815064
1216.6307894478498 0.4611400961473544
1216.3280986403688 0.46843656936508477
1214.269156954772 0.47650210291103506
1213.673670913103 0.49400264919606796
1212.694473727856 0.4970513783130903
1210.3357264996635 0.528320804162739
1209.7212573348356 0.5369675119519967
1209.125771293167 0.5439285802330521
1201.0950819166296 0.7286494528841476
1200.6703983272942 0.7289071801217386
1200.6564452719629 0.7289156508897552
1194.6412016848658 0.8406444579430365
1184.0369976324616 0.9730643745205813
1184.0369976324614 0.9730643745205814
1176.8692515140212 1.0193582115509683
1176.7705959841662 1.0307769094436279
1176.6928749641509 1.0308449926576209
1176.6331713281218 1.030897298844242
1176.004035145256 1.0783058693109453
1237.278624075904 0.3767264415941815
1304.5958682921214 0.240226688609443
1261.5483307536663 0.2903458473477248
1282.491087831617 0.28110754088492634
1198.5280137961563 0.8379182579520382
1203.8569376725266 0.7269778051804181
1204.7793375691526 0.6781799732197
1185.590632634492 0.916082348602545
1194.4051214989665 0.8424289852832774
1189.713524931682 0.8640555682275836
1299.85666029257 0.2776505066907502
1220.7536817450398 0.4097415466849637
1259.5134332593543 0.3362695343034524
1179.3438002483274 0.9792461726575613
1208.511877794637 0.546863896991421
1228.5409552575425 0.39950015494658464
1232.5711749747552 0.39819388279436735
1333.2823664475532 0.19414740357103222
1325.672606601048 0.19576216382254213
1249.0976070768854 0.37316184953668685

1240.4152964246637 0.1889705900739211
1203.315723221246 0.3466803448163524
1191.6867185516892 0.5449806445130558
1189.837377033476 0.5458276975238071
1189.5779226117493 0.5459467459753053
1171.4569152884558 1.2077398990695245
1276.692450794937 0.1266831370480387
1248.0478758992942 0.18724899603534498
1244.3681447314193 0.1883703078502376
1241.9927139710192 0.18873058421786845
1241.5478210165318 0.18879821343503875
1241.2015096153068 0.188850890597721
1235.8294067661654 0.18967181814798673
1235.318678054368 0.18975023584300577
1234.5001114382328 0.18987605455053422
1234.0097285112006 0.18995150936523503
1233.2212888586137 0.19007295172388172
1232.9935809663834 0.1901080541865994
1230.1679128440696 0.19054472812590598
1229.3345170612931 0.1906739030336683
1229.1565820560909 0.1907015053444101
1228.5919395160643 0.19078914891336185
1203.3791568671727 0.3466620702782591
1200.5081860158434 0.5409760662184916
1195.0340018645823 0.5434541568864427
1192.5057260272022 0.5446063543003345
1190.7837292214808 0.5453939115867394
1190.6971149856033 0.5454335848809045
1185.3084391641676 0.5616392544010926
1185.2456261360162 0.562143366638915
1184.911953862094 0.5623016667175035
1176.519459522967 1.095558388893878
1175.7795000363283 1.09624786240741
1173.2530484472804 1.205890969989114
1172.9295626821872 1.206223546279675
1172.82522440105 1.206330855782291
1172.6417642829572 1.2065195865677718
1172.6229304117844 1.2065389648639586
1172.5774366049684 1.206585776314418
1172.5597856101629 1.2066039395155883
1172.4636216561096 1.2067029036144796
1172.3792314140742 1.2067897645442642
1172.3455143640529 1.2068244722224684
1172.2867833309488 1.2068849335780314
1172.1826730261125 1.206992126050014
1172.0213744694086 1.207158237429999
1172.013043493689 1.2071668182269633
1172.0121869773502 1.2071677004346015
1171.924750146524 1.2072577667276707
1171.9004246215407 1.2072828261767066
1171.8962572684752 1.207287119367128
1171.89582994078 1.2072875596001325
1171.7854662935688 1.2074012669827063
1171.7500952312087 1.2074377142300177
1171.7189203366 1.2074698394631553
1171.6396663024234 1.207551517182574
1171.6264019173288 1.2075651882882432
1171.561945282408 1.207631625738519
1171.488837986425 1.207706988541679
1168.681473413446 1.2106080988025172

1419.0525881052483 0.2171944556169693
1198.0715954144364 0.638778808108419
1195.4456846823748 0.6413274844997643
1219.0632422794772 0.5505643838368273
1220.2895945307964 0.4874314263161101
1306.8094245690725 0.2355522228340826
1223.3719101771467 0.4011881406632462
1283.4164934445696 0.24604179444092347
1201.5010396843713 0.5983739584925476
1253.3368387277976 0.2765178822956101
1216.680149895794 0.5683587229432202
1210.7886479758065 0.5784567618789981
1271.0100817996888 0.24844342431576844
1216.1800772936008 0.5685924224017691
1261.796892458751 0.2541837498993857
1263.5847191361072 0.24990338382539903
1222.8177667329041 0.41619351472702126
1296.2154376129743 0.23747739445584604
1201.359004078653 0.6370308485216808
1228.203348968526 0.39960996881811195
1256.2821576749498 0.275869593730039
1219.3142219259876 0.48782133996708077
1226.5248989646411 0.4001568189915421
1252.847704346392 0.32540690877511413
1239.8614290917176 0.34159946080533726
1290.2158984874875 0.23858167081852824
1248.0239132594884 0.32666465306149295
1236.5545027538801 0.35852141975509094
1289.9386994000695 0.23863294040324287
1230.0042152821873 0.384255872148406
1198.7392874889906 0.6384230113542636
1234.1808986718165 0.3680277949603172
1260.2857632451658 0.25448852561081053
1209.1818752100583 0.5812534822020479
1237.738728242599 0.34434801545354327
1209.050943750417 0.5813164277439539
1231.3671977998993 0.38383054488859086
1212.9299091729415 0.5774355758986174
1256.49854926775 0.2758220840366715
1296.6527203007715 0.23739730766644368
1223.2578821964298 0.4071481840971113
1210.2368476535166 0.580746799227078
1250.0207407761739 0.32614282734557987
1230.4895559952681 0.3841043105052491
1242.269339621347 0.34093733310697544
1252.1303897954483 0.3255933263499484
1245.8059084901959 0.3319640060052154
1250.7803045593705 0.3259447699578052
1241.0173917898542 0.3412812732948262
1276.8637585722083 0.24730445589220798
1247.550033216216 0.32971345129387086
1317.218882083737 0.22538174505401198
1243.8436505884486 0.3405058147386092
1210.1404141476153 0.5807930776995888
1244.8013532089985 0.3394988749889143
1240.578743642661 0.3414019447144919
1277.9206990440307 0.24709991574469334
1244.1176646413026 0.34043081911643563
1283.3856392817922 0.2460477095870365
1244.0314956421255 0.3404543993739091