

1346.5469847437614 0.2172611393074499
1321.0276427964918 0.24642809288194167
1316.0398765051173 0.24736205070257272
1315.906944188004 0.24738703910369864
1315.2285147686546 0.2475146478373971
1315.0412232822594 0.24754989949755596
1314.9794707235344 0.24756152465220393
1314.9549935640039 0.24756613287298881
1314.032049436215 0.2477400172989224
1313.7336646013662 0.2477962858304665
1311.9015182622666 0.24814234767398669
1311.3736034595238 0.24824224141759937
1311.222912123957 0.24827077047589863
1310.1890755108486 0.24846667457652055
1309.9356751959003 0.24851473917601505
1308.5211219292933 0.24878339157314497
1308.2234505434253 0.2488399994079302
1308.035477071745 0.24887575938493509
1307.836144152151 0.24891369160752747
1306.072283493725 0.24924985146140297
1303.6573796522644 0.24971156359004384
1302.201335277393 0.2499907762645019
1301.8039879103958 0.2500670805143312
1301.278391149604 0.2501680846102978
1300.1462060094436 0.25038593440798135
1299.3621176712622 0.2505370275394063
1299.3334453112432 0.25054255613399273
1299.0271950784659 0.2506016224233109
1298.7875820377017 0.2506478558625582
1298.1619236863337 0.250768657375383
1297.7784081916573 0.2508427637598595
1297.7539310321267 0.2508474949482603
1297.7051182482255 0.2508569305005987
1296.0971177376725 0.25116815569105727
1295.8224408237186 0.2512213960824221
1452.6396601146125 0.1907428403897879
1359.9936477903848 0.21511301358778986
1353.7726050526635 0.21610153060015594
1352.7680274814825 0.21626200951917868
1350.0796499219448 0.21669264628450252
1349.0789306701788 0.216853384472553
1341.2171854759179 0.21812450302941175
1334.0441059819746 0.21929734611067941
1331.4064340787031 0.21973179980828259
1330.2933434992037 0.21991565504410573
1325.599669116719 0.2206943309146841
1325.0119799378438 0.24568707874923312
1324.2891183163026 0.2458211867455007
1324.0123440262173 0.245872573716896
1323.5651486716122 0.24595564712881027
1323.4488531900363 0.2459772600006339
1323.011035383835 0.24605866009592312
1322.9471345266873 0.24607054519615001
1322.71909695774 0.24611296790634232
1320.8989395332123 0.24645210387836874
1320.8402985057678 0.24646304555284948
1318.9521004619417 0.24681587947329686
1318.7171759085131 0.24685984880297848
1318.541206240206 0.24689279418648766
1317.5894594694955 0.247071134577639

1289.0281023662185 0.2710187456409955
1264.6619245398838 0.3349005670469274
1262.7988191656632 0.33539467191685984
1253.0579806314342 0.36423279495667227
1253.0559422644758 0.3642333874602225
1253.0504875962185 0.3642349730087031
1252.781152771286 0.3643132797125297
1252.5079455031282 0.36439274670214944
1252.0879667315498 0.3645149723142456
1251.8806454651524 0.3645753388563395
1251.514189166237 0.36468209028633497
1251.2669093832728 0.3647541600481585
1250.9787982301705 0.3648381660615291
1250.4678072625352 0.36498725347219513
1249.9350108124984 0.3651428326913357
1249.761797008765 0.36519344055845715
1249.7570042393565 0.3651948410610701
1249.7324519606539 0.3652020156891311
1249.724956455494 0.3652042060699655
1249.5504983826586 0.36525519466311546
1249.521739658519 0.36526360129827073
1249.447757368076 0.3652852292836588
1249.2651564037556 0.36533862181988486
1249.0309025245494 0.36540714053244205
1248.2417606723473 0.36563815192524496
1248.2369679029387 0.3656395558408429
1248.1164807215227 0.3656748529306401
1247.87640919781 0.36574520294165036
1247.8210982399921 0.3657614149751867
1247.678100140688 0.3658033353929085
1247.6733073712799 0.3658047405772824
1247.4756280523256 0.36586270726645964
1247.3202441713106 0.3659082843086342
1247.2944777173893 0.3659158431963832
1247.235871351349 0.3659330372158457
1247.1346002076803 0.3659627520976066
1247.0355495787328 0.3659918201067574
1247.0247741351307 0.36599498261346797
1247.0007748610699 0.36600202640531615
1246.9523940636393 0.3660162270034969
1246.906464133061 0.36602970924966405
1246.7334119089726 0.36608051582520224
1246.6437630737107 0.3661068414627483
1246.636267568551 0.3661090427108514
1246.587042589102 0.36612349955139906
1246.5462114430493 0.36613549208079454
1246.4368045071722 0.3661676299013078
1246.4195297709152 0.3661727047971044
1246.107764349547 0.3662643180514878
1246.0300269918307 0.3662871685604598
1245.698824846988 0.36638455574059986
1245.6940320775795 0.3663859653938897
1245.3334733724507 0.36649204432943944
1245.2524849531746 0.3665158801472403
1245.1498466422852 0.366546092230512
1244.817236966069 0.3666440317299298
1358.1581610387111 0.23084161679796522
1255.3808254227579 0.3635588510557771
1254.983907319823 0.36367383507160755
1254.914051970628 0.36369407913748775

1295.2486749274717 0.185908087992709
1250.0902437157174 0.31896997113072945
1246.3889015743612 0.33924855565458145
1228.69981544052 0.5202816803938195
1327.5656249895549 0.169790858713096
1295.2561704326313 0.18590701216302793
1288.1229242374973 0.1869365105612073
1265.126992227973 0.2516762370171626
1260.4356254701247 0.26089481414516885
1246.8277039292211 0.3391291622013923
1245.7649663440404 0.33941846661806724
1245.2711713405686 0.3395530583011957
1242.7338727269157 0.3402463262027125
1236.262359583764 0.38394075269270167
1234.192623860976 0.3940202272887865
1233.3415325885126 0.3956634156640307
1229.8387575293027 0.519799852430442
1212.9964989711184 0.5871731786610572
1212.7810950602207 0.6043164481208861
1212.3673627882529 0.6045226770451732
1205.1695903587845 0.7017323586962813
1204.8557936963057 0.7077537141165673
1201.7164663224019 0.7096026282913958
1201.5695569558181 0.7096893875406168
1198.3137931406293 0.7623920426646102
1195.391925830346 0.810352634104148
1307.907301058681 0.17234287726852535
1230.018438545504 0.5197239201006661
1211.701296370874 0.64016079354102
1221.7713676576166 0.5508926791363836
1232.351719701032 0.4059675859293047
1198.460702507213 0.762298587341593
1272.7837031987503 0.2224303846438719
1214.5030645246813 0.58415770724269
1245.0440853379512 0.33961499004127954
1222.400503840482 0.5337042534439412
1248.0119669086332 0.32532851306466243
1282.8736775983148 0.18770141506189125
1290.787058703322 0.1865506808479722
1229.7279967274344 0.519846670465503
1213.4102312430862 0.5869729722617778
1223.8481390272093 0.5223442225316463
1277.318937690941 0.2118010700186441
1216.3455975265074 0.5728119640941981
1233.2307717866443 0.3956989515898213
1226.969962148104 0.5210152036303928
1301.4888040470596 0.17358724740483536
1299.7605969501838 0.1852627362268663
1245.6144294923056 0.3394594865245291
1237.4296520278106 0.3775196543308465
1296.1054317663934 0.1857851982787283
1229.5976748858736 0.519901767654452
1245.5205710485982 0.33948506710492854
1298.377854831517 0.18546003671797298
1202.3496336436945 0.70922894564305
1299.0337168989251 0.18536640080881905
1227.100283989665 0.520959870205974
1235.8584845244138 0.38406622344539904
1206.2572892057144 0.7010995969428497
1203.6171623339558 0.7084820569605863

1427.2089695119228 0.19713628055388438
1269.571086307917 0.20293897234795105
1197.9254978704378 0.22781519581629356
1180.4845873173408 0.3786164648436207
1164.9179573566348 1.2145192266116267
1163.8886249108193 1.2155933362981217
1162.641580682416 1.2168971763459089
1161.282762045811 1.2183210694889859
1161.2508393478417 1.2183545610432764
1160.7455030002493 1.2188849777817938
1160.241890957364 1.2194140443139432
1159.2055574182898 1.220504204436152
1158.6495203348416 1.2210899256454226
1175.921918091696 0.5332017298663134
1179.065674217589 0.3790721000753942
1169.7629503050223 1.0905444235573822
1173.7446723877495 0.5861308455084042
1173.1784528873902 1.0873694954075517
1179.3402562246374 0.3789838419348743
1184.694242327826 0.3736393794141272
1179.105229730519 0.3790593833212167
1216.9494150992316 0.21266954248451592
1187.2744008183865 0.3232746046881858
1185.0945044490484 0.36388632723290226
1178.7334173945244 0.4847010239159001
1234.5121347702843 0.20383831767621277
1165.4730322706362 1.0945585414823622
1197.11943164859 0.2843579937832983
1168.2171880653887 1.0919874107072032
1162.0085255595557 1.217560134469309
1169.0052640933084 1.0912512556807021
1165.2864696147135 1.0947337805792592
1198.2668081299541 0.22775030570744775
1182.0050326225467 0.37448945586698773
1197.0897734053501 0.2843650388343331
1164.9935003911082 1.214440472122633
1177.9887831831963 0.5023841957863564
1197.8833636710904 0.2841766487676707
1183.3358442252425 0.3740682948623692
1208.5694239891716 0.22580881698123273
1178.0832996491206 0.50234388999581
1180.5483689541945 0.374951533659722
1163.981836300311 1.2154959918719463
1164.4157165243978 1.215043078306932
1192.8863723096194 0.30924506591236467
1173.520008048766 1.0870530145116728
1170.7778681486589 1.0895990580658934
1163.9935625053663 1.2154837468254929
1210.7867527977214 0.21553232153605933
1192.244171394713 0.31831833774736795
1191.0731524578248 0.3186312965280203
1172.7760649119202 1.0877425797694649
1188.717540042062 0.3192627096374167
1188.653758405208 0.3228994649341151
1180.1041882471377 0.37873850945004145
1162.899611888619 1.2166271638331971
1183.139007864076 0.3741305278218939
1163.292541143702 1.216216219562267
1163.8378430447165 1.2156463764174206
1162.7889291008166 1.2167429713394768

1245.1970280831665 0.303592457128401
1224.2806218831197 0.36738382156517607
1215.2429319875212 0.41450826434123167
1201.1393685455853 0.536141593979622
1200.4477576385184 0.5364504798697152
1195.175313678243 0.6552323838828343
1190.5719258053082 0.697069676649608
1190.4715433035394 0.6971284547014168
1190.1162218102081 0.6973365896037304
1189.561539982169 0.6976617513723983
1189.5600401935717 0.6976626309792312
1298.492316831923 0.17525454380344513
1270.2174374823398 0.1851327652200057
1250.4642865565143 0.29501269119700735
1250.1535832879458 0.302388786800509
1249.0819983222173 0.3026482055401719
1242.849556357651 0.30416587706128273
1235.6538915800675 0.3413463460095058
1235.4438408844628 0.3414043818627341
1221.0457746451086 0.40731624000680217
1218.7409767230179 0.41331853782871425
1217.7035938368856 0.4136706510850394
1210.349517437925 0.4665907194561399
1210.264373493665 0.466623544824778
1207.1860645389586 0.4678134288689246
1201.9148470134194 0.5357956740811578
1201.7764288417602 0.5358573859402103
1201.4122294336821 0.5360198272222219
1201.3338112031838 0.5360548164366856
1201.306026817901 0.5360672145710662
1201.2758956840612 0.5360806605355173
1201.1170611405423 0.5361515513169076
1199.9345245625527 0.5366799291640315
1199.1728229733712 0.5370208224423769
1197.536432691446 0.5768298769007789
1197.382564402399 0.5769040017701969
1193.5240329631501 0.6561389199638245
1192.881331757233 0.656492434822246
1192.49437035005 0.6624975542682403
1191.3361704024505 0.6799067230595432
1190.7326885868638 0.6969755641244121
1190.6728587376847 0.697010586290725
1190.5400031073386 0.6970883676173145
1190.5155259478079 0.6971026998480241
1190.4864043606458 0.6971197523208287
1190.3370934220784 0.697207196125687
1190.3037366128779 0.6972267345062693
1190.2358039597643 0.69726652868969
1190.186923752165 0.6972951649752971
1190.1692466947989 0.6973055215919435
1190.1621478196162 0.6973096807603989
1190.0651520250544 0.6973665147130828
1190.0582086335644 0.6973705834961798
1190.0119139049225 0.6973977131253445
1189.98279231776 0.6974147800345644
1189.967931260654 0.6974234897826175
1189.8362380489912 0.6975006818669746
1189.804315351022 0.6975193959557648
1189.6585357767303 0.697604869289116
1188.6929965955064 0.6981715125151133

1293.9642125417736 0.17514737328837723
1311.7622300795188 0.14895909100448287
1287.2637046394873 0.18379660539009474
1229.7068737990662 0.23570037629078863
1213.3071015980938 0.26282794427700745
1211.8791273198588 0.2631376381528802
1208.951836798301 0.26377478538288895
1207.1184563952556 0.2641754084698581
1206.5958922124994 0.26428982010288476
1204.7728212637953 0.2646897453705899
1204.0796158162618 0.26484213095289444
1203.3595141772437 0.2650006149722863
1200.1977334103829 0.26569872814505896
1199.377169500716 0.2658805081494682
1197.3766626789647 0.29034357846175735
1197.294460872794 0.2903635123772139
1184.2232422745649 0.7343687038779885
1172.392624753502 1.1498211432525287
1170.2153790495554 1.1519604444352622
1183.4092514258061 0.7348738287144314
1282.1849863626574 0.1941831393307443
1186.2574840971681 0.5624268643483153
1185.5864971297526 0.7124722474390224
1238.95040594936 0.20426889501733536
1177.1406508780644 1.140975922136112
1214.5575163664146 0.2447270801627396
1196.6012554252604 0.29053172343969796
1290.7875718841237 0.1790150229423446
1310.8219696600963 0.15410882618299085
1305.2085597490247 0.1594782700051138
1185.2274202401134 0.7337465136903253
1187.065259126426 0.35900808134084167
1285.4497385034606 0.19368995799440047
1205.2317508347846 0.2645889564964136
1299.1442525121497 0.16833108384355608
1289.2593066617644 0.18325976254910017
1209.7267197168253 0.26360582608638067
1207.9141185677624 0.26400139412877627
1196.6834572314312 0.290511766422433
1201.262459509944 0.26546322892651875
1213.5166850874934 0.2627825519075821
1283.9923210988911 0.19390980908792554
1213.105575930372 0.26287160624511424
1283.9243618694186 0.19392007290221566
1303.0039034314273 0.16783246736144974
1174.9634051741177 1.1430901879199125
1297.6626204433396 0.1685232792016338
1203.059939985209 0.26506660282748823
1212.0528164518228 0.26309993010308447
1203.4773483151544 0.2649746683941851
1212.460200709564 0.2630115290407864
1234.1205578703539 0.2254692167203178
1187.1290407632798 0.3324323457428321
1202.3651121669795 0.2652197806330187
1288.7890812735293 0.18357906859423576
1210.2679322348968 0.26348794576491247
1209.998095338883 0.2635467051709777
1195.5460065187779 0.3082750428797887
1190.4340890308088 0.30959882602521643
1190.5162908369796 0.3095774490958258

1322.5260594839688 0.22519504795411277
1222.4186037908275 0.5402595300573447
1221.7178821741 0.5890799539414286
1221.6082094060214 0.5891328399884205
1299.2185821301705 0.24771164080376432
1249.4799797781602 0.34559422973762927
1268.405233374093 0.30438440632724045
1221.9986133782368 0.5889446238985035
1222.0281998186122 0.5404321279291393
1291.209266063265 0.24924818555820064
1234.4619319061746 0.3842975676046863
1246.3127406640508 0.36620407995265525
1225.1666550221705 0.5390477268624626
1275.7950769416675 0.27382985380124525
1225.1711859204001 0.5029849646030764
1232.612350839694 0.40588174564536744
1230.4335560749093 0.43500476123375126
1243.1145908908607 0.38020335852607473
1284.6344922148583 0.271945663545873
1285.26587534945 0.27181207102717214
1262.195353121313 0.3186880280467088
1227.599636585215 0.4794593920268255
1228.4894585425043 0.4567711886358665
1244.2739860309553 0.36891585830598433
1243.3590582213594 0.38012860353113503
1233.4914029253064 0.3956153421961315
1233.735870255805 0.39553695019267054
1230.0112118340337 0.43888546618916324
1228.5991313105828 0.4554806829914041
1232.7068673056185 0.4058506251014659
1288.566248910875 0.2711158853450992
1226.6929392119296 0.4849935305600409
1229.3685106281166 0.44643396692022425
1225.2808586884787 0.5016868275309163
1226.294705336511 0.49248843182322966
1225.3464724407165 0.49399840669870954
1229.463027094041 0.44639964676590316
1227.0207669868807 0.48112352010295134
1226.911094218802 0.482417978119366
1230.3334349475033 0.435103936322713
1226.0502380060125 0.4925866311697956
1225.736876412932 0.49384106547486734
1224.8596175037533 0.5391828508178932
1223.5417117445454 0.5397636174378934
1224.5983599824049 0.5392978808389691
1225.2657023863246 0.5029461645606245
1222.663071121326 0.5401515069983278
1223.297267726785 0.5398714751032117
1223.8695395194966 0.5396190354379412
1222.9072519042245 0.5400436536695842
1224.3267613231037 0.5394175160425985
1223.1522098808553 0.5399355003264217
1224.1222482155915 0.5395076360878908
1222.2323890526152 0.540341841971067
1226.144754471937 0.4925486604918883
1222.513120256752 0.5402177608357168
1224.4218405698573 0.5393756289989248
1224.0259262295651 0.5395500914361565
1222.970460076419 0.5400157419796718
1222.1378725866907 0.5403836303833565