

1350.2345949018656 0.3529284126435149
1322.1246732685886 0.3610235103738922
1312.3585849780732 0.36371011410980797
1310.350064057069 0.36426761350894454
1309.689215494357 0.36445141721289354
1305.00145866568 0.3657605802091614
1303.1595389229208 0.36627755577024057
1301.9216244806976 0.36662582579481373
1301.664916972845 0.3666981298116363
1301.348757643981 0.3667872181777918
1299.0311853719245 0.367441594990424
1296.9945832090195 0.36801856914034475
1296.4969646071663 0.3681598212148431
1293.9701850121146 0.3688787394207945
1290.9382273384952 0.36974510521656756
1290.49873254374 0.3698710263391777
1288.7478174211224 0.37037353952653757
1288.7392932334924 0.3703759893110368
1288.4662672270294 0.3704544719844474
1287.2119924880972 0.37081544724636717
1286.3753699215192 0.3710566152432489
1488.960526345289 0.23227495959076694
1351.0199811462712 0.2603945902344601
1336.4035938908874 0.3565810167328705
1336.0020803869704 0.3566881813066092
1333.4031656488398 0.35738339652372897
1332.6655386941354 0.35758120731629894
1322.3511582349392 0.3609616762709842
1321.4026538893208 0.36122077497760247
1321.269853308369 0.3612570812088003
1321.26670708059 0.36125794144168
1318.1065857032588 0.36212404662305375
1317.9213667020772 0.3621749390783352
1317.52039835475 0.36228516180198106
1317.0749437753584 0.3624076920992379
1316.7072827922934 0.36250888632067857
1314.5272656868192 0.3631100724608935
1314.2384540933951 0.3631898680248485
1314.2123365616842 0.36319708574958853
1313.88672863799 0.36328709339363047
1312.750605851724 0.3636015009763968
1312.5331521535034 0.3636617405908676
1311.9185418049574 0.3638321096054178
1311.4887851433296 0.36395133233502724
1311.050483738852 0.3640730060479029
1310.991598518306 0.36408935895152195
1309.8788773681636 0.3643986470370442
1309.4630167265032 0.3645143731425098
1308.8050419498668 0.3646976252354967
1308.169647507742 0.3648747634565006
1307.8909476352433 0.3649525150077574
1307.735123442573 0.3649960012076725
1307.6489702617814 0.3650200486142743
1307.2005918405443 0.36514525289748767
1307.1918685830528 0.36514768961403965
1307.1206080770824 0.3651675964297956
1304.2383683993314 0.36597458122717635
1303.995303562541 0.36604279892060854
1303.4575608557263 0.3661938102395903
1286.1403784953618 0.3711244112044512

1243.969147147848 0.2711783828421831
1241.544668895345 0.27435568380453523
1237.861091207564 0.2959478852719302
1235.5402521850042 0.303326933932417
1222.4150129597158 0.32867789098152034
1216.265290968957 0.35492809762914557
1208.0081607141199 0.4581986848284154
1190.2316179366162 0.680537686509157
1188.6400592491584 0.6982026063242786
1188.5918150064526 0.6982309459574242
1188.4268843104098 0.6983278469257848
1188.2099255973933 0.698455356642434
1406.9289211043113 0.20077172233127955
1242.601607411172 0.2714768270193453
1238.1670060185968 0.292662845883017
1222.2549807083496 0.33042304102328385
1215.8041174056852 0.37552511391769533
1214.0404305630066 0.37607065481224766
1192.1707393988058 0.559403476013851
1188.683441340451 0.6981771247804504
1188.623737704422 0.6982121936686271
1188.0882029635673 0.6985269151558577
1187.6520651867781 0.6987834330239554
1187.5934588207376 0.6988179171795851
1289.5398048073964 0.2555516119319046
1191.064435334356 0.5722965300748686
1258.1499706854238 0.26699753053113706
1202.1608711185568 0.49816868402161196
1190.7876550200644 0.6802199101291384
1209.0679496630678 0.45779705818473587
1194.5175328530406 0.5340135330247865
1268.0627949437853 0.2598798553848375
1209.9102650597843 0.40476802245780685
1209.3142295809682 0.4163321032625462
1244.010131641677 0.2711694487439186
1198.1033977722175 0.5324152566172577
1228.416600642527 0.32539413148453555
1218.0377251042737 0.34837966312081825
1218.0702123833064 0.3483703714501001
1216.8071898240003 0.3547700322171918
1202.710168004374 0.4882017572954944
1210.5218249814047 0.3838583711978787
1230.8614638330928 0.3124407299705301
1203.7284046196467 0.47637146715912526
1239.558030838043 0.2923344213379573
1189.1253138721663 0.6811708255062109
1207.1747352244479 0.45851502218383494
1189.6200580149957 0.6808875373471766
1190.2627592209128 0.6805198813502491
1208.9984637999312 0.45782336956947445
1230.743581885516 0.31801334109566054
1192.1110357627767 0.5602557422411293
1203.0592293046952 0.48806010812638484
1236.0182203429563 0.2981825383526478
1188.758369251228 0.6981331183997886
1215.0375147489785 0.3757620436803528
1242.2621779905076 0.27155100397148274
1212.6150713928741 0.3831659637505629
1189.9587393618383 0.6806937458310768
1207.7912020011033 0.4582809922643377

1222.7010687084726 0.4014082546783435
1184.462004955208 0.9727152206575239
1330.0856727707521 0.17718150232090077
1250.0072340557044 0.33882683564708993
1244.1492594713889 0.345420327050332
1237.9193583701556 0.3471586749171207
1227.673022098896 0.3849855246321436
1223.1008110194489 0.3998127730362193
1222.8647308335494 0.4013545321967578
1219.4359348339797 0.4101843216123326
1219.404231396207 0.4101949860440122
1219.0387275605744 0.41748372114939664
1218.8492657184934 0.4307909153181214
1216.1984322662674 0.4476863750619908
1215.990257924711 0.4477630177947307
1215.8957414587867 0.44779782421486236
1215.878517102645 0.44780416780025784
1215.8785171026448 0.4478041678002579
1215.8245109858788 0.4478240589637902
1215.8007960826296 0.4478327940331084
1215.7840006367205 0.44783898061844307
1212.781249612855 0.4844865451399381
1209.7999108361987 0.5314808678768367
1184.8875469831887 0.9708543637008119
1184.5397259752233 0.9726513980456889
1181.6303585237513 0.9773512455142163
1179.9582694131552 0.9787362253200398
1179.8465285910893 0.9788289194016451
1179.768807571074 0.9788934028678533
1178.4680808635828 0.9799738502839291
1178.3563400415167 0.9800667789506773
1178.2786190215015 0.9801314256212638
1174.278328118309 1.143423650594106
1174.2783281183088 1.1434236505941062
1174.1665872962426 1.1435324657316428
1209.6063479092682 0.5315659162006751
1262.8798621522178 0.2764557241324073
1250.5979396598536 0.3346092073226738
1260.6019004436241 0.27713013860786945
1257.2583515548047 0.2913365567306112
1232.1053706389757 0.3704267682003993
1243.8373086259267 0.3455069574820741
1240.2314244253275 0.34651149426016686
1209.6104489941174 0.5315641139701079
1211.6800013166217 0.49709216713831955
1218.9269867385085 0.429870781625317
1215.7062796167054 0.44786761130248226
1213.0946468491693 0.4751165597563581
1219.3414183680554 0.4102161167862456
1187.5917554885457 0.9428401048749857
1190.7963707157496 0.6769197038665267
1283.0266779642564 0.2541558579927044
1177.8572586851558 1.1399493468753896
1191.0990615232306 0.6694138463033716
1232.33084914122 0.37035899153722224
1213.797177650561 0.47484156816499007
1218.1826896083144 0.44695715358788113
1221.3256757101024 0.4018602996274941
1179.5743849280327 0.9790547483879602
1205.6168803302814 0.5721362859875454

1190.8827684681437 0.24268951822821205
1223.9170837697418 0.17130044865659222
1211.597569235546 0.22057640007378854
1202.0219976281053 0.22779101000148597
1201.6972956903683 0.2278525597633202
1186.761799528178 0.3219593532959739
1183.5646982543735 0.3683228402582515
1180.4416340058865 0.6161122282544046
1167.2349556706306 0.9986615662836335
1166.6065648388153 0.99919949380029
1164.9676042383362 1.0006052398454153
1164.7406004767531 1.0008002542144618
1164.0773307965314 1.0013704916437265
1161.6393718337424 1.003472090663499
1167.4993293484815 0.8942469291719828
1185.5857202136344 0.3326919830166696
1172.0437592509695 0.7267937313127759
1187.742209202783 0.3103004958219959
1167.487810036435 0.9984452762848643
1170.6731352965787 0.7953086871390576
1191.8631781427487 0.2297325816461425
1168.4958895926325 0.8533117168256872
1219.0725979447998 0.1926339014436396
1217.7471701196619 0.2194624932972484
1188.7786396194438 0.30310447571813964
1183.2157048666902 0.5471714926824305
1174.683896656688 0.7213192042711001
1212.9026842947198 0.22033905408951274
1196.9750956307175 0.2287514634875777
1210.4849161690656 0.2207791494056117
1201.393076828838 0.22791025698803777
1207.2082137223485 0.221378406079662
1178.08085450005 0.6529054652322408
1167.4993293484818 0.8942469291719827
1183.2427504754535 0.5471589858776251
1169.811537653422 0.7958944533658087
1204.6697792755554 0.22729034096660844
1169.6765750524282 0.8361182839675413
1167.6342919494755 0.8539413757601364
1182.5221322440607 0.5991279339980222
1187.967179023207 0.3102417330480277
1182.3330740187212 0.6098174617651224
1167.4858730779788 0.9984469327905793
1202.5549128375612 0.22769006384716803
1169.676575052428 0.8361182839675415
1161.8643416541668 1.0032777900657925
1176.8620732992667 0.6670446790743917
1163.816617537689 1.0015948144109486
1203.9498394735099 0.22742625639906025
1165.8834826291893 0.9998191984179461
1176.00047565611 0.6675333898659839
1163.9279852377315 1.0014989791769218
1167.2628402160108 0.9986377094256875
1165.1872414920797 1.0004166262225271
1167.1572178649476 0.9987280815376152
1166.1084524496134 0.9996263097161686
1166.4542918981695 0.9993299327264181
1166.8723844721137 0.9989718709286132
1166.634386497157 0.9991756650950387
1200.1967922658737 0.22813742433587023

1266.1280358544225 0.1748423445369452
1223.7903375662597 0.3091792106877651
1176.7977870143432 1.0307530923644663
1176.1686508314776 1.078154950426559
1285.996783384774 0.14915892219357507
1266.2831019470168 0.17482093374883179
1257.3618858583177 0.1963322654788367
1229.5098553854396 0.26590660618269985
1226.0389289496784 0.28333186012740336
1225.130295984468 0.2902580763634566
1224.2202718277895 0.30907062995381845
1222.8770361498277 0.3482337167699751
1208.509847540325 0.3921126088145039
1194.3485024512436 0.4572238264756473
1194.2063311351146 0.46557890964739834
1194.1089955817158 0.4715275580360858
1193.5771949522489 0.5086938429091619
1182.649542713045 1.0240184646583927
1180.9206793115334 1.0255176238119543
1180.194974952147 1.0261482167444975
1178.7030269657255 1.0274470678806342
1178.6043714358705 1.0291731368473847
1178.466946779826 1.0292931518929724
1178.3374897559313 1.0294062342902632
1176.8556321820786 1.0307024284734239
1176.847301206359 1.0307097248804404
1176.226495999213 1.0781019282797497
1176.2181650234934 1.0781095643129743
1175.6733576870479 1.0786091605624677
1183.6616204741217 0.5689855299660744
1182.7272637330605 1.023951172931865
1247.9290001734018 0.21411122421417011
1232.8146655885525 0.2521109827002468
1258.1454353854388 0.17949884991791096
1254.022543088249 0.20673050552895467
1237.7176955927464 0.23741523082164737
1228.6917732913626 0.28014769847682947
1206.5227758957656 0.4093986035200538
1229.925741060969 0.2653419068619962
1252.1842881184318 0.2119500410265917
1270.518800665169 0.17139569429167195
1276.0335702126968 0.15805907813079173
1182.589839077016 1.02407016273974
1192.9856244991786 0.5100655498232368
1189.5784576082533 0.5111854300200749
1262.1636842517469 0.17734001149050016
1242.7098990461677 0.21689455007374392
1224.8942157985684 0.3004242855920154
1223.3116388625788 0.30930019677394255
1196.5103304308168 0.43290961684824053
1217.1565777689734 0.37390435605981115
1211.8861826318298 0.37693066893062416
1254.3878945627862 0.20507307108056957
1266.3530056748466 0.17481128348945155
1223.3069704113573 0.34811132916859583
1204.5247036987437 0.4276926805417423
1222.3983374461468 0.34837008723424134
1206.6561194492006 0.3921490583034906
1257.8110845203983 0.196262149869218
1176.3024938699134 1.0311871005748616

1217.679480762647 0.3480187766937356
1313.093870604224 0.18370319491879336
1286.9099391964494 0.22115570306674112
1262.7048741933797 0.25831388355275625
1258.0537309395802 0.28375808794061175
1253.8326205694336 0.291798770943142
1252.8630176022489 0.29202459687155746
1251.6003973555428 0.292319192630176
1250.3985756096238 0.29260015549218266
1247.936824886701 0.2931773550987217
1231.6523275079321 0.29705364856562855
1226.4916600430706 0.3157958109321514
1226.2103449464098 0.31586826027124204
1225.706545084071 0.31599809100983123
1225.6268054273428 0.31758773665881707
1225.5485955411948 0.31760800390959476
1225.5175572949597 0.3176160478542718
1222.532292098294 0.3286463604770313
1219.2134000948947 0.3424448960560223
1204.4398374809346 0.4185728859085508
1204.407350201902 0.4185841763528823
1203.439374801817 0.43789712850304896
1185.4122997201005 0.5135593762216849
1184.56917329897 0.5178915180963903
1183.8834333021666 0.5260782138818
1177.6690855829966 0.646682951183069
1175.6701602046207 0.6477824695740586
1175.2143648285835 0.6480337056575735
1183.8509460231342 0.5260926505385299
1294.5076632473895 0.21985769607002886
1292.1563559442513 0.22025776608016537
1241.8324637230028 0.2946184999494329
1205.7198561201687 0.4051808950362596
1190.7911990362272 0.4815469467979577
1273.6893050078263 0.22583477762141282
1262.9252884831624 0.24578873008018645
1201.1615390004379 0.43879251663204893
1195.9739653432302 0.4583467400477557
1208.9045583205861 0.3738687701587607
1206.8715539773204 0.3850656824900509
1281.0539384990104 0.22216665811904665
1235.9139822392658 0.29602935390996327
1214.158973381855 0.3534065679590934
1195.9179757940753 0.45836819856569033
1202.887989013864 0.4381627378387203
1286.4813815560804 0.22122937530764508
1251.2437689427975 0.2924025091926798
1246.795063245275 0.29344583439259636
1266.2584346293322 0.22627466322387363
1227.9061458932267 0.30581745136775984
1263.5544246660281 0.23048020963618182
1218.5772995154334 0.34262365319921007
1222.4111619835041 0.3286789264193327
1229.0688145133633 0.300303811127858
1212.4000360893963 0.3539192865117818
1224.7324423359598 0.3178196556805764
1184.5659090807876 0.5179287683219316
1253.7992936420499 0.29180652717374383
1208.1345765366266 0.3785817192034836
1263.9474706501894 0.22757539188495485

1339.8539395949506 0.2475148444017833
1332.8068099883767 0.24882356309602943
1198.3046967152259 0.7346974709145866
1198.1152348731448 0.7473228678491771
1197.6902275503985 0.7969500429671321
1314.7280368453207 0.25224512605337984
1291.1082309710694 0.28435781041286884
1216.9984553288275 0.5790353356643455
1250.5160207568115 0.3448335376331684
1256.7075332718352 0.3244074598454501
1202.7249579050922 0.7176264216093653
1275.5372103134318 0.3103269127512034
1264.558821419235 0.3130210456573299
1220.5528081368311 0.5235900503340941
1228.007613672656 0.42757812326858674
1220.7417352736782 0.49586180888940573
1217.3719601707714 0.566139382844648
1224.7503788669721 0.4454412505392755
1246.6341368674919 0.3765022190899269
1212.8060149641997 0.6769047475093105
1205.0093088433193 0.7076903032967679
1217.423462651574 0.5424762382835732
1224.0741832175474 0.4654722479741969
1206.1949232323745 0.6861922250701769
1237.2898365987019 0.3805457327256025
1233.8830700703631 0.39631901824266735
1228.1970755147372 0.41437065301097725
1243.9365595016397 0.3785123637261931
1221.4699681091397 0.4869603945331769
1215.4892456230696 0.6025138471893181
1224.3102634034467 0.45448932005404
1199.3008492621998 0.7256620295608059
1230.4840236642651 0.39886930065296616
1205.1987706854009 0.6951433575532636
1214.8596683174628 0.6234801815885526
1228.1258450418293 0.4261891839165996
1217.6595428374735 0.5314183932804951
1212.2917857768198 0.6771918765506265
1198.607387522707 0.7277446044664075
1224.0029527446395 0.47733356188184806
1217.6129244936553 0.5423918284146213
1224.6129542109277 0.44724385344648365
1223.4616635090351 0.4837753514006424
1205.6388861489263 0.6865086948920252
1228.4997663222182 0.40715799497220484
1228.6371909782627 0.40536557828125036
1219.8851311237254 0.5291922536250437
1205.4386484647302 0.6882760479859212
1220.9311971157595 0.49578486197220684
1223.8847213754661 0.47873212086302275
1219.1380333221693 0.5295165469851699
1212.3545988049714 0.6771567907164591
1223.5799735111048 0.48372857434964084
1218.0317292577192 0.5299974920164462
1244.0912010421325 0.3772717936841762
1232.451120434177 0.39677948995191153
1301.013592433836 0.27142214270643095
1217.842267415638 0.5300799446491249
1225.2249655528176 0.4393555731072872
1223.9624423954813 0.4778127284127446