

1264.6321846741466 0.3174724436413478
1237.2937055831733 0.38199203661729214
1232.9853015808953 0.4057589754082167
1407.8781493378708 0.16691197076194123
1395.00427505126 0.169600967908103
1389.5397889947099 0.22873270736773854
1385.0149404410436 0.22947997790604732
1383.558068825515 0.22972161782971692
1377.781963863188 0.23068468470931194
1375.988275241594 0.23098539693308903
1241.4317941356867 0.3697604714917158
1240.7956692503278 0.36995003843119423
1229.0984894696048 0.4456941183301349
1225.493675081879 0.4829759479302966
1214.8661385694477 0.6723167211711144
1214.7811552483906 0.6723637549166747
1213.3350916561872 0.6731650840411584
1189.0929437714133 1.2236328894299624
1185.9928819487945 1.2313553220880114
1182.5730866504796 1.2349161871107042
1182.4319371166644 1.2350636018063328
1182.400014418695 1.2350969463275208
1182.0694746075942 1.2354423141084339
1181.8964023758097 1.2356232273916234
1286.9295398774575 0.27208337767051
1206.4985931611018 0.754291320664473
1206.6716653928863 0.7541831330886584
1346.1181774805393 0.2548891392529127
1221.562278855636 0.6316053401087851
1222.0995949173264 0.5248005536023155
1250.066880811881 0.3232026549317479
1189.9074607171156 1.1215234782076133
1189.406602848622 1.2233102045196707
1243.6364583761397 0.34000427274276684
1342.6830915956002 0.25929591562911297
1231.194931702771 0.40634901897373454
1207.321301096842 0.707072923893536
1253.84735097795 0.3202031488624631
1223.5806945516924 0.48805765879958735
1222.589106014329 0.5245904292903634
1227.3081195914806 0.4463442870298915
1238.870608729538 0.3815058159900664
1243.4003781902402 0.34605302508604757
1190.9451956790303 1.120546234142843
1351.2719497553444 0.2406916503927856
1349.2194807291376 0.2543032534671766
1227.072039405581 0.4572988155421737
1198.7619558749038 0.9780650891054986
1276.8726367090032 0.2930545947011297
1200.1446200034018 0.9769382786432408
1191.32079095561 1.0644421410737686
1241.3468108146296 0.36978578550758084
1208.5942924572612 0.6926355022395951
1187.321112775042 1.2254589082367908
1270.5817531608382 0.3018340966610141
1185.64041669747 1.2317213773919276
1266.7399995661845 0.31694417963709437
1213.2254188881086 0.6732259366057282
1236.6575806978144 0.3821885296840019
1252.0544084707205 0.3206616799236216

1278.0500920713907 0.5421538955639923
1232.3242754399394 0.5786258658381501
1206.7014195946942 1.262654683844324
1202.2326117368334 1.2673480860344184
1202.1647477004462 1.2674196297698261
1200.7187305371915 1.2689459743591813
1200.6900573528524 1.2689762775349398
1200.5917955297207 1.2690801362511208
1200.1650481848374 1.2695313880013768
1200.073090411828 1.2696286681421773
1200.0571235236998 1.2696455606871329
1200.0252008257305 1.2696793354043088
1200.0166263590825 1.2696884076312065
1200.0007236662 1.2697052338417285
1199.9794566005633 1.2697277366474213
1199.79656617827 1.2699212869946213
1199.7891206398313 1.2699291677526592
1199.7646434803005 1.2699550763831569
1199.6485245884298 1.2700780005339998
1199.617611372537 1.2701107294594998
1199.6160484080467 1.2701123842706135
1199.5102434861346 1.270224416779187
1199.5077202134926 1.2702270888107763
1199.4853434787697 1.2702507852525533
1199.4505398501055 1.2702876432430843
1199.282430451463 1.27046570579648
1199.2818998192329 1.270466267924576
1199.2413024464288 1.2705092764438861
1199.1800136935944 1.2705742107557731
1199.0473267108891 1.2707148129276578
1198.8006404973362 1.270976297460713
1198.6370746966668 1.2711497346587728
1198.5772605172997 1.2712131705178835
1198.5001163499255 1.2712949950252463
1198.492620844766 1.2713029458444913
1198.4606981467964 1.2713368087988883
1198.446190795827 1.2713521985005094
1198.3460752685096 1.2714584133063873
1197.0492662481784 1.272835832587149
1196.6461345380433 1.2732646314367857
1195.721440200137 1.2742492927096893
1193.7138460068395 1.2763923318387194
1442.006848843108 0.31298990152578654
1435.1890936843654 0.34193759261048884
1330.6479238109823 0.4796053447873563
1281.598002637042 0.5406530243623185
1281.2346630815448 0.5408063457133641
1278.775672304082 0.5418462762072767
1272.5149783199474 0.5445121259454506
1213.9185280374877 0.6338703383706356
1204.7929020424392 1.2646548604908405
1199.0577346091045 1.2707037830413963
1197.8255632891526 1.2720109222489773
1197.4852257915854 1.2723724407085226
1197.0247857626944 1.2728618634926856
1195.3680510514007 1.2746260016843292
1194.5646149411323 1.2754832852033882
1194.5581448365201 1.2754901936241478
1193.6786228562942 1.2764299957110534
1193.5300277840406 1.276588911869863

1308.642600151161 0.23548804332719822
1262.710554685685 0.36891300166652036
1254.8172568562502 0.371233610647146
1252.8829048078753 0.38714678215562315
1428.7185670510103 0.13402107714596803
1425.6004737470034 0.13431420992120222
1346.1966765078153 0.18589677491984502
1344.7963007761607 0.186090354670206
1331.6052678104625 0.18793378685119266
1320.4957559681764 0.18951489956674106
1305.5716589747985 0.23604195388723784
1300.5926928430708 0.2369455764437373
1283.134184281676 0.2800052653348252
1266.5542251157538 0.34888955322979737
1262.95721773442 0.36884095076532497
1260.8959085980562 0.3691469949531837
1260.7736055893492 0.36947976932570725
1257.3811649840127 0.3704766334487092
1246.5666820145732 0.39469392174960133
1244.099722617237 0.42066632024199346
1210.4489718537923 0.4964952056721643
1193.3223060804219 0.7070415735542777
1370.8069362716826 0.15331200519176177
1210.247528153362 0.5821880816629379
1365.8842757282941 0.15448637646196656
1269.5948311314553 0.3262793629822806
1246.366496513971 0.4152506010704482
1206.6082865437077 0.6449722893383238
1236.148617589616 0.4451915134396094
1273.816440346907 0.2916339316608974
1310.2506098151664 0.22374295822424145
1243.9923352518178 0.4207026341697977
1217.9908908153047 0.4659485221172393
1265.3731675775655 0.34921519522015665
1329.5496255703404 0.18822435489255604
1227.1388911061317 0.4576989769462323
1250.1394046738212 0.3879963972023704
1273.0021093087596 0.2973348945604769
1225.9020000254175 0.46294161810314716
1368.5260015605493 0.15356753170267684
1308.8193269033197 0.23545624593835016
1262.973587845815 0.3683188837084109
1304.4456550614505 0.2362457064642502
1324.2245291138552 0.18898126040459431
1295.1884825015618 0.23793423852025522
1300.0891190842367 0.23703735444019722
1306.1678395601612 0.2359342161019575
1318.7427173066883 0.1897668266041446
1257.8210540687014 0.3703470692100926
1301.4432714865907 0.23679071694934742
1255.4815481657492 0.3710371862060961
1255.0416590810605 0.371167233847977
1302.2098651197584 0.2366513214026934
1300.8557127174045 0.23689766844354107
1197.376258307174 0.649945164276876
1317.0584904045556 0.190009496460364
1271.3236370845796 0.3105176020745074
1266.9147838208823 0.34879026070661284
1259.5357436050494 0.36984289118448604
1258.6900283310576 0.3700913890473528

1303.9614790146836 0.1523215079574729
1280.0337255382983 0.16089727996221012
1272.8887597852683 0.16931354182974598
1272.1391826908389 0.17457904037307448
1270.7342240927703 0.1998693532967706
1268.570532031697 0.2002102533272068
1265.0572363035085 0.20076627388309037
1264.7058883052723 0.20082204877043328
1263.1107152219752 0.21306427519754675
1262.2217000989367 0.21321434183228694
1261.7598882692484 0.2132923795843448
1261.6443186478991 0.21331191767378962
1261.549018340715 0.21332803174544657
1261.2588670863827 0.21337710763114337
1261.0958299963959 0.21340469346710483
1260.8196099791799 0.21345144610930433
1260.5505087290499 0.21349701354241576
1260.4893638971628 0.21350737002726627
1260.3658922964498 0.2135282862523898
1259.854137899951 0.21361502172118674
1259.8140668852666 0.21362181619260695
1259.033695479883 0.21375422278150233
1247.200143801885 0.24366163991143266
1237.3069961987724 0.25313174899619073
1233.2766109282265 0.25778581784524185
1228.5813832130948 0.2873583577033362
1227.8965282468657 0.2891200477102415
1224.3881906705408 0.28994848654620836
1224.1740885250479 0.30143175313591636
1220.6929072430164 0.30323142051960245
1220.2652983733508 0.3033376797446647
1218.3086029654426 0.3292367542412754
1218.2554476270677 0.32925111961194636
1218.1456210096405 0.3292808045167126
1217.7074673815112 0.32939928582937356
1217.2798585118458 0.3295149979684492
1216.657226433398 0.33398039353981707
1214.4264158382841 0.3457761866214777
1210.9944883573303 0.34675610751173325
1209.8423617633823 0.359602779835187
1208.9704470956044 0.35986212690116803
1202.0942425510818 0.3624697187297131
1202.0860011854857 0.36247220378108763
1200.7320179757646 0.3776293749771349
1200.7237766101684 0.3776319668986073
1200.4793092796697 0.3777088684146477
1198.8560939934819 0.40636592296366475
1198.5441663124873 0.41233436521670264
1198.394215447913 0.4123859591694779
1197.9162717538657 0.42146783921400544
1197.588385884089 0.4215832322410859
1196.297116773736 0.44306813527764677
1194.2611433690172 0.5362111336655101
1185.6362046474705 0.876381704754922
1185.5648195304113 1.1381205500239042
1184.2025949550941 1.1394297650091787
1183.3905111630324 1.140211681405861
1181.535908029618 1.1535092794423598
1181.1754317015464 1.1978028146053286
1180.9024294223323 1.1980797239335583

1217.2272529060717 0.5195516125818289
1334.706261718352 0.21966514431263126
1288.6726347832405 0.24432690856086986
1281.4866874172799 0.24569697375331032
1260.64600697467 0.31792622840576
1254.0780543519604 0.3250876587965071
1254.0152413238088 0.3262880176352102
1253.9207248578844 0.32631261216474383
1248.6523603825653 0.33919448606279934
1248.5189523769507 0.3392307300139344
1247.1442104556372 0.33960466808912904
1246.51000724183 0.3397774532017032
1246.4154907759055 0.33980321873840835
1226.4698860208316 0.3917671706161673
1222.0475391686862 0.4381950957249667
1221.1684870830736 0.4485883589360838
1220.7793345848206 0.46599287305751586
1220.2832180470948 0.47196013972437684
1217.8845102807527 0.5192712254630059
1217.7749250548409 0.5193179536829594
1217.730864948957 0.5193367437166895
1217.5276452813519 0.5194234271204236
1217.1327364401473 0.5195919583722397
1216.3633571226137 0.5199206128848798
1213.7042871879237 0.5299499298141692
1213.5086285354166 0.5300353756748128
1212.142130527554 0.530632906497903
1208.6979926309896 0.5321449243167258
1207.9912992268771 0.5324562372444658
1207.303322888858 0.5423387756299183
1207.1652346455144 0.5424008140374823
1206.720863885252 0.5426005512503823
1206.7125329095325 0.542604297289223
1206.7035924774025 0.5426083174288194
1206.532036185207 0.5546641988040399
1206.2925424969417 0.5547743201635282
1205.3814106056761 0.567472294957052
1193.1662651098202 1.039319641697092
1184.7712418499536 1.2052207167177487
1184.5942543183598 1.2054007860021472
1198.7389493136695 0.8891662698295975
1201.2903171846358 0.7524347462014757
1194.9598412998198 0.898578382465917
1300.4525085722466 0.24281863042339372
1206.2836020648117 0.5547784319015543
1246.2792603502073 0.3398403625300248
1266.9130744157897 0.3128881464228242
1189.34840274005 1.0426559049325383
1264.0739776830249 0.3170640622528025
1274.9874976397703 0.27811861483590916
1219.4911869222472 0.48235835863313836
1248.8799772812201 0.3391326655529322
1185.9820585832504 1.0456154257682204
1194.4378477894163 1.0382131958008975
1279.4458292830336 0.2742918918385952
1245.852757156038 0.339956702923618
1285.712502049915 0.24560241621569015
1201.8811071639614 0.7520648835707191
1261.1342181169578 0.31780315258646696
1220.2757225419352 0.4719630387246577

1209.5280949754083 0.3116106798093792
1206.2595004358814 0.32592847125112206
1205.7154463223528 0.32607553972075237
1203.7877291037473 0.32910797074121634
1198.6311349575158 0.36146880000971154
1197.5494408892396 0.3617952989779271
1196.687566383127 0.36205587003538603
1237.243324117138 0.2075905420517636
1236.09542329652 0.232049889717207
1222.023189635101 0.25334420347176506
1219.7011316915587 0.265173096741903
1219.5155156610008 0.2671921188398287
1212.1703786541934 0.2995936272258235
1209.9962856484485 0.30513436735788
1209.8743717389352 0.3115214940722438
1209.6381896286766 0.3115823187093061
1209.5495112695844 0.3116051624279698
1209.2337764240701 0.3116865235425358
1209.1773973679117 0.3117010562257077
1209.1428015644287 0.31170997456725735
1209.0481603935118 0.3117343744199232
1208.7775853558956 0.3118041536258803
1208.6268291575743 0.3118430460347591
1208.276359184816 0.3119334985401134
1208.1256029864949 0.31197242322497454
1207.6694119183203 0.3120902692444129
1207.1681857472408 0.3122198516940926
1206.630921751203 0.3123588705789394
1206.5681087230514 0.31351786701275364
1206.2527103183907 0.3259303059351766
1205.9010623529107 0.3260253491626423
1202.3314934049106 0.3575217455422685
1202.2247608248795 0.3575534860450117
1202.1619477967279 0.3587190918507734
1200.5807543026222 0.36088181195195224
1200.4664978189721 0.3609161595051091
1199.2231895801688 0.36129034342560773
1198.8033858547728 0.3614168621140843
1198.625881226973 0.36147038437369416
1198.5344413647435 0.36149796205607565
1198.4565779525406 0.36152144848466045
1198.2776825241626 0.36157542139539534
1198.2709619219827 0.3615774493211671
1198.1277316595883 0.36162067412230775
1198.033215193664 0.3616492034716528
1197.9960650143553 0.36166041831045587
1197.984781968787 0.36166382455654633
1197.8902655028628 0.36169236071510286
1197.7159325178732 0.36174500667828957
1197.5065798215765 0.36180824832872893
1197.328665641313 0.3618620103572857
1197.143049610755 0.36191811675993657
1197.0276536831793 0.361953006410699
1197.0053536504965 0.36195974954167
1196.933137217255 0.36198158822361143
1196.5930499172027 0.362084468096611
1196.501950352569 0.3621120365743677
1196.4074338866444 0.3621406435095943
1196.215073371627 0.3973941942386953
1193.4007566370278 0.4028702006029008

1315.4340090879898 0.1726129737102813
1312.924428086487 0.17294291367496575
1310.5594734904403 0.17325499576419748
1202.8160749848428 0.5746575981770324
1202.0201536693266 0.5748004403711818
1201.1171115679417 0.5752325955645019
1200.9119802317514 0.5753308527497834
1200.3862769011412 0.5755828160980101
1199.9662864885506 0.5985824068969241
1211.6667265745941 0.4583812385616994
1234.5470254294353 0.3356126046361064
1221.7721479073366 0.4305367234058942
1234.2864446909218 0.39618949803745773
1237.8290032930686 0.31867673896450993
1225.0233027178524 0.39918532641102245
1293.4728170745977 0.21045578571683413
1297.9423081253528 0.1764862259003842
1306.8730458092734 0.17374371348190823
1271.538804906303 0.23391308084183537
1252.2958565331232 0.2605135335412522
1239.3777861626272 0.28528857250214934
1285.281851696774 0.2314119341784256
1236.0748894744358 0.3191289731100738
1250.3824004023845 0.262866960482233
1242.999405269123 0.2844573520360261
1203.5292630029292 0.5186529101675432
1203.062948126791 0.5557209889597917
1208.9900553489442 0.4837813217395773
1257.924737847752 0.24294926863434987
1277.8956146616647 0.2327494952272187
1294.7993220235649 0.1769146272331058
1289.0703076687246 0.23073183634450342
1224.839477954327 0.42945854275299644
1260.9887099612158 0.2389743206049994
1241.13189998126 0.28488536908168166
1291.6650956587644 0.22201194590859652
1248.5148951145216 0.28155823738601987
1205.214361473634 0.5054219708784697
1259.6788516663846 0.23922281449348695
1277.611941744733 0.23280117346070117
1207.8910326992836 0.4857950093771955
1207.1223849259377 0.49859034998753077
1248.6282865837518 0.26323624457806705
1226.3130984401062 0.39876547643384586
1228.9486618908104 0.39791029692335705
1246.7607812958888 0.2819543720754953
1206.7316375591893 0.49875179670880665
1202.9939327788632 0.574335160667158
1286.1275357989398 0.23125977089108524
1204.2600976697297 0.5183381529755372
1232.6493884044812 0.3967156691567437
1221.9577639378947 0.4304713246499253
1204.0549663335394 0.518426460736305
1231.1876340376557 0.39718667848606604
1208.281780066032 0.48563790767805104
1206.9367688953796 0.4986670287034539
1230.5169935297195 0.397403148049027
1233.742390577393 0.39636420916661275
1265.5720445362808 0.23501590490216637
1229.8978383154022 0.3976032087562136