

1335.2021993810527 0.1638720588091686
1312.3705105240035 0.17050551103680012
1294.5620726587388 0.21451473384346126
1289.6699400582118 0.21532845717695354
1269.936736501629 0.2521978963129673
1262.9165241873036 0.29712660113651
1256.4872012131389 0.31700594369088997
1253.45824251267 0.37498942657434253
1252.7790353114951 0.3751927309973212
1248.3166758488892 0.38087944297984794
1246.1646739009261 0.3996026707228459
1243.6732405929856 0.40727552827939156
1241.6826964949237 0.4214912838279946
1240.5800438378883 0.42632458402915613
1238.8364714036036 0.4584298531804601
1237.8350205765034 0.4588007385957242
1236.895638574039 0.4591491828323383
1234.2712064093457 0.4601254722228388
1233.4248003871917 0.4604412214849857
1231.826662226137 0.4622278353635079
1231.1563369981875 0.46247950362836865
1230.9802562039831 0.46254565721441665
1229.7728338463194 0.4629997963469378
1229.2884450785073 0.46318223676744896
1228.9120027377749 0.463324119510075
1227.5546703921607 0.46383642648025114
1226.5358079065893 0.4642217275300336
1226.1711672402926 0.4643597785008593
1225.310336131748 0.46468601042031926
1225.0050396025197 0.4648018197611595
1224.9861923446285 0.46480897105790064
1224.8930021316091 0.46484433385852963
1222.6017231714952 0.4657154990317108
1221.7553171493414 0.4660381367951465
1221.6703338282841 0.46704444097505804
1219.3367263090297 0.4866010281060466
1218.8966108455043 0.49570414589862116
1218.784870023438 0.508099822187854
1218.4096841512728 0.5174028883486597
1218.242857589495 0.5174737416636447
1218.047289707763 0.517556826486676
1217.396451567341 0.5178335200174314
1217.1711591426342 0.5205206999515348
1214.2079743177728 0.5217909922505038
1213.859130386637 0.527298752663024
1213.556439579156 0.5274302739339116
1212.059813189257 0.5280815339280236
1211.8810706200175 0.5281594216452514
1211.6557781953104 0.5282576263654992
1211.5079569036654 0.5283220813484035
1211.223753289398 0.5405833597395043
1210.3306241636967 0.5409822678839515
1210.259393690789 0.5410141076886884
1210.2188833416308 0.5410322173634783
1210.1411623216154 0.5410669650252421
1209.662193157288 0.6397676371956477
1209.296899527619 0.6528092465903489
1208.8404356141243 0.7175818510858187
1208.7286947920581 0.717648187879415
1208.6509737720428 0.7176943354856176

1291.3268787409133 0.2565274476397394
1270.1175375733728 0.2913186858668461
1235.8388618435063 0.38334564055236714
1234.2806511979088 0.39087280808488734
1344.3636205386765 0.2365063980867763
1241.8165459963573 0.35993635338999674
1235.316000497323 0.38350789589237083
1233.39432927131 0.4007070688270638
1194.447845663934 0.5626493924724115
1263.3421017533415 0.32820487852697067
1247.7610758318751 0.3573967019069222
1283.5220970187033 0.2580873278624751
1242.9247868795387 0.35961541990602336
1231.4599798376016 0.4026835224735009
1266.2877182526263 0.3027318270695468
1233.32885098141 0.4007283426451511
1234.2132217922867 0.390894162840012
1240.2756969479285 0.371136468188533
1205.4451273276406 0.48202085204930356
1278.9108136462155 0.2599178550175473
1288.6869690125905 0.25705295097832354
1271.781943865338 0.2772091905039415
1240.33850997608 0.37111767315376076
1266.5698747557976 0.3026643868473948
1229.196845689505 0.4183554711201521
1269.627061022695 0.2914312267763608
1230.1788643993473 0.40310287944044354
1268.0882209042625 0.29178488203167713
1299.6451240900296 0.24630897833490462
1289.9417960795774 0.25680289550952884
1229.1340326613533 0.4183768505411806
1234.7873152107868 0.39071242322910726
1297.0120560974847 0.24725533312388645
1222.9460945980334 0.45704528697855984
1263.1053608387485 0.3298999053177851
1277.8481821751202 0.2601339971982022
1291.3723922493473 0.25651840651092034
1277.370214017168 0.26546987391115295
1265.4947211485714 0.3029215279494948
1223.089172456844 0.42261344872232515
1228.4678440604287 0.41860373306811766
1267.8597440576166 0.3023564683231431
1229.319100329717 0.40338480247573555
1292.7191877753612 0.24762861551041085
1249.3066335318315 0.34509079721507546
1246.395946255597 0.358613906349812
1249.2010067327774 0.3486362824683764
1264.2918847194069 0.31921848009833215
1239.2780659047535 0.37143523669909234
1260.333935255368 0.3334390997996119
1239.825271462729 0.3712713011586352
1263.4018053893706 0.32752778124456344
1268.5911165988416 0.2916692124837849
1244.8735511509628 0.3590524665995465
1236.5894931126752 0.37232793912386863
1264.703713058402 0.30311099001623854
1241.7692321677514 0.37069008461561054
1234.9790977738758 0.38361251697852733
1233.4208871282785 0.3911452685237318
1234.9280406080366 0.3836283771479083

1243.6000128574412 0.34057252434237245
1233.5514193127938 0.3699925300093385
1419.678105222457 0.16939497379056637
1317.7943145211755 0.23446210728243455
1265.3346844494229 0.305652211042385
1228.66921775654 0.3994584505663635
1227.3512987768313 0.3998873855209532
1225.8734512276878 0.4003694683917696
1219.4359348339797 0.4101843216123326
1211.2225067148427 0.4976554318446202
1194.9456135469813 0.8822715866945405
1176.770595984166 1.030776909443628
1176.6331713281218 1.030897298844242
1176.0040351452562 1.078305869310945
1318.1596659957124 0.23439712192532763
1206.9998428267836 0.7720625903322841
1202.5947801668003 0.8232195057908781
1207.915228890804 0.5923766597260222
1200.5685926005192 0.8781393824355826
1188.0405248398347 0.9363204323689541
1307.6066368616353 0.2681457649267127
1179.0992418818187 1.0287411907048558
1180.7560636253118 0.978074928613766
1194.7095333610819 0.8824459276823576
1206.7176724639903 0.7722431240115235
1211.2549939938754 0.4972665877286669
1317.8808368760997 0.23444671422632893
1191.4143271749838 0.9336689953422865
1266.2939355717267 0.30542067141462503
1223.691787818681 0.401083268572476
1251.6973853839938 0.3341400045019217
1270.5289581239033 0.27597102736033485
1220.9728724004974 0.4067755631720991
1215.7062796167052 0.44786761130248237
1231.0396531922177 0.38393267127007324
1208.5443650736697 0.5464728579529471
1253.0208240707102 0.3300525515161224
1185.0836677352893 0.9745032642695736
1217.1185429936895 0.4473479355249495
1235.4417007622965 0.3694264247730496
1228.5663234162305 0.3994919058328548
1215.349102232266 0.4710185710273926
1218.849265718493 0.4307909153181215
1232.199048332312 0.37039860657728985
1243.8004160253747 0.340517650737323
1185.9519893522072 0.9714931387229128
1215.2862892041146 0.4722647256616898
1212.5919185064076 0.48551970962288754
1313.9075303407874 0.2534911274450937
1200.0024095718627 0.8785537046162416
1236.5763347369968 0.3475357177989651
1310.7496229634232 0.26750279055719695
1228.6091532913883 0.39947797936290497
1260.0865086581152 0.32820184744917336
1223.601638185354 0.4011128186388269
1227.1968899144042 0.3999377003129843
1242.1230615636784 0.34097748343701667
1290.5981248649582 0.270825832990189
1207.9780419189556 0.5923458570371384
1236.9368934421257 0.3424071170457672

1308.6718684813547 0.15450920061404863
1303.357931887785 0.15513915196900527
1302.453806811396 0.15524684499956912
1279.6828617207607 0.16751079264860178
1238.2368123715705 0.2460805086665728
1225.4694983272623 0.2935690341693683
1215.7782049011475 0.36461684935246724
1213.490344600222 0.3653042816162624
1213.0604103386922 0.3654337531786114
1207.9967369718438 0.38503470938068624
1206.8700602299486 0.3905922916036409
1199.6196682670727 0.4162644181007461
1179.4167367671232 0.8875849341223319
1178.3458207316507 1.0293989563263646
1178.3374897559313 1.0294062342902632
1178.2141263391195 1.0295140169653394
1177.7926824194858 1.0298824030396496
1176.8556321820784 1.030702428473424
1176.8556321820781 1.0307024284734243
1176.8473012063587 1.0307097248804404
1176.3024938699132 1.0311871005748616
1175.4144122071511 1.0550161051798028
1175.4060812314317 1.055023582862364
1175.356567039416 1.0550680277922924
1174.8612738949862 1.0555128189967384
1174.861273894986 1.0555128189967387
1182.387661481372 0.6415232869147268
1258.3785663454426 0.21368231185567935
1183.0167976642379 0.5979299126035054
1191.6903782652835 0.4689440224940616
1253.5083311634821 0.21594444405502317
1185.2619892712348 0.5250469950896813
1248.500129654072 0.2244705072766643
1193.9012170465219 0.44976126913961284
1184.2907566569875 0.5254775842526697
1196.5103304308168 0.43290961684824053
1246.5703926410176 0.24140796186719177
1180.045872949989 0.8871117221818274
1186.4026773140176 0.4985554903213385
1216.4846483272124 0.29573730956873184
1205.0186349745875 0.3926819446639738
1233.089892321336 0.2591007933524561
1247.1344768966449 0.23693178831204986
1215.3077400129087 0.3647579983138643
1288.6248069367416 0.15785405454216497
1178.7843157471816 1.0290160310487615
1226.9272929727667 0.26040220248197254
1275.9184768530772 0.1784614505890533
1298.643781901691 0.15570231581831456
1205.2489966918515 0.39260689055701364
1225.8074059047872 0.29009774398007254
1196.1022994404643 0.44423432161523835
1263.590708053304 0.19509485101109975
1234.0611249355834 0.2588968754623318
1285.9703773149686 0.1581798882360706
1277.8549585392157 0.16775040787940665
1208.9859151402757 0.36666532920776046
1234.8974696015018 0.24674594623341448
1289.3097200850373 0.1568295353049934
1222.2730571460186 0.2943367645426026

1269.1158216427193 0.1980117395784364
1256.9354582784965 0.22047468324298317
1254.9254077701091 0.24367286872345453
1250.9066931380048 0.24445570226999924
1250.6046031804542 0.24451475179895027
1245.841242349181 0.24544963174335746
1242.881573682309 0.24603411991966362
1236.7222086307795 0.2472594670098519
1233.6097465813928 0.24788331560504379
1230.6790947538095 0.24847360733503424
1230.5476803607698 0.24850014268089318
1226.7695061843629 0.24926546723222687
1222.8261922607605 0.25006928709954
1220.3960809926612 0.2846419254684665
1220.3652268298838 0.2846491219930057
1220.244573127369 0.2846772671462335
1219.71032274793 0.2915478834399718
1219.3021922008704 0.2916454717145796
1217.8678573180748 0.29253268906628327
1217.6428874976507 0.2925867369543818
1217.0567382225925 0.2955982952391795
1217.025884059815 0.29560578927692965
1216.3709799778615 0.3025293892770891
1214.9584488095359 0.3034261511493665
1214.5285145480063 0.3035335618002162
1214.3035447275822 0.30358979641403033
1210.0502599941663 0.34372451162272105
1205.9803587269314 0.3448845013483495
1204.3902625500073 0.34807690753650594
1200.3203612827724 0.34925712466251063
1199.576607657168 0.3750888347395268
1199.398481522554 0.39452197766456004
1197.0301582218435 0.3953025391115108
1196.4224388060068 0.3955033319254498
1196.1974689855826 0.39557771455529755
1194.700145342435 0.4042871390001119
1192.4893065611966 0.4233727328963864
1187.2016056099308 0.4527613027848159
1183.078713312741 0.4999562259476491
1180.9667926557108 0.5269566000763117
1180.337656472845 0.5705878574089742
1180.1853379427241 0.9785479157483359
1179.8091137676588 0.9788599606190427
1179.7686034185008 0.9788935722600598
1179.443993985872 0.9791629857198896
1179.4032997317836 0.9791967708613624
1179.2658750757391 0.9793108806497313
1178.2786190215013 0.9801314256212639
1178.1315702153531 0.9802537609865573
1178.0847245178031 0.9802927400771555
1177.9910363547995 0.9803707048690676
1177.853611698755 0.9804850884440505
1177.646229502272 0.9806577507819975
1177.5967153102563 0.9806989843176745
1177.1014221658265 0.9811116365110497
1176.233966125288 0.9818351925722114
1173.214610054536 1.0225335801067925
1172.9785298686368 1.0341092587504894
1172.9785298686365 1.0341092587504896
1172.1763214539865 1.0655626411507455

1249.738246953552 0.33746668284503706
1246.6209683278144 0.3383105461395415
1245.212803231911 0.3386931290212893
1245.1834450951771 0.33870111451068186
1245.1738495268369 0.3387037246118275
1245.0892491596755 0.33872673859213487
1245.0793330609126 0.33872943628994767
1244.7863000377415 0.3388091760097294
1335.5616165205247 0.21052944921460995
1331.2233235344509 0.21121553878105834
1327.7541340106156 0.21176740807345296
1312.0725810963104 0.2142983974890342
1301.333879171139 0.21606680346886037
1293.4990801919255 0.21737553263394685
1291.882746025308 0.2176475012018869
1289.7673432583058 0.2180044742084374
1288.475797361689 0.2182229981300233
1284.7054910626669 0.2188634309375149
1283.57304093003 0.21905652623750266
1282.8901961831455 0.21917312358827912
1262.0922447140774 0.2749230803784888
1257.0270642152216 0.3137153425439722
1251.418251509254 0.33701364041586235
1251.3805736995007 0.33702378755742324
1251.3448247929568 0.3370334157843082
1250.4218094397363 0.33728220144604953
1250.2419586284896 0.3373307204364182
1250.191131734377 0.33734443471767755
1249.9797603052577 0.33740147962155204
1248.7685774716688 0.3377287259084281
1248.3906329221577 0.33783097173421717
1247.1652890396297 0.33816289174368264
1247.0075975938494 0.33820565443046274
1246.7939043840963 0.3382636209088019
1246.7351549193354 0.33827956078712973
1246.7115655742768 0.3382859614603135
1246.6806877685115 0.3382943401320244
1246.586112903821 0.33832000554022396
1246.5769382024241 0.33832249554700355
1246.432414299089 0.3383617240579774
1246.4285834268924 0.33836276400566345
1246.3990840767958 0.3383707722606137
1246.352123971403 0.3383835214081632
1246.343983059731 0.3383857316730632
1246.3399131926194 0.3383868366564997
1246.0946005909354 0.3384534532321886
1246.0844132220286 0.33845622025996724
1246.011152096582 0.3384761203094724
1246.0000841250112 0.33847912692570353
1245.9757219477067 0.338485745103216
1245.7402587843803 0.3385497238690308
1245.6003527210064 0.33858774983700635
1245.5962679518063 0.3385888601910172
1245.5017514858819 0.3386145544322565
1245.486394217111 0.33861872966431544
1245.450717078813 0.3386284297247697
1245.4256061942726 0.3386352573179705
1245.391013442784 0.33864466346043925
1245.3235640337793 0.3386630051854918
1245.3073196978355 0.3386674228545611

1322.0597042359052 0.2439845064356983
1283.3066620621441 0.25135230257294694
1197.233306602598 0.6662384258676876
1195.651430178587 0.6671198757886675
1193.7326581037526 0.7093510918669539
1269.2772432487843 0.254472670155965
1218.0059995995177 0.49066676473768045
1301.886144191817 0.24776520270654098
1218.2171709464828 0.36654119020829073
1205.0546164017303 0.5623491660430248
1208.1665377877125 0.5433750389207377
1277.8323017869457 0.25242912075821333
1223.0767068787575 0.3212643396568324
1253.0294608673728 0.2666003523406267
1202.5095463619639 0.6246243437240719
1289.2615969250912 0.25019133834889534
1300.5549203359985 0.24801881056525368
1258.4944168437287 0.2654426521797658
1199.2201575006843 0.6651346115209261
1294.2499994962134 0.24922703074528094
1209.8870026666452 0.5359783930109968
1214.5636138431298 0.512676497379731
1232.2642179934246 0.2981476565718064
1234.06622920779 0.2977122946698572
1199.4166267263558 0.6262350541765823
1252.5342623437311 0.29332266582836597
1237.8706634894197 0.29679731470198895
1199.1583522102712 0.6651688929298435
1202.4059565837285 0.6246781564126174
1236.8014370852557 0.2970538987550542
1256.1664549532436 0.26593457773306106
1226.3840424031541 0.3000178271459849
1199.2303607454337 0.6263323217996115
1214.1820986378023 0.51283758843797
1240.797326622352 0.29609726019650723
1215.4501012631429 0.49719430185248
1246.4709492393338 0.29474949985495863
1244.4920211265157 0.2952181955650155
1249.1263825419778 0.2941229118260838
1242.0172954985578 0.29580641928545165
1250.9269707247397 0.293699550389559
1252.7366362137332 0.293275280894193
1231.2023470309118 0.2984047989820839
1243.4646679108882 0.29546210548087587
1250.4044289181597 0.29382228691392104
1248.0496364749802 0.2943766643045646
1247.4362810592352 0.2945214071856734
1211.9852185174445 0.5137671729624329
1242.6226736191504 0.2956623089791069
1259.678126250325 0.2563872519550524
1229.2430761474577 0.2988804216196837
1241.0986549876638 0.296025370260095
1201.846101464911 0.624969149796092
1230.0804600231872 0.29867695716839826
1235.3184259533375 0.29741051469259555
1206.3879817060883 0.5497513127003562
1203.426965380554 0.6192951690541835
1209.969944229666 0.5359416525234552
1245.3044572784916 0.29502559532706063
1223.682565265652 0.3062621878313722