

1290.3583389970468 0.19010853801734967
1286.4566474972557 0.2745413061407958
1203.1787187582922 0.7745145510429465
1180.1886190400523 1.0744825301416072
1210.3780782925344 0.5822024718742497
1255.6199182010544 0.32363560402798597
1276.8226045630274 0.2853429713721505
1288.5016837571218 0.26209527739826544
1205.0467300684309 0.714306284554717
1247.5281517036544 0.36285206195108044
1195.737553838998 0.8740242142751271
1288.9860444575115 0.25787765895510506
1249.1951273717732 0.3445054256325534
1240.7730631227453 0.36606111512666883
1199.0558264611022 0.8256491972667287
1213.7389940424864 0.5299347759011535
1221.493422922568 0.45930434719776464
1236.5963797331158 0.3822074447537019
1185.5241806341053 0.9741411617795009
1224.3207905055542 0.4447163453562961
1187.6297839593465 0.972414062226087
1240.2877224096642 0.3662043596008636
1181.4012883369155 1.0267366135686584
1183.5068916621567 1.024909923717583
1221.9811764684075 0.4455678025016108
1212.9129294611237 0.5398305105382767
1205.6758662512966 0.6967941569343347
1195.1906515044584 0.9639836281016632
1211.2230760278712 0.5576445603016887
1217.4353743796532 0.4947421854236436
1228.4562959224193 0.3995276865874022
1225.6163152197578 0.40811589684973304
1207.0658131479638 0.6959917923362346
1201.8012628807148 0.7754022682167878
1236.1110390200347 0.3823575128527043
1225.1073671242864 0.4277021839836161
1225.313624412277 0.41534576460073425
1191.2420641676329 0.9694653482938829
1225.7537398758022 0.40631915630069254
1228.5508123883435 0.39949694960477655
1181.3194557681431 1.0734539647498809
1230.2011481489853 0.3989610176531667
1207.7140764936971 0.6881034411166904
1212.049140609234 0.5477228878575426
1212.0182980653235 0.5572786819612997
1210.8658986434323 0.5685186370547944
1212.367178510297 0.5475792047880023
1185.4945095349788 1.0231915443695312
1233.949709221172 0.38302723276119977
1196.9502231358613 0.8271016300092473
1211.7002601642605 0.5574249522462413
1220.11706773416 0.4723820119492087
1216.3423237159557 0.5230766006524803
1265.2431270124605 0.29354575949972467
1232.8626734401705 0.38336495432263495
1230.0918189405459 0.39899647686977696
1210.8030856152807 0.5697744638145265
1232.0167184027873 0.3983730858944024
1228.911371093472 0.3993797384647053
1215.4225621967275 0.5234724347795178

1291.5752608595612 0.3719974885119591
1288.9219030176532 0.3727632776967052
1288.9092589954557 0.3727669344530864
1288.89159041758 0.3727720444729359
1288.7434932097005 0.37281488193380596
1288.6361996838327 0.37284592298572466
1288.6147591692436 0.3728521265530782
1288.1670273687762 0.37298171980487155
1288.1397787004503 0.37298960967469985
1287.9573560570145 0.37304243886989874
1287.8336028221033 0.37307828605424626
1286.895504774665 0.3733502459844742
1286.7428401977766 0.37339454182631127
1286.5395413304425 0.3734535455995987
1286.493796161167 0.37346682486741245
1286.255916710707 0.37353589361330536
1286.1617480853088 0.37356324270970853
1286.0346573602192 0.37360015961790466
1285.7511125546835 0.37368254911270854
1285.7248626762535 0.37369017836665736
1285.6290874814283 0.37371801707222635
1285.515266294427 0.37375110654959176
1285.3386023340784 0.3738024769437803
1285.2219360935653 0.37383640892739717
1284.8947360373822 0.3739316068378358
1284.8669176019748 0.3739397027675458
1284.8367167464858 0.373948492443913
1284.42860965468 0.37406730872579064
1284.0434839347377 0.3741795034788363
1284.0097224278002 0.37418934208339033
1283.9247601827392 0.37421410363295093
1283.8959510767552 0.374222500554651
1283.2595046022266 0.3744081002640731
1283.24145522544 0.374413366484897
1283.1599144668642 0.3744371592714234
1283.1359157742277 0.374444162428444
1282.9292717026642 0.3745044749242332
1282.3583862023147 0.37467119834324825
1282.325898923282 0.37468069050727326
1282.3160618763734 0.37468356479984266
1282.0655794865827 0.3747567682585643
1281.9804946416075 0.3747816408066756
1281.9504136003209 0.3747904350797543
1281.7535910710276 0.37484798686030024
1281.7344794208857 0.3748535761330367
1281.570275567657 0.3749016050260058
1280.6280700720458 0.3751774340202501
1280.2070645982592 0.375300813868504
1279.9547265015337 0.37537480296445425
1279.9459815289197 0.3753773676370415
1279.79553993988 0.37542149372274386
1279.7130105179676 0.37544570486898976
1279.636966483214 0.375468016201795
1279.235231567991 0.37558592931733115
1279.1882371799604 0.3755997274671172
1279.135712250607 0.37561515065400924
1278.8817886115862 0.3756897295296917
1278.6193436865294 0.3757668422868214
1278.5362343426264 0.3757912684508081
1278.4878144106845 0.3758055007238401

1183.0580725967616 1.2344099423121964
1420.1695641165265 0.1590513456106453
1292.8357903572864 0.18829898258666022
1248.8028923533905 0.2788663417164447
1226.895739450665 0.31132895491502915
1224.8636621974467 0.3216227070396771
1220.4681704993004 0.3768784630939633
1195.0581646748053 0.7615122377436382
1194.98044365479 0.7615617661758278
1194.7401267737423 0.7617149510771059
1194.662405753727 0.7617645058824412
1194.2373984309806 0.7847811977743285
1186.8196323514005 1.2259767153539853
1186.702538390114 1.2260976845652256
1183.4788608456847 1.233971045416558
1182.1676872043004 1.2353396755411115
1181.8046413832587 1.2357191671178642
1180.9901526669423 1.2365714005728856
1180.9496423177843 1.2366138189262181
1180.871921297769 1.2366952086905427
1180.4469139750227 1.2371404676119533
1180.2058343937779 1.2373931771793705
1180.0598375057075 1.2375462673426367
1179.6348301829612 1.2379921394145699
1179.3435725057966 1.238297881289355
1177.205745185937 1.2405466530538238
1259.7773139600665 0.2386173002359722
1249.5953717453608 0.27030304620024237
1232.6051576951243 0.29249829837517816
1289.156249692754 0.23137376825862843
1201.9339255792638 0.4834344334788819
1217.399933860292 0.3778283171860785
1204.7225536061976 0.48231540503009196
1185.6199474223313 1.2272172358023783
1221.522826157482 0.3685623285136583
1196.3782751471667 0.7516958443156079
1199.5347609808541 0.73074804642021
1187.975544635244 1.1233473282468927
1197.9559487592428 0.7366757660960969
1188.2849000845438 1.123054878500687
1201.1182267503955 0.7101739420750854
1197.384864340562 0.7435883293444095
1214.6113058333583 0.3786957738198297
1223.7542919351463 0.33369916076422945
1195.4884703350897 0.7522553332576493
1198.7131916886933 0.7362103983008297
1197.066826439499 0.7437858866288455
1208.6403949544465 0.3934505864051951
1183.2991931699241 1.2341584069147873
1219.0133073979691 0.37732825848693746
1185.194940099585 1.2276573121933327
1188.4167320394286 1.067043251111356
1192.734222637681 1.0169809292217873
1184.3563260053882 1.23305682173517
1181.3640739473312 1.2361800052599659
1181.9545122655516 1.2355624789205433
1195.4725963043522 0.7612482461150691
1206.4818078336414 0.4518234958807771
1194.5554363320437 0.7845722579818813
1184.288985087853 1.2331269356843786

1211.6823781861303 0.47508779723094574
1285.1666868804944 0.2573215966207109
1256.840688828843 0.29789337379530983
1237.7201578426427 0.32454174182212575
1237.5255017535067 0.32459279048830275
1234.6230351161614 0.3253558734037503
1233.3491736562125 0.3295327710853282
1227.349398766407 0.3984287827476297
1219.9643039415741 0.4423840522792656
1213.122264162152 0.4745239033211391
1210.230046332768 0.5414070963713851
1209.6662983739834 0.5416594115312446
1209.338838281851 0.5418060799712133
1206.6471341763165 0.5601875996193514
1206.509042040552 0.560251716421932
1206.439061668671 0.5602842142286657
1206.3613406486556 0.5603203110921519
1205.6422642285495 0.5606545007065734
1205.1471550580416 0.5608848337274177
1200.4535244936428 0.5630778267462863
1200.3417836715769 0.5631302441328203
1191.2491485869384 1.2321117450744818
1190.7569959373761 1.2326209900858187
1188.9100579368567 1.2450334616437684
1188.0960670880982 1.2458864615587164
1198.8681606110392 0.5638224317653765
1198.2510571320638 1.2003399937619847
1195.6453792887744 1.2029559026094896
1192.6115990707906 1.2184261831906384
1196.1375319383367 1.2024609445307004
1241.0303303363885 0.3163660254756383
1251.657260076175 0.3109963805244907
1229.56082520781 0.39160072562065595
1211.0118288847807 0.541057584821305
1228.9973932309144 0.3935266179332424
1212.3669491987198 0.4748195357655253
1223.597785666423 0.4073254565274052
1213.6661078940915 0.4636098302375849
1198.9458816310546 0.5637858822803866
1211.7600992061457 0.47505732559863023
1231.0598828478524 0.3566182483722473
1208.6607763795112 0.5421100346195846
1207.2938222705218 0.5427238367659039
1220.5161602271655 0.42093574672815853
1205.0354142359754 0.5609368435950653
1206.3930622456521 0.5603055777057842
1236.6110553017859 0.3248328196585447
1211.503981534343 0.5408377894859249
1270.9591251480388 0.2874462939667914
1210.0779645382208 0.5414751400555192
1204.95769321596 0.5609730246028252
1225.4875265425458 0.39903411202901173
1216.808823096196 0.4615938363398046
1233.462537380028 0.32919715168765157
1208.0796883131586 0.542370790325367
1215.5091367667383 0.4620873967588144
1266.6617215797633 0.28842151308673125
1262.372069315111 0.2894015949713519
1213.661801329351 0.47431295222892744
1259.471952412832 0.2935556147243023

1217.5551224113024 0.3242844839909782
1368.3552018700236 0.1760694354006631
1305.7247700073078 0.1829325049857886
1304.6892111446357 0.18307770230572556
1299.4048832324088 0.183822229762013
1299.373048858082 0.18382673336910024
1297.1555822143648 0.1841409822187052
1296.855412879326 0.1841836033741841
1295.3750129346092 0.18439409484849095
1292.659223646953 0.18478149432573582
1291.724907898967 0.18491514837160053
1291.3581668215684 0.18496766360903313
1290.013660500144 0.18516044466290588
1271.087551677502 0.1879174276266003
1270.0041877766141 0.18807772863930386
1269.7733722247497 0.18811191683829973
1268.3171444627678 0.18832789893461965
1267.997062861861 0.1883754387098699
1247.4193064897438 0.2113518151692812
1218.3583037473431 0.29283849117682575
1217.4951498035496 0.3270647455104272
1204.7411815752291 0.35938867287901527
1204.516211754805 0.35945579659591587
1203.3345707469346 0.3669984714270946
1186.2807513541686 0.5082478716099681
1177.834200649856 0.6059666592103791
1176.2928837242507 1.054228204809661
1175.8085437555706 1.214407611538682
1176.6429562216108 0.6500666495236719
1176.370604744266 1.0541585535525857
1199.3337857283364 0.37782085338970656
1181.3949847016663 0.5589147222730734
1250.657582180227 0.1929347434708654
1177.2720924044763 0.6062559881240304
1178.5391428105663 0.5916278679803048
1237.094201265249 0.24649064918789385
1267.455546819611 0.18845592147100754
1244.710409059051 0.21745763360746528
1213.7921491325415 0.34315038261815317
1214.2220833940712 0.34302887922238867
1282.701620316153 0.18621595171958763
1184.2544318392625 0.5254937023071631
1247.0366452235396 0.21141666984176977
1188.0531834787007 0.47069487749870514
1216.5998034127797 0.3273054460584787
1191.2906629371205 0.43419337538195635
1194.0484472111393 0.41923384411672676
1285.9011423943064 0.18575261746379731
1217.5845781353069 0.32025525485527717
1270.6349698679064 0.1879843610980273
1222.6117824340483 0.25364133770055647
1214.2354114501532 0.3382794031465719
1192.5725855075623 0.42773185389224144
1189.501088247532 0.46765281007860604
1185.7302935428397 0.5086587118494557
1185.0183638617627 0.5251549383866562
1186.4977288089174 0.49114848521365273
1195.4135552343105 0.3875494711352914
1298.9855557703402 0.18388156968980165
1267.9310158698447 0.1883852512556163

1216.442150015358 0.31652149763226495
1207.8308545735194 0.347085385729372
1205.9929442302623 0.3476143372655126
1313.05811200949 0.15945196551186266
1292.7317409997233 0.17024653347344676
1253.7012992673958 0.24391078985399753
1249.5830411313596 0.2447146480704741
1247.9204040099814 0.24504068782166302
1238.2602962743522 0.2469523371340831
1237.056856449211 0.24719257853921292
1230.0307367167868 0.24860457955832493
1216.5049630435094 0.31650515435842286
1209.096766201104 0.3467219909723585
1193.3710671312679 0.4191034387619193
1190.6589164992383 0.4359691259529994
1189.387499162534 0.4364351630564622
1187.6869463230119 0.4525762847594605
1187.426575430355 0.452675522635466
1187.2016056099308 0.4527613027848159
1185.5750256659817 0.4793873105238157
1183.0787133127412 0.49995622594764905
1181.2028728416105 0.5163670468338203
1181.2028728416103 0.5163670468338204
1180.966792655711 0.5269566000763116
1180.9667926557108 0.5269566000763117
1179.5255726807836 0.548929341600356
1175.3539223643304 1.0115419228049187
1173.7677483667012 1.0220517109300158
1173.5233372050823 1.0336291742962722
1172.9785298686368 1.0341092587504894
1171.5373098937096 1.0585075905533945
1178.2083377476517 0.9801898914145584
1178.2699002764605 0.6238706883560707
1230.2208329358257 0.24856616467431017
1178.8990364593262 0.5801344678707098
1265.3380178205878 0.21294985923968726
1257.1466409943384 0.24324232684854352
1238.4219557869953 0.24692010079146928
1217.7071300540583 0.3021974337053776
1250.1974483499826 0.24459438351028345
1177.1014221658268 0.9811116365110495
1194.2225419421961 0.4120806233930352
1215.174916189806 0.3351557636688816
1185.0896849529008 0.4795836384322312
1230.7648870493545 0.24845628711296752
1196.8860388950382 0.39780441666107974
1185.0896849529006 0.47958363843223134
1172.1586038271266 1.0579465364926732
1174.8586292199006 1.0119683654144447
1280.6351026499597 0.18183961715715696
1183.078713312741 0.4999562259476491
1278.174954632672 0.19666616522656727
1244.7929566566922 0.24565633385860264
1260.6094768041996 0.24257415144975114
1198.9776716540803 0.3846591870095005
1209.1447921540305 0.34119104240291137
1222.3196512000877 0.2558078693816744
1200.7582692825886 0.3648111518000342
1191.225986817352 0.42167053874461385
1196.903962802635 0.38972769573088545

1369.9315260762573 0.2721638889822366
1345.0621589062546 0.27420354090840554
1341.8876240973868 0.2748522306121458
1199.271460019867 1.1296093430559637
1199.2605396879828 1.129619629151868
1198.6984314426031 1.130149344125237
1197.909371531061 1.1308937706759412
1197.7812714702945 1.13101471726627
1195.616818560382 1.1330622194910116
1194.508678697329 1.2913576801225126
1202.3311223547064 0.6977766150819847
1328.4339174382478 0.29679062889430213
1302.4155537619154 0.30271961714693396
1293.1032892117555 0.3048996480716977
1331.786386991788 0.296043525937805
1263.8873314232364 0.37421382700478845
1201.8463934737238 1.1271891761336195
1273.4118246662154 0.33124127777971996
1243.7906654037683 0.3857936208970244
1211.6814103256559 0.6104678832407142
1202.162040272068 1.1268932146553363
1222.7672268816868 0.5118714793232614
1226.6630155432456 0.39118037991186366
1276.0418672150886 0.32044415586133285
1206.39370937439 0.6249333450025851
1261.7847115891755 0.38029189927312446
1216.3652734016723 0.5646879623688559
1202.179368772467 1.0463857591084251
1319.9355306423536 0.29870151128453
1312.981259869234 0.3002835987470879
1215.0885772165811 0.6090899813372269
1220.9338916487814 0.5297287707844613
1335.5076221675458 0.27616525775824374
1219.305770769148 0.5399920007633131
1321.4735722362632 0.29835385745461507
1304.4614610547792 0.30224483403458885
1199.4088846759114 1.1294799158210838
1266.6824514521345 0.3411044067087651
1231.433060386236 0.3896651144752735
1323.9059715799624 0.29780569486403724
1279.6444904393795 0.3195419993900476
1302.2407658474292 0.3027602484433446
1284.617535571081 0.31449188465697214
1263.856477260459 0.3745647405311217
1201.069224503467 1.1279185399649692
1282.2952561733941 0.3188814409278029
1270.6391735307184 0.3400422205545506
1307.8937674537256 0.30145165273522
1216.4514551686461 0.5570974492120594
1201.2475056237452 1.1277511418393158
1309.1571515605333 0.3011607409630293
1273.3622795727306 0.3312541660051189
1301.1244562481656 0.30302000389563033
1326.2914575015873 0.2972700574756941
1301.7780594504513 0.3028678621050501
1279.6139055389554 0.31954963697525235
1200.6231773487664 1.1283375763995287
1273.5316603572637 0.3298313550076454
1276.5830471453976 0.3203083104525091
1276.5771927164797 0.3203097793979407