

1324.0119649950993 0.29182671336533816
1306.9412777949562 0.29563842443847105
1302.7129916300776 0.296597994096478
1301.1535503445689 0.29695346878820106
1300.7852033573836 0.2970375579331883
1293.486990445595 0.29871352634771975
1291.9026462376894 0.29907985816588756
1341.2131680110174 0.23562528348827472
1326.8101942887408 0.29121125377547286
1321.22930701219 0.2924413333478517
1315.3804267333405 0.29374168289888347
1313.6904995544728 0.29411955124280886
1313.2579729304405 0.2942164206616003
1312.2013051070787 0.2944533424079877
1311.9266417092392 0.2945149888087541
1310.964679044859 0.2947310986916999
1310.4932215460933 0.2948371299052255
1308.680535962624 0.295245516062247
1306.6228171019563 0.2957104798291253
1304.804158798798 0.2961226461422426
1303.8580542912741 0.29633751843556705
1303.803177837502 0.29634999114034927
1302.0191115632254 0.2967560589314287
1298.1169706658964 0.2976481079379928
1297.0870745821426 0.2978844425886953
1295.802263097955 0.2981798004250706
1295.4553685731375 0.29825964643342245
1288.2260699665462 0.2999334272213082
1288.1357239414535 0.29995446366369405
1287.997276309927 0.2999867059563012
1285.6713675237443 0.30052941207292394
1285.0523128765078 0.3006741876025353
1281.1070217515373 0.30160014240858585
1272.8880404718088 0.3320533230473887
1222.1636493874864 0.4794062797151342
1198.1735294737875 0.7648923251600048
1199.6713491178596 0.733320755280299
1218.4291098424576 0.544649750976534
1208.0286776353216 0.6500359203521286
1208.4904437121038 0.5779794461639685
1201.9998765340308 0.7067164148655962
1327.4543822182493 0.27859079335871334
1269.148315780991 0.34322986197824384
1293.5322791237124 0.2987030678992045
1278.0236106865916 0.3023277950188473
1300.4517896443804 0.2971137133092511
1212.8951911566458 0.5639568532897499
1208.2181394774032 0.6375293705937657
1228.879447091933 0.448901672846174
1236.7399215425874 0.4048279158530473
1220.0448834495623 0.4994150460306929
1237.1804344414038 0.4046837720290991
1284.754222859102 0.30074395034175905
1274.200444774541 0.32891714487367
1223.512431171144 0.45087080888734027
1225.265327790969 0.4502257813174333
1221.9197228337976 0.4935021336425108
1322.145966079305 0.2922385803941764
1244.6457272547207 0.3616277274853603
1206.618602051512 0.6923376743199938

1387.2749001678776 0.2658118201399564
1346.1058456370924 0.3134554238378256
1340.018563037534 0.3148793531772371
1338.0324188714678 0.3153467527570284
1336.1465987520924 0.31579182910679743
1333.8008769256046 0.3163472041998696
1333.0812016575128 0.31651798693891775
1332.8583961374275 0.31657089725174664
1332.4775985807178 0.3166613673837228
1332.4585158822297 0.31666590242426973
1332.3550907565045 0.3166904838673087
1332.3137193938167 0.31670031782508995
1331.1106261545867 0.3169865600079339
1331.039334645728 0.3170035380562625
1330.8142930729707 0.31705714356316544
1330.6280569601465 0.31710151921694146
1330.5118289465913 0.3171292198948852
1330.139976803209 0.3172178761131807
1330.0716816895183 0.3172341642811134
1330.0041217298258 0.3172502787630175
1329.7302888236661 0.3173156104821967
1329.3742545895425 0.31740059424050515
1329.2765095203113 0.3174239335102778
1329.270918471506 0.3174252686276564
1329.1593368186211 0.3174519161748389
1328.9611104798414 0.3174992669442374
1328.6908139248806 0.31756385605493065
1328.6622175057385 0.31757069089151474
1328.0858152007268 0.3177085196945476
1326.9082673358257 0.3179904660794159
1326.8432075539552 0.31800605826863787
1326.8289681665 0.3180094710758537
1326.796839477159 0.3180171717480288
1326.3492487329884 0.31812449004499893
1325.8336640965467 0.3182482009628801
1325.421860313264 0.3183470795290963
1325.2614682765866 0.3183856080290778
1325.2594797496479 0.318386085760698
1325.1350484513262 0.31841598248259445
1324.0605848664957 0.31867437426761996
1323.7692524490212 0.31874450746921135
1323.1133697104806 0.3189025128414188
1323.0741083575429 0.31891197606349403
1322.265663787133 0.3191069615815697
1322.1674342590927 0.319130669415705
1321.2439193675245 0.3193537333944612
1320.611986647113 0.31950654896448333
1320.369745255157 0.3195651671746009
1320.2698700852113 0.31958934149388474
1320.0105113172385 0.3196521351589021
1319.7402270319526 0.3197176002762956
1319.56204805297 0.3197607713842128
1317.856392477385 0.3201746266006675
1316.5083441641004 0.3205024717429021
1315.8892425385316 0.320653262246267
1315.4239064290095 0.32076669453287054
1313.567788580004 0.3212199492428788
1312.373692276938 0.32151221931512963
1398.441184508013 0.21643622137800347
1346.9649917357387 0.3132554899077367

1235.6368579352409 0.3505063252430077
1219.5264606667504 0.46004515467018064
1214.0929736708747 0.5391343934480253
1310.6824026221766 0.18923071966566185
1298.1375654123785 0.22381120399170432
1259.6659117839315 0.33598487736145294
1239.5446715948465 0.34119063872827254
1235.683717675168 0.35049303330186704
1235.5740449070893 0.35052414397573806
1233.0223229750864 0.3821110819909015
1223.7785448157763 0.4491932406887145
1220.1384720086403 0.4521175687688205
1219.431944200826 0.4600808121272384
1216.8117673473382 0.49746330639060143
1216.4918521837155 0.49759413016453347
1214.5645322412902 0.5267391972392498
1204.8576620405202 0.6412422874533581
1201.985682108863 0.687323538287456
1190.5770205855165 1.017200019837755
1187.5583920668064 1.044227503609974
1187.2557012593256 1.0444937293825065
1187.066239417244 1.044660435922917
1283.9822470260508 0.2500170641145741
1278.9717179970492 0.29177786504132225
1240.5965796722614 0.34090134147024576
1200.201585542349 0.888082679526736
1202.62469366914 0.6869583306803544
1198.9866267214359 0.9376538860650543
1208.841925545766 0.5987123108873487
1192.8198135314426 1.0152874350506749
1212.2748048565675 0.5688774694282742
1201.5109113711217 0.7137506241638835
1188.6969212342526 1.02043501281489
1227.5068095558825 0.3997303016321753
1215.6150147029098 0.5202406802127708
1233.5038075868017 0.38173165641861706
1203.217756313515 0.6618487908362513
1218.2351915563975 0.4827724731516978
1223.8769669099192 0.4158333214589149
1202.8605789290762 0.6868236156957281
1214.157223152751 0.5269159006004243
1200.125791114087 0.894710445569323
1213.6559991398672 0.5513935975458155
1230.4875239278547 0.3839241680264437
1237.0562375311165 0.35010415959266655
1205.4867982233857 0.623765544891419
1206.8350560134431 0.6130381237016889
1212.8439153478057 0.5517627941076707
1235.6416507046492 0.3505049657096898
1219.8138361873691 0.458177261464628
1221.9251164410769 0.45145650261494663
1216.753543870356 0.49748711075387203
1216.6035930057817 0.49754842786883124
1219.129253393345 0.46736025746534765
1233.4849603289103 0.38173748915691963
1194.8163773520225 0.9784742879532217
1219.2237698592694 0.46732402683981267
1222.9718142765626 0.4494895499748662
1222.2906661411573 0.45132148580290526
1254.430169187112 0.3373872115666551

1270.134313065007 0.27145087718243566
1240.7784592099288 0.33990356416449635
1326.3975263339553 0.21969090169645622
1325.900223114069 0.21977330080227792
1296.0306715660222 0.22186990206020926
1295.6690251178811 0.22490116142256628
1290.7474672406083 0.22575869871061016
1273.8244833119193 0.24024572753933907
1237.6009631064537 0.34165748674084667
1233.113461839557 0.3922423906261527
1230.6759297179185 0.39514615215015125
1229.7119122970178 0.39911974266137523
1228.2826525736857 0.39958416815153197
1227.8052637743217 0.39973953237084825
1226.43789003605 0.40609249719455004
1226.129503756839 0.40794508259281953
1221.3961914515774 0.43830025029632375
1214.3635929100776 0.4602336287286706
1194.6891286743457 0.6944689870706537
1193.2479086994185 0.6953077755309868
1184.9456308895572 1.046529986534528
1177.9533176118837 1.2173709781100148
1177.9459933912303 1.2173785474669385
1177.8482414316366 1.2174795801249638
1177.0361576395749 1.218319567433568
1211.8677883067976 0.5583729490312366
1212.292795629544 0.5056584578017668
1278.4618695054537 0.22792816549231673
1178.5159153544712 1.0522396167776888
1200.4889931761054 0.6838497928790964
1194.05999249148 0.6948348946216911
1223.9611102216654 0.42477741316439654
1189.0719816440906 1.0201131443493745
1214.2261682540334 0.46205332572311697
1256.4338861892738 0.29685198145788355
1192.33074872711 0.7647993387679367
1211.4737186651937 0.6052931997903639
1266.0424813225172 0.27232820265307983
1203.9957990027463 0.6484997840019966
1201.1790699862338 0.6500204966121668
1234.7148177988825 0.36751624874564676
1198.9504292682766 0.6847273492684312
1234.6051450308037 0.36754889604545443
1225.0454431487183 0.4083060791556726
1206.346150191644 0.6445612482323668
1185.375565151087 1.0461504113938238
1246.7533452466141 0.3255610463431248
1214.669454394553 0.4509050710382576
1181.5832454014617 1.0495080562162666
1227.6221199868537 0.3997991678325813
1324.0909870834294 0.2200735987261086
1212.3705166495592 0.5047285485406523
1247.8588415816953 0.3109868965674672
1228.7091557678552 0.3994454665529834
1229.9127370481187 0.39905457289724067
1212.7708806795595 0.4820653407926801
1285.4441720184368 0.22669010052042635
1178.9409226772175 1.0518602851811585
1192.7557560498562 0.7149606270398178
1274.7748049646075 0.2285874080923226

1295.3875120549096 0.2941909811369154
1283.0329968295916 0.2970237897744083
1281.1937082144038 0.2974501987330765
1276.296303793568 0.2985915746925022
1274.6245996392588 0.2989831855055969
1227.4102874389948 0.39704824607841915
1226.1690197577143 0.3988123326204745
1223.5166821235428 0.3996768773988465
1312.0271875125609 0.23266014673721624
1310.1831037160937 0.2908687511257366
1309.5681272694019 0.29100534381404064
1307.7164252282148 0.29141740194739535
1302.5287428027925 0.29257805267613984
1299.9300333277274 0.2931629498153645
1298.0377592114696 0.29359032156001885
1296.9916756625946 0.29382711568233727
1296.4395619670295 0.2939522476047622
1293.334946097045 0.29465787209568417
1292.537055812352 0.294839766032416
1291.6886605030259 0.29503342003136596
1284.657219972233 0.2966482554250376
1284.613901016505 0.2966582588140974
1283.047352279471 0.2970204665064716
1282.4471561149314 0.2971594746082377
1282.155448429803 0.2972270824030321
1280.4371044320496 0.2976259605449176
1277.744725513706 0.2982530982240817
1277.3109578571273 0.2983543833079434
1275.2097915151226 0.2988459825666437
1273.0396829389297 0.2993554154134121
1269.1011743999666 0.30028443028123614
1262.0001060972963 0.3080538323643807
1258.2504123533843 0.3351836935504523
1255.5079721873976 0.3466221869012653
1240.263080306898 0.36313323727463753
1239.677120084328 0.36671954990195155
1236.6540111521508 0.36761602792807274
1236.2934524470222 0.36772324127515627
1234.8202995853524 0.377245451116666
1229.0851358901928 0.38308604808028496
1227.2688320667871 0.3984549384612116
1227.1531677939938 0.39849249449081536
1227.1020662131182 0.3985090893585091
1227.085647282321 0.39851442158057104
1226.3899322200646 0.39874049363019887
1226.0835479833522 0.39884013431291426
1225.757340179935 0.3989462766625165
1225.4042769799662 0.3990612209724884
1225.2730684427302 0.39910395449893243
1224.6396833333392 0.39931037154169113
1224.4542044294635 0.39937085861401433
1224.4216615159303 0.3993814731692187
1223.8820335980797 0.39955756644199986
1223.8772408286713 0.39955913113102054
1223.8384637099862 0.39957179109580265
1223.2730684427302 0.3997564726729931
1222.8541004479998 0.39989343518362697
1222.6068798418055 0.3999742967418999
1221.4687883795214 0.4015543420423957
1221.391067359506 0.40247075900595664

1242.1497832568054 0.3104352016710641
1195.8330618400012 0.6899574658829112
1178.9091276533563 1.2924906178060909
1307.0559289176308 0.11153160973066756
1294.7625538068737 0.11259056831044294
1292.4706102888122 0.11807065414069051
1286.2310368671917 0.12913203611870283
1280.8847285294294 0.1398087014365228
1280.83900705503 0.13981369211835581
1273.806645074016 0.1459405849377347
1273.2841846355293 0.15572650314231784
1273.0905279239032 0.15575019154612738
1273.0316640100284 0.15575739330404145
1271.9504755152354 0.15588979083433924
1271.3190563511548 0.15596721577414924
1271.1451569016224 0.15598855292264166
1270.258074113783 0.1560974872905607
1269.532022163792 0.1561867602533985
1269.117406468717 0.15623778585736064
1269.1015449218717 0.15623973855607837
1268.6605923656323 0.1562940433185318
1268.162096759756 0.1563554801758689
1267.6748455364352 0.15641557792037875
1267.5948057318665 0.15642545447732867
1267.1798848210428 0.15647667387626735
1266.7352666091024 0.1565315964641065
1266.0608241658872 0.15661498230967136
1264.1273288612078 0.15685452648059833
1261.632917817767 0.15716464811545836
1258.4547721125418 0.18097791927238815
1249.1100677252043 0.2791941996842802
1245.343473175002 0.2954422171299946
1232.9080929705606 0.34879738876476934
1227.3745562229594 0.39029994840107335
1227.0437545420193 0.393909871612717
1211.5918907317832 0.44226009653223286
1205.9090839381597 0.6204156106784946
1202.5812950433549 0.647397273519919
1202.4112878420897 0.6474888080885735
1199.5302237760213 0.6490439641831762
1199.3392671999554 0.6879404114670518
1198.6715627955678 0.6883236197260527
1196.2503679413333 0.6897167775889814
1195.9512932091745 0.6898892569045639
1190.0692688123663 0.9351131707467212
1179.4372766488268 1.2919118438136417
1179.4372766488266 1.2919118438136419
1175.4621403348967 1.296280785618332
1173.126617564533 1.2988614902466882
1195.7650272282524 0.6899967219133566
1182.5212262515438 1.0533166171411623
1209.6061204903353 0.5925575476022292
1253.695075572909 0.19154301355585335
1210.2785829268382 0.4653300944741664
1239.3989450366691 0.34697070312768413
1217.2218707891952 0.4180158236207893
1229.2477778625353 0.385429729795775
1258.2186919266424 0.190854367683618
1187.716271682938 0.9783468560846971
1199.3439577950992 0.6491447649666916

1297.686854990653 0.27571087394268945
1222.7581907111528 1.1762821769418506
1222.1290545282873 1.1768877117468957
1213.295797491312 1.2097231938977795
1211.944032235433 1.2110724820985934
1211.3148960525673 1.211701492375809
1211.056435750871 1.211960090343699
1209.3299857374448 1.213690295117353
1208.8349941657302 1.2141872748289384
1208.83499416573 1.2141872748289386
1229.3458994542134 0.5609778529741981
1229.1229753807922 1.0019519833078432
1254.1167668588105 0.3112772516441874
1223.605455846528 1.0305328386104635
1223.5519495970536 1.1755190835312421
1229.084629177252 1.0019832432014073
1284.7207922321536 0.28389400501435336
1243.874648411013 0.36207888632459573
1233.11980457175 0.5247557256142513
1228.4938391979265 1.0024651028906038
1279.4513721537396 0.28506322238573795
1274.4530118154166 0.2864750077127472
1250.2926451379042 0.33890496169015355
1239.7517561138231 0.4064619573921275
1273.9576813418728 0.28658639273228675
1248.3354517365947 0.3549271850861487
1228.0662591721098 1.0267895517322019
1230.7656385216062 0.5511831387422778
1249.1494425853534 0.3546959017258184
1237.7609556479222 0.43394531785874535
1240.565746962582 0.4061952594645925
1226.748441948316 1.0278925659364304
1214.218369088843 1.1845551863315236
1229.9750356370791 0.5606909109998761
1241.430415801482 0.4047470913924248
1235.8163465865484 0.47328774798602263
1213.7233775171285 1.1850382822694663
1224.1962458258536 1.0300355094636924
1226.958934345621 1.0277162246063993
1217.4954998017822 1.1813667210083003
1218.1841808427102 1.1806988541323908
1212.7046539807354 1.210312884069512
1219.5126856341776 1.1794126321000393
1224.2345920293938 1.0300032460792423
1221.327166944498 1.1776604216882662
1214.94330367932 1.1838483837784333
1215.3149091742296 1.1834863997681728
1216.8663636189165 1.1819775034012077
1220.721909513047 1.1782443284047737
1218.921895654852 1.1799842726350223
1215.9448191022693 1.1828733046497082
1220.2030917513655 1.1787453057333097
1216.2032794039656 1.182621927436404
1229.936689433539 0.5607083918734699
1216.573955285135 1.182261596341744
1221.9563031273638 1.1770540916742414
1223.3767626385873 1.175687417293295
1220.4159175965435 1.1785397467412273
1222.7690559259572 1.176271724797628
1223.3870531474074 1.1756775280095182