

1309.626617901868 0.2235146224808413
1303.7478738936832 0.22452247474580933
1301.584364676477 0.22489567870919838
1298.2872118734006 0.22546682768969695
1295.3316273717999 0.31335166611644444
1292.881250782321 0.3139455563801182
1287.166626121573 0.3153393782693851
1285.4077759411487 0.315770863695835
1281.3510374255923 0.31677058960031396
1280.6647612457825 0.3169403390278656
1280.3856469496425 0.31700942960214445
1278.7411349960905 0.31741711633568415
1277.6772904877569 0.3176814103468393
1275.8348269189466 0.31814018166480507
1275.6763035328456 0.3181797157211426
1274.2140123558415 0.31854485955607853
1274.151198976184 0.31856056324902904
1273.9973306871377 0.3185990377164742
1273.7893730432804 0.31865105189293136
1273.59215934811 0.31870039449523346
1273.5425216096935 0.3187128161981187
1272.627023345183 0.31894209078113017
1272.3418337768535 0.31901358018340975
1272.286464947512 0.3190274633842182
1272.264595854344 0.3190329471816474
1271.707612663012 0.3191726774052395
1271.655931807955 0.31918564877309663
1271.011057836459 0.31934759426971504
1270.9389984175348 0.31936570056915714
1270.7388899614707 0.319415992393674
1270.1643154601697 0.3195604841592694
1269.6334773149679 0.31969409350221906
1269.610522464031 0.31969987364513053
1269.4584990374035 0.31973815915845827
1267.2854003235216 0.32028643548379815
1312.663870166895 0.21821807372812574
1309.9157600639996 0.22346528533781088
1309.040430553359 0.2236147121655042
1307.7496349508049 0.22383542787393604
1305.9791315689415 0.22413887941650054
1305.0386694962374 0.22430040268783089
1302.9854903840176 0.22465384400015542
1302.5519342235546 0.22472862033381158
1294.0420143240747 0.3136639453103787
1293.7183722430948 0.31374241281471865
1292.2304403259661 0.31410366985929516
1290.0430142878383 0.31463627112802184
1287.9463672209686 0.3151484673124133
1287.9149300702406 0.31515615987784384
1286.6090099727674 0.3154760463078602
1285.5791769503332 0.3157287632591766
1285.2577993176135 0.31580771097112326
1285.1657991163208 0.3158303184611445
1285.1042646716403 0.31584544131443665
1282.3768131701784 0.31651720418030865
1282.0052763872388 0.31660893374332383
1281.6936177590746 0.3166859208676941
1281.6647179895679 0.3166930616978899
1281.6428488963995 0.3166984655356892
1267.2758107736825 0.320288859109902

1262.4010598901875 0.340426238348864
1257.3340738009992 0.341798137074947
1254.2006637699337 0.34265206240145013
1245.7936381436639 0.3449643913308189
1240.587708674074 0.3522345828217856
1239.9524911570802 0.368082498146562
1239.1933841659932 0.36830797868996235
1238.8678556581704 0.36840475636174924
1237.0701863390195 0.3689401099211949
1236.3707829839616 0.3691488158808032
1235.6839459930322 0.39719080560619413
1235.6793609861086 0.39719227938867463
1235.3688274828785 0.3972921212393273
1234.5296582785677 0.39756217980861613
1234.294415150229 0.39763795084811804
1232.5408579465952 0.398203677240596
1232.4599640936651 0.3982298137729309
1232.444321034557 0.3982348683887128
1231.5845569649268 0.3985128744981417
1228.123255868813 0.47851800816844015
1299.4558286882868 0.11392701414321135
1296.4693369879162 0.11418945157422472
1290.6109044448565 0.11470778843072628
1261.1083827552698 0.34077518632229525
1252.9576871361528 0.34299198489959554
1249.430487309052 0.34396026707465305
1246.0645348438366 0.34488939544362734
1240.0110975231207 0.36806510154611016
1238.7476188459943 0.3684405149075753
1237.1884963410891 0.36890482887445275
1235.516054754122 0.39724477888819265
1234.8561881763114 0.39745705344721255
1234.6964480205816 0.3975084748728717
1234.159066749606 0.39768155921443343
1232.4226265774216 0.39824187855640675
1231.6442606009562 0.3984935566899294
1231.0924043153645 0.3986721876141852
1230.9649695471394 0.3987134598673226
1228.5662805755453 0.4264980284889523
1228.48855955553 0.4274107290048034
1228.2009768888283 0.4776018021003129
1228.0635522327839 0.4794029389553073
1228.6780213976115 0.41420845440721044
1262.6893712987392 0.2403276067754649
1256.401476530009 0.3420518457945086
1245.637226106738 0.34500770778121403
1229.118136861137 0.40520696138342216
1269.7584775311868 0.1959412281168857
1229.5927235469821 0.3991584307426654
1275.8083601211001 0.1837451440627448
1281.7718633922188 0.14172903778080354
1243.4103098561054 0.3483150581724051
1235.718269619827 0.3706137837427202
1286.87460087539 0.13504375069507243
1253.2264836591096 0.342918418745237
1251.6965765663638 0.34333755652262926
1261.013340260009 0.34080087052641667
1259.0935792523685 0.34132049530521585
1246.3967514991607 0.34479746805271166
1228.9807122050925 0.4069986588984842

1287.5826393151394 0.19978614964947483
1258.9674578126187 0.31696122658897624
1230.1284899792695 0.38421705239705295
1224.8715909455286 0.4006969429381107
1196.892198989137 0.7523377069412673
1186.932866829831 0.9729850229230951
1185.233046936698 0.974380444103731
1185.0037976924866 0.974568946436652
1173.8427840329548 1.0620069388982385
1172.4826114047546 1.063238951002467
1171.0539756185337 1.0719743454309953
1270.6519958961342 0.27593601256216566
1222.1732297197696 0.42961928640351765
1243.5180038723988 0.3278483281848739
1223.277393711222 0.40121913844463364
1193.7007810651542 0.8589001212615249
1233.0107214508685 0.38331892356404434
1226.3593075105373 0.3897080610385202
1192.9027166823337 0.8594747344178143
1175.2767879076182 1.0564968570771218
1211.2549939938751 0.497266587728667
1179.1133859197514 1.051706434637486
1188.3012615546977 0.8650824745131922
1188.2952981916674 0.9718694539968822
1193.7917864178955 0.791895008606097
1266.7475121472826 0.3066549120580647
1210.2197121558443 0.6551600160484354
1179.3438002483274 0.9792461726575613
1203.2436025914556 0.6790455541409732
1204.7138783884116 0.6581542557630611
1173.5614911326654 1.0622614931028775
1222.2914610889432 0.42822351976422257
1245.4279165372973 0.3174033008371687
1236.263802249333 0.3464410348056155
1222.250950739785 0.42870172955588864
1235.5378833135762 0.38108533442911413
1230.5446501627691 0.3840871133176314
1173.582793252637 1.0622422116155403
1222.665382369332 0.40910089456387544
1203.3670741921685 0.6789758806030105
1216.1609059792556 0.4707623948606803
1212.5919185064074 0.48551970962288765
1216.0980929511043 0.4719494663285114
1182.5351361892049 0.9766034575194389
1226.1893378565885 0.40026632660299327
1204.576453732367 0.6582293415925593
1180.4944258278585 0.9782917033519333
1181.4657951992508 0.9774873782493491
1212.3972885976868 0.496798073863484
1224.7770744796044 0.4007278648583052
1232.1985405435075 0.38357158115201023
1184.5299683698802 0.9749587882777654
1262.7298352168034 0.31305424219728273
1233.655198683759 0.3831186728623599
1186.2089053244495 0.9735788506196731
1211.3924186499198 0.4972101760418106
1185.066610720638 0.9745172905836271
1184.5898854150735 0.9749094744599638
1185.7244890104876 0.9739765968773741
1233.5615230612195 0.38314776657152305

1207.5473022540052 0.30260213211065495
1269.2155379352785 0.13638357499591625
1250.0544880491502 0.18004675242121568
1248.550759017184 0.18066067374067848
1227.5515707314405 0.20257101164779664
1223.7636225426643 0.2134226820641316
1211.159365727883 0.30169967605124326
1210.4418751077885 0.3018785088329768
1210.3832017468549 0.30189314240247883
1208.3554826954046 0.3023997437173388
1207.6298620318298 0.3025814446752232
1205.453857763352 0.30312764435838413
1205.0574851970307 0.30322735037556026
1204.0747085549374 0.3034748472751094
1202.674266803179 0.3038282254577675
1202.2603622315512 0.30393282500663155
1202.2589300574393 0.30393318706235256
1202.1297253892233 0.30396585374196694
1200.9179366398182 0.30427257112084
1200.5364189939605 0.3043692656926968
1199.1675204294597 0.3047167156058963
1193.7378924867483 0.33180933801362356
1192.9082326154803 0.36049252876887194
1214.8045467862046 0.2520890946950549
1252.4074764778857 0.14473561235533924
1218.6889443848836 0.23163374300643744
1213.7214078506559 0.2726834669728654
1223.1465552753057 0.213530352032743
1195.4774166510538 0.32007211120011836
1218.99674813724 0.2189568229275169
1244.13284872485 0.18806489484271086
1240.2150773093435 0.18900109730210948
1232.2800655287601 0.20179370785017872
1235.778668514424 0.20122241131726357
1247.3224609993115 0.18083857893713057
1213.2414548582033 0.27753848666561476
1194.687158253462 0.33154569138155227
1199.2235099786149 0.3047024889405709
1233.5863204845566 0.20158002679150394
1196.5457938009326 0.3053843740704533
1237.5471757137161 0.20041674087117486
1234.5664989038848 0.20141998325216925
1246.677710555051 0.18093210411458582
1200.3908078576796 0.30440618663072494
1206.3923572991905 0.30289182957407373
1208.881871820766 0.3022680683731092
1208.433320106637 0.30238026559403924
1205.5697145640097 0.30309851340175675
1201.4514110692135 0.30413746650090795
1196.923521332303 0.30528800025568503
1209.4662131896441 0.30212203061288484
1208.0927283474061 0.30246551420467876
1210.335476527669 0.3019050464709551
1206.8729551684874 0.30277121276242236
1211.4575579968393 0.29621229414404554
1194.7621849754732 0.33152487151737003
1226.7102701688102 0.21291002520067887
1237.61603665055 0.2004055896868617
1219.1276795968813 0.21423425856587458
1203.4755813622182 0.303625926396385

1230.3208229863715 0.1905210463179188
1213.584257498549 0.20586441014106086
1206.9477288583896 0.30275245526345773
1204.4480857067383 0.3033807705145886
1204.3394287027268 0.30340814190575394
1204.1993767146082 0.3034434291798606
1290.1713326360239 0.12535963295805094
1280.0135949505684 0.1263544429139421
1271.9771863886467 0.12715275591651523
1270.4428145653674 0.12730632410840378
1256.86457152437 0.1864974284522917
1253.647351759372 0.18697603450693376
1253.5142962401553 0.1869958812637095
1252.7397687062257 0.18711149462762447
1252.6615585820107 0.18712317696363662
1251.7075285254443 0.1872657990466993
1251.6448904262566 0.18727517069338986
1251.2506080630853 0.18733418308977828
1251.2095027487828 0.187340337479158
1250.84537829238 0.18739487275564443
1249.8506692832257 0.18754401326721148
1249.634709505228 0.18757642430954402
1249.259655425025 0.18763273870582003
1248.1596784184794 0.1877980955121808
1247.5794978534257 0.1878854300711069
1247.4299540314653 0.1879079540655105
1247.2959829726653 0.18792813710779296
1247.1561620400105 0.18794920607108903
1247.0138127849068 0.18797066086910913
1247.007366000532 0.18797163264068997
1246.6299180482672 0.18802854568825683
1246.4614511121645 0.18805395890337365
1246.1816503774464 0.1880961819900736
1245.837608386116 0.18814812534495223
1245.2457922736419 0.18823754471324228
1244.822363200842 0.18830157412931023
1244.7672186129093 0.18830991610085088
1244.621729704534 0.18833192841469365
1244.4823559627916 0.18835302033731266
1243.8433444025145 0.18844978473931737
1243.7497773549237 0.18846396177902278
1240.966812844251 0.1888866068584425
1240.6686089385823 0.1889320071559014
1240.3102394349594 0.18898659629615858
1239.832725909658 0.18905938325680757
1238.9028431667846 0.18920128547201226
1234.3152965889994 0.18990448481830433
1228.936992842641 0.19073558031636242
1227.9225881157747 0.19089314975610325
1225.5936946385882 0.19621956291519008
1221.2866315926772 0.20456607062062768
1219.9609210196672 0.20478836905496947
1219.7271421822563 0.20482761978997183
1219.316056089751 0.20489667636101921
1217.4084105140719 0.20521774383086397
1217.34212093608 0.20522891883039865
1217.1940140487686 0.2052538908693698
1215.7930654446102 0.20549040328261206
1215.6856780791911 0.20550855523868536
1198.0632187077927 1.1417360906996574

1328.679812738815 0.15223818869684175
1327.808417134984 0.15233809745374802
1322.5326021661645 0.1529458008960311
1317.366439217729 0.15354559067827045
1307.6396907687665 0.18328263775217155
1304.3740158104422 0.18374151037087438
1301.6215827737265 0.18636911067400896
1294.8798120187362 0.19507159018921796
1291.7258696751749 0.1955478867183556
1286.9498046566096 0.2307367318656781
1284.6660746916168 0.23317418350559718
1277.7852915615238 0.24826955521436894
1266.3492342026675 0.2606739380403085
1264.2357090089401 0.2830364977028327
1263.6065728260744 0.29177332175714005
1259.2185272508202 0.30713679606903416
1255.2446989869275 0.31359459445774285
1254.3199486624078 0.31382579280813316
1248.1144510329789 0.31514083144374466
1247.836867757322 0.3163999553305365
1247.7740547291703 0.3166621387622346
1243.7399485434064 0.33978860250815857
1243.7004999946428 0.34054500714029623
1243.6747749486399 0.3405520512133539
1243.541428771776 0.3405885689465003
1243.4438029137289 0.340615309400075
1243.2534670089149 0.3406674559050545
1241.9647540737908 0.34102094625617807
1241.6279682850316 0.3411134465954922
1241.5822468106321 0.3411260081553533
1241.1389844930204 0.3412478384313029
1240.8128893398307 0.34133752098304376
1240.7588832230645 0.341352378272614
1240.640651853891 0.3413849086906633
1240.6158564209375 0.34139173174275556
1240.503705335947 0.3414225961835122
1235.5542494022648 0.3427902869145272
1231.3806734568707 0.3694389328951548
1231.317860428719 0.37066368091927165
1230.158465288625 0.3842076901682587
1210.1021541103087 0.39293069295718186
1206.6860315085792 0.42976226099085857
1206.3421610134803 0.44593305739852024
1202.2192687162903 0.4474623407956944
1201.119086868408 0.447872200192932
1200.5844671514667 0.46928046711293947
1200.4899506855422 0.46931741430375407
1200.00311783621 0.484206814746342
1198.516860420712 0.48975917248420137
1192.8742848558213 0.5315189448009917
1191.987576035079 0.5439169676910011
1190.8494845727948 0.544436787588595
1189.77826050931 0.5458548180699981
1188.9046569959455 0.5462559105243399
1188.4624762629737 1.135345634753029
1180.4054436972378 1.154613985545201
1178.4759336549016 1.200546584135067
1178.0425318567557 1.200988265173104
1172.7690244271494 1.2063886640643982
1168.974066367367 1.2103050848949715

1410.8393283503772 0.21019064011626373
1382.4168442830905 0.21451215872658957
1190.9210556866553 0.9376912962674839
1194.1621752399765 0.666533181011201
1355.6777073891053 0.2400389558427649
1331.7255307421967 0.24556909263551
1301.3538872513207 0.28402040606478246
1316.5264292392485 0.24840415122761955
1215.1247057424932 0.4414541343541987
1196.3751350380383 0.5974314022706713
1271.5038180586093 0.29068812396917726
1253.038463683715 0.361563326444886
1325.1300290597574 0.2467913510766547
1194.2616098443107 0.6415709668668003
1261.103099634948 0.35925116290969294
1208.6739945849015 0.4905414147493833
1285.2529719479817 0.28757845152531
1244.2952951257505 0.3681742667843792
1277.0967529591946 0.28941508044294034
1211.834131661019 0.48057272250587435
1213.2075562526875 0.4568893927097103
1257.8124375922694 0.360191028131441
1200.0827351212524 0.5500088541164503
1194.2940971233434 0.6415535148044732
1218.6668962846052 0.4159580829509084
1219.1544132217728 0.41579174913101563
1195.9633844611062 0.625409285821366
1207.9473482764945 0.5228982245153291
1205.2623712661311 0.5428001097343396
1292.0945772892223 0.2860557315135063
1236.8971531997288 0.3845222519853465
1289.921959609395 0.28653753565295237
1229.7450387803237 0.3901648146617591
1219.881212686034 0.4071683576703044
1213.1750689736548 0.4569016276241655
1299.174644235524 0.28449682352644295
1207.299133268285 0.5291323987203244
1225.9215252760832 0.3913816955199386
1375.4209173476388 0.21560325118438875
1220.3687296232017 0.4024424920059554
1222.0484892361876 0.39774621600753346
1243.8359784978572 0.3683102240694392
1223.8995398485135 0.392028291142531
1221.7380942944142 0.4019914210822269
1227.8582671295078 0.39076435610001536
1235.333172257312 0.38839987131585163
1233.4473026427543 0.3889937122639354
1202.5189643405201 0.5488945701167887
1213.7662443932288 0.44959499356310634
1235.7090605066257 0.3882817246158487
1223.1825149030606 0.39225809663815225
1213.278727456061 0.44977564881508414
1207.6508888607261 0.5248420175701555
1202.1347214690463 0.5490700153659702
1232.8402017601456 0.3891852686600583
1232.9014438623221 0.3891659366006245
1262.7573163382085 0.2927015782913184
1200.774808953136 0.5496918531830529
1263.4703496748461 0.29253639358155303
1239.847470199374 0.37402061691279537