

1274.0408272300415 0.35889416673495195
1273.4067163460627 0.3590728831610567
1273.2579254777513 0.3591148438392536
1272.924965421734 0.359208777811616
1269.586702669482 0.36015328461901175
1269.3722549467998 0.36021412890751897
1372.046762774714 0.21631051412197286
1329.1178330607054 0.2802379960835335
1303.8852454131911 0.28566111887997314
1297.871454853846 0.28698475238271154
1276.7860490438818 0.3581225072262045
1276.775561316817 0.35812544892655135
1275.9420825895934 0.3583593858328033
1275.7843911438133 0.35840368031551767
1274.6374472610576 0.3587261790068737
1273.6245071877129 0.35901148140175004
1271.5073962158651 0.3596092499625598
1271.207533697767 0.3596940774453796
1269.23618160583 0.3602527470470704
1267.6493848894472 0.3607036981404061
1267.452990281057 0.36075958996604723
1267.251039251779 0.36081708115623684
1261.237248692434 0.36253751746475643
1260.601123807075 0.3627204612464017
1260.44211553574 0.3627662194393483
1244.4919878625276 0.4156302757390876
1196.0977971917716 0.9035036891125838
1189.4161954505119 1.019817926384679
1189.3384744304965 1.0198845695574783
1205.604392338263 0.6246404897050546
1301.2644972441508 0.2862364406964495
1203.975922442146 0.8357322399608657
1209.158834238497 0.546195151905471
1202.1802928305965 0.8866209556230708
1287.9615212781453 0.31655282360867576
1206.0965449878254 0.6243856025873443
1190.421065398279 1.018957067637967
1203.2569779515547 0.8517932885033811
1245.8821129790774 0.39645987915409553
1205.6821133582785 0.6246002239538545
1277.1359475559927 0.3280726314750768
1212.7478977698486 0.5234233633230321
1253.118613702242 0.3683898418287847
1293.2835064482153 0.28800283637633683
1253.5169593399105 0.3682727740178066
1237.4390923799212 0.4179991979044257
1213.1678881824391 0.4989574904974477
1238.4781973031825 0.41764848924810255
1215.1330308705112 0.49815056430977966
1219.3291506736086 0.4524176586946171
1210.4957587510294 0.5264001035984845
1221.7990350823227 0.4366348840632079
1226.3150390451265 0.43502694091324606
1216.3183697893867 0.4808155895704986
1216.5800614760271 0.468339552645774
1217.784119127804 0.4589409191518096
1266.9111748623889 0.36091387474319214
1225.42396308858 0.4353432739205758
1216.2331532642118 0.4817439212073872
1222.4186225001104 0.43641357405094755

1297.2331005366689 0.2413128635644998
1248.020419857096 0.32141654955019083
1242.7060527972017 0.36879148827419184
1241.826762778407 0.36905261541718426
1235.5746066564268 0.39797010452469833
1235.4439675289186 0.3980121869408952
1218.4497526862565 0.46874531663329433
1218.2757504038948 0.468812265971253
1185.0453532141596 0.9936447127700968
1184.1778952441769 0.994372597515189
1340.1309738806442 0.1902164451169439
1339.9286951547253 0.1902451606301695
1322.7951370352953 0.19270931885492895
1241.9780194690793 0.3690076696319796
1228.9251861995583 0.4001234256413663
1227.9714572314656 0.40043418962500726
1227.8761844805974 0.40046525991309445
1226.592099644644 0.4008844957517482
1183.9578524800813 0.9945574051875565
1183.1266269487196 0.9952561482373422
1179.4846978600426 0.9983292294935268
1179.4218848318912 0.9983823979846349
1179.421884831891 0.9983823979846351
1267.811990389284 0.25114741085308745
1206.582484296471 0.5898484825175355
1212.387299594151 0.5437728225797751
1220.1596275433476 0.404338932807408
1185.3446553747817 0.8907738739576678
1198.2811454105959 0.6642070501896883
1215.0962485109076 0.5020212751572878
1215.649353726767 0.4698251295686126
1237.1040052228552 0.38669470594479205
1196.3106643854246 0.6653010865701598
1261.3364731907418 0.27760415644720926
1220.0083598488184 0.4505136858200853
1212.4501126223024 0.543744651509265
1193.3997147670786 0.6895272200052984
1241.3656609835236 0.3691896989766251
1223.7108911855548 0.4018283721269586
1297.8977343280123 0.1986103744077269
1232.7720400264313 0.39887484416711655
1293.4972684396118 0.24479630055914417
1218.5439485833851 0.4546826623286519
1229.9852525189885 0.39977857811878925
1252.741335178762 0.29885945858358126
1246.224070284544 0.3218798502480049
1189.540456723397 0.759722069016901
1185.2818423466301 0.8908210797803022
1184.2996179244699 0.9942703955926792
1199.0487417532988 0.6227808741299756
1219.8983615338523 0.45417784315221127
1185.1302841006639 0.9935735044586917
1216.6942234177493 0.4694216542923274
1218.3385634320464 0.46878809574555036
1316.0904373111684 0.19310719523913
1256.4568860537845 0.2812045295474428
1212.4501126223026 0.5437446515092649
1245.4767360524852 0.32207299061244304
1194.7790723539001 0.6887311694012647
1185.108166242311 0.9935920476758097

1313.1145012509078 0.2229209248792421
1289.9706848733335 0.2269204273583475
1240.9686400231749 0.3398514732943702
1228.4989203209157 0.3980559680335676
1225.8869402156386 0.4048140445189687
1218.0176537009381 0.46113572413212645
1214.068743483828 0.47415396787510694
1213.8055416970333 0.4742567834969454
1457.7263328915503 0.160104441106511
1338.9569755149978 0.21861845036402985
1320.7557026468044 0.22060933157554038
1310.3819829088598 0.2233857782761933
1307.0985372119007 0.2239469257731581
1302.5849533373157 0.22472292370737565
1298.8811270441252 0.22536373267455512
1297.601179159411 0.2255860304325727
1296.602194698973 0.2257598361995345
1292.2291747585646 0.22652382782325586
1289.1348784864595 0.22706755047607818
1288.4837852700734 0.22718229164974799
1287.7323186373187 0.2273148657175544
1286.9313492059591 0.22745634355073152
1285.8184794298477 0.2276532059338532
1285.4321735606786 0.22772162165534846
1285.072442467938 0.22778536790426923
1280.7106357401117 0.22856115263073168
1276.694278156133 0.22928018406564749
1273.730895843385 0.23174270143485978
1254.917056493175 0.3067624007432555
1251.9777079138757 0.3242025165820289
1249.1311241909461 0.3249413258141125
1246.768197412313 0.3267481260705306
1242.7971532139527 0.3393514537214118
1239.8935487765966 0.3943978315227483
1237.227408248073 0.395247731901591
1234.463316438107 0.39613273269838184
1233.4302323240902 0.3964645215766403
1233.3456319569289 0.3964917167466095
1231.2198041086976 0.3971763005473575
1230.4492593649736 0.39742502442474553
1229.879217778487 0.39760922852231684
1228.973371288802 0.39790229664920845
1228.4743660676488 0.39806392421671916
1226.3146477002535 0.39876497265493244
1225.352370502159 0.4067422062832821
1219.886582921559 0.4433042007879148
1217.9548406727868 0.4611595060739967
1214.9529826846774 0.47380888001441707
1214.9088985464505 0.47382607262547183
1214.8272453943218 0.47385792027503454
1214.2582053259096 0.47407998518856637
1214.2320448912026 0.47409019916582934
1214.2310648710047 0.47409058180961455
1214.1464645038434 0.47412361591090413
1214.0985167301267 0.4741423402331368
1214.0207957101113 0.4741726945948129
1214.006345565241 0.47417833860495795
1213.9579826819597 0.474197229400168
1213.8679282456267 0.47423240914518855
1213.7592001047562 0.47427489072488116

1287.330197239325 0.21738930819415253
1279.6971986085466 0.2186859682896783
1312.7719195957445 0.18967088762347784
1289.2043948377245 0.21707327566977805
1287.389300923687 0.21737932791154027
1285.5751535200584 0.21768608410720375
1284.2889631644723 0.2179040924760011
1275.9646862261468 0.22941128563437096
1275.0069306970481 0.2295836140523301
1238.3793652982454 0.30819237118153175
1237.487517162552 0.3084144831526516
1218.2202104448818 0.38941186526641736
1197.6318261651609 0.541716123096766
1197.5690131370093 0.5417445363487097
1195.7296635973512 0.5425778832111998
1193.9458978649554 0.5433884993680614
1189.3387599450118 0.5454934217375431
1188.900720777277 0.5456944036027963
1213.9218432766406 0.41258140553006256
1220.0479186525279 0.34231403774705393
1255.9035892198838 0.2926659221355781
1257.7915549409865 0.25398575856782707
1223.3900467326666 0.3157783519478362
1221.4272762393493 0.341927462570433
1274.7854589560125 0.22962350020129751
1203.0868946666121 0.4894542376768024
1277.8286077916393 0.2190057565536449
1221.6675686752283 0.32174256339313856
1250.1880915256183 0.30439831217521
1224.153978755167 0.3155812907943769
1275.4206321126183 0.2295091452349582
1298.5232648713459 0.20185228074877382
1259.6552353614527 0.24693300256398268
1264.4252802044432 0.24203161273492807
1207.9730069588782 0.48747445141217793
1265.3570783243908 0.2316994046282611
1218.5742908479515 0.3791836908957947
1198.1911757009743 0.5414632346861835
1216.7770712212066 0.3898737210576072
1256.610200911339 0.2880863159335881
1287.4841939874468 0.21736330613005364
1294.4720821066628 0.20986723409273453
1257.7047577464143 0.2735018069768023
1281.9039593988082 0.21830950668608953
1289.4196444576248 0.21068957391002155
1280.2459042398807 0.21859224080974893
1240.383678742651 0.30680437955109613
1298.2852192500914 0.20563467128658786
1260.8335973724218 0.2467022215393635
1231.4070552709356 0.30904090027177483
1279.0982853706864 0.21878836379973482
1221.3320034884814 0.3419541353914704
1286.2839402885686 0.2175661315747408
1235.208402462914 0.3089835466246397
1218.0611560571601 0.3894627146556237
1226.9450811932265 0.3101647749317747
1296.8986844439107 0.2094745555227971
1261.5331406869004 0.24258648455645165
1288.4461487155397 0.21720102254509036
1282.4614583857096 0.21821460533212475

1203.1973215796636 0.5849902309344897
1202.9068702691022 0.5851314814198265
1201.7721653191863 0.5856839585094772
1775.6294547743564 0.2249440318043264
1430.7730630985016 0.22532842791775096
1287.192827563664 0.30565636340607344
1279.8189130810877 0.3357931655123203
1274.3376354062898 0.3372951702552879
1271.9790949409064 0.3378628200851061
1258.486815118421 0.3414850588367877
1255.7271788699143 0.3422355200536401
1247.366860035648 0.3445882229745959
1246.0064489935464 0.3449644502596886
1245.0271234853299 0.3452357957422042
1240.5534095288563 0.3679042006756378
1239.1311539407773 0.36832647543132
1238.697109944601 0.3684555383749648
1237.3261637776775 0.3688637837695944
1237.2164910095987 0.36889648161391186
1234.3924151785507 0.3828898628003214
1228.6000989259599 0.39948092337992797
1228.367421336826 0.39955659313194397
1227.5504855884392 0.39982249833768924
1220.580361460901 0.43339008388554656
1211.4188165502248 0.44924374457422694
1205.485228164913 0.5838799701279769
1205.2505844708055 0.5839936425500205
1204.099513038799 0.5845519173363929
1194.4798432337 1.2165204853945841
1193.8290988596957 1.2171835986178148
1193.3757335364148 1.2176460085865883
1193.2383088803704 1.217786244265135
1191.0738559704578 1.2199992396783403
1375.6164154821038 0.3054392778661193
1194.5469168822076 0.589226483332888
1260.2620672892203 0.341004030241442
1228.9985846213233 0.38457029031900836
1191.8855449868424 1.2191684048829947
1193.867445063236 1.2171445035154134
1217.352454953617 0.4470540336778942
1192.6592522220635 1.2183775005118982
1227.185134113902 0.39994153150983264
1210.789680367359 0.46532510863690085
1208.4140990108815 0.466239875895644
1208.0318343224942 0.5826491148765091
1263.4394942377057 0.340146438405685
1251.0150623642573 0.3435833369462123
1266.7153153487584 0.3392667941239136
1235.2400466050415 0.36948673400165666
1274.9788695296538 0.33706789530133474
1222.877849206309 0.40135022668221637
1198.8912875233884 0.5870913287431123
1195.449108341343 0.5887818009979814
1197.9566780120551 0.5875493596134567
1207.7971906283867 0.5827623085001935
1223.1213361700798 0.4012703298271672
1234.806002608865 0.3696166114870442
1255.238894607317 0.34242719178292413
1260.478240146811 0.34094554782316666
1205.9226298072128 0.5836681903242587

1242.9728255365026 0.31434349641579173
1236.0777306309712 0.3428023743989334
1232.3770403459978 0.35484855568633566
1229.2526399294657 0.36638582891300553
1191.0469854348096 0.9696241347011144
1405.112880371922 0.196461586486458
1355.8863519026077 0.21104473009757532
1314.1717709699815 0.24447435858296593
1263.5864962277774 0.29370605067510086
1258.201271177209 0.29496314142666175
1257.1303462578358 0.29521441479651617
1256.2368926420668 0.29596815885323113
1250.03429449474 0.3122102392519852
1246.9186975489295 0.3129903392454942
1246.706220121236 0.31304368251201725
1245.4268319899463 0.3133652625211304
1242.697097008885 0.3299900858503398
1241.682436563885 0.3302597424690491
1234.948712480998 0.34311577211224636
1233.5167390837098 0.34839773996522244
1233.4317557626528 0.3484217445336574
1233.4317557626525 0.34842174453365743
1229.054469357968 0.3713462844055782
1227.7636737554137 0.3717366951671781
1226.9930629414887 0.3815684727735202
1226.573549613329 0.38533061685413705
1225.803964417271 0.38539193127171956
1225.473367765447 0.38695735436426304
1225.4403901941982 0.3994478600613291
1222.3838959389452 0.40151240834747354
1219.3354263030817 0.44653460873203976
1215.1740812991031 0.4974429753390642
1213.1553255459535 0.4982707472221722
1207.593456198552 0.5416837293050402
1204.699387608533 0.5573426548803806
1203.4226508159522 0.561688581500015
1201.6655747410994 0.5861872877127035
1201.537789494558 0.5862496295614034
1200.805992316296 0.5866069027824026
1197.820552454791 0.5880689578682096
1197.7428314347756 0.588107117411348
1196.659835790306 0.6588161496426997
1191.7378513986775 0.9690620309535296
1191.267545441604 0.9694446113802987
1190.1490475436265 0.9703556920237462
1188.9634352356848 0.9713233127406243
1188.533500974155 0.9716746744572503
1186.6151106834593 0.9732455724210559
1185.8169222521801 0.9739006763769219
1183.3034377915255 0.975969363188872
1178.5835097798981 1.1264915295054976
1176.8293959612654 1.1486272313083563
1301.591050030981 0.2465083282200338
1195.5243882435948 0.9637145271483181
1196.5821147702907 0.6588589414097843
1222.4784124048697 0.40148136523581057
1289.6128312325254 0.2666162742893631
1267.2618676528168 0.2758323000320581
1180.3981362275695 1.0018124790177554
1221.093100336391 0.40314458458124564

1347.1908892969552 0.21728227337104114
1333.1112168942025 0.21957710308158618
1327.9864447418927 0.22042446310368044
1319.639997985221 0.2218186016929712
1311.725246078996 0.22315702161424175
1301.4841037982242 0.22491300372930184
1208.8023630605783 0.5933316091872934
1204.871503997561 0.7106503571447872
1208.6129012184967 0.6058251850558452
1223.4426224113456 0.4794593462399789
1263.4846474388376 0.2983195653614056
1282.8075715542766 0.22818753613726378
1205.4859731623887 0.648812623121436
1293.0707789085006 0.22637639320740569
1297.5610520741748 0.22559300668225035
1223.0974267465324 0.5215670448746667
1205.7886639698697 0.6419227254274528
1256.2060005615429 0.32429328626570963
1245.7670203224222 0.3385424511517678
1229.0924162574877 0.39932090987761265
1223.8079260980628 0.4281563187812602
1214.615485010503 0.5617673624008545
1236.4617156610345 0.35340996691113175
1218.1162799763626 0.5295572688991899
1252.5658008415473 0.3254801451256697
1260.1874687140894 0.31804191067001464
1209.717065209949 0.5789691662375459
1219.6751093092346 0.5244563214028636
1270.8149659417206 0.24855037679114378
1277.193551569975 0.2310419703395489
1224.3597823836544 0.40678175858498666
1214.555781374474 0.562603995121345
1230.1584259471056 0.3840268772920092
1260.182883707166 0.31804306782298125
1215.1753687922617 0.5352388551771945
1248.9830370649138 0.33146477029030896
1230.2926726518124 0.3581690912259285
1233.7441568685952 0.357167088534833
1223.919666920129 0.4158188138996757
1239.8914685623304 0.3443130640169415
1285.5998501250776 0.22769192067245334
1273.9406454340558 0.24722097037003785
1234.7677216476577 0.35687101369771557
1222.3048505385082 0.5219052433449378
1212.6056078766032 0.5775900062464562
1241.2889539396353 0.3412066097155187
1213.1228285591174 0.5773437480026814
1248.8722762630455 0.33149416745481186
1240.913781579626 0.34130976860610235
1276.5470849286532 0.23126536768294656
1215.2936787943313 0.5351867491626825
1215.2350724282908 0.5352125592723748
1223.3051977553012 0.4812676977459036
1223.7302050780474 0.42907267356386114
1220.852365448773 0.5225261698432326
1211.2076212121756 0.5782566657952387
1215.78079745634 0.5349723195107893
1211.7088986278936 0.5780174441411106
1267.136381944306 0.2826448822930374
1268.5530578412363 0.27012476046154865