

1237.743144522346 0.3896942482476015
1236.338505126205 0.3901369909845368
1219.307984560298 0.4660988402576451
1326.4509951959271 0.18811004416326862
1239.7758503779053 0.38905531518558933
1238.5443491517472 0.38944215809357446
1238.2436616776843 0.38953672783169213
1237.290742411179 0.389836735776663
1237.0070915261674 0.3899261269659865
1236.877480749241 0.3899669868159284
1236.5870249269617 0.3900585842365176
1236.1969198110585 0.3901816745361083
1233.3128343254225 0.3910941091374285
1210.5316682115397 0.5311595916515761
1210.1040593418743 0.531347285057647
1207.013950358236 0.5831160807229163
1206.764294238803 0.6288993990887719
1206.6865732187875 0.6289399056327817
1206.2665828061968 0.6291588860258612
1242.0890008611548 0.324303971504057
1247.9432923000004 0.2625318211892646
1283.4204199736314 0.23969062869245292
1213.6052688887057 0.488528266835547
1206.8957189890625 0.5831732046413511
1210.026338321859 0.5313814139453158
1221.8615782992258 0.4294622690616317
1206.804804587961 0.6288782880241279
1326.36601187487 0.18812209680645614
1240.2089015098911 0.3428159807102998
1209.2735297729323 0.562123486479062
1252.0799033945157 0.2469829451078595
1222.4084029852766 0.42713688885611517
1225.7249724639776 0.41459011566383286
1219.3093821767636 0.44679646865198863
1239.8587915917576 0.3890292890604241
1209.3140401220903 0.5621046561190797
1259.5967213363442 0.2442240775395511
1232.4843300803234 0.3913570115709486
1212.5403539909685 0.5188790401835687
1216.9113729898831 0.4670167853917874
1207.315709401653 0.5829703354556678
1209.195808752917 0.5621596169472851
1208.3983003694357 0.5824480586372904
1215.0952532857052 0.48792921956488255
1234.6151604502386 0.39068156594833814
1217.5021629692087 0.46679016662643474
1225.7612145224566 0.40569858316064633
1226.5457976903801 0.40314731737288495
1208.5528255617628 0.5823735870077698
1211.949564011643 0.5191319785454653
1211.5163227188584 0.5307278940539312
1213.682989908721 0.48849698278895454
1233.197476914958 0.3911306933865228
1239.1433898888074 0.3892538895531211
1236.1861977754334 0.3901850587688575
1207.3934304216684 0.5829328091216919
1232.5440337163525 0.39133805449035997
1212.7884806926934 0.5187728817339423
1227.479760867532 0.39295261690291255
1211.9157858352323 0.5305529592762979

1331.3180502567327 0.19054507975788837
1321.6604512940662 0.22034728238906395
1309.053241028383 0.2224693996822983
1296.9394898662351 0.22454732156685878
1288.0489378049913 0.22832987342321978
1279.5909297902817 0.24063166160241606
1266.1280907721339 0.24659927469266701
1261.63266595358 0.3236383516561223
1259.3626512155122 0.3423338594960435
1256.127773088834 0.343215464327837
1255.8235864937483 0.34329859825253584
1253.8000647316314 0.34385265164909307
1242.5933689313126 0.34695378848396813
1238.3608977655958 0.3807449456107379
1237.2528204713676 0.3810859388355201
1235.833037400912 0.4415663447335344
1235.3641664675176 0.44173393711627507
1234.9602914081672 0.4418783995101764
1233.721775509051 0.4423219950064491
1232.8374046981744 0.44263929285927356
1232.686645576178 0.4426934281996636
1231.8048555536448 0.4430103311947018
1231.0334279137371 0.44328794381390374
1227.451194524679 0.44818615024842084
1221.093183094838 0.4542685765933383
1219.870121591397 0.4732245166793228
1217.0171510981388 0.47433386471238403
1216.5425644122934 0.4842844634238557
1216.464843392278 0.4852098772315829
1216.1024489487681 0.4895264211026374
1216.038199466892 0.5154607682762967
1213.4638290714288 0.528231389265527
1212.7887110698077 0.5311750755283008
1209.3605774744544 0.5348465573044383
1208.5395516205124 0.5352099073088714
1207.6913714005557 0.5559618714869619
1206.4029485669364 0.5603009860716497
1205.4221600414667 0.5607568734745572
1204.851197205126 0.5610226086422851
1204.4290901371678 0.6505401162219516
1203.4297299905518 0.6510803420861841
1202.8831930498607 0.6577371452356904
1202.8512183170492 0.664420261867537
1202.2744226960779 0.6698644963223137
1201.8126540398462 0.6701218762286446
1201.3161690263908 0.6703988270242088
1199.240299601329 0.6715592787102299
1198.7982477927205 0.6718069133679284
1196.7013326097233 0.672984084378185
1196.3013122161613 0.6767404747919175
1194.3151977315727 0.6836768096558218
1194.1289131027083 0.6837834635349402
1193.613785498779 0.6932456795961157
1192.3380138923121 0.708967081938794
1191.5199650088439 0.7289300891155578
1191.3336803799796 0.7290440693323141
1191.2113719551164 0.7327457389837074
1191.025087326252 0.7328603455268365
1189.5348987766795 0.7358794412946532
1189.0791034006422 0.754366499512402

1274.4995254029864 0.21361044589159123
1274.3614159771594 0.21363359600871099
1269.0621779877472 0.2145256683495471
1264.0189502807157 0.2153815904812917
1256.9932622778772 0.21658541861759734
1256.0344650302598 0.21675074967261707
1252.3652886911646 0.217385785416071
1280.9815159828252 0.17956489345875976
1274.9194528673092 0.21354008780528672
1269.1615641540966 0.21450886916151382
1265.7966052031393 0.21507911365132973
1264.533590567384 0.21529393441244926
1262.1680353582608 0.21569743828338783
1260.9683823066314 0.21590264730662437
1258.7197122913035 0.21628835176845768
1258.6322673376806 0.21630337865548452
1258.0881383587518 0.21639693087410744
1257.017668955686 0.21658121332226943
1256.3616883453255 0.216694296264726
1256.2882263901936 0.2167069675501326
1255.0975299566267 0.21691255493058104
1254.778584123301 0.21696769083779724
1252.125939152409 0.21742733969255743
1250.6503232879966 0.21768387761193672
1250.6259166101877 0.2176881258369211
1249.5634617732821 0.21787321751838248
1247.9498907138757 0.21815492267419312
1247.9254840360668 0.2181591893046757
1245.0712281800425 0.2186593069923429
1228.8303715150798 0.28888758315543894
1227.897520686287 0.28939007367634817
1204.3592594747834 0.48753327789662637
1196.17839990509 0.49839941861881376
1180.5716044942258 1.027458185030934
1180.3821426521445 1.0276231012164332
1180.0168389654273 1.0279412276151711
1179.9571353293982 1.0279932395290579
1178.9409226772173 1.0518602851811585
1178.515915354471 1.052239616777689
1252.0334207902883 0.21744340637337806
1181.1103754876062 1.0253529171293532
1184.694537619435 0.6069839256231943
1184.2865099613734 0.6356970058012845
1188.5807135623206 0.5934263601573428
1210.0692889865338 0.46877571973040616
1221.9685895431542 0.39497605157519444
1185.2999662835134 0.60667388978614
1234.314626879497 0.23370772265008827
1256.0085408190423 0.21675522344173045
1203.769407487128 0.48777217121890787
1217.4230088020122 0.41081254182979016
1194.0701558427104 0.5183309265482352
1179.4330753267795 1.0514213659773897
1243.9396251091723 0.21885821981598189
1216.9585246176025 0.434373706750604
1251.6948407506015 0.21750222422159685
1276.3944936359908 0.21329331430631668
1245.6660751225986 0.21855488990752098
1266.1774355745158 0.21501442393531847
1228.805659173129 0.2891548341496456

1250.0382430528862 0.32017108253415577
1227.054367023171 0.39998415324848063
1224.9686376986879 0.40066519817655827
1408.67397580319 0.20923726722649608
1330.6045857748504 0.21131375505857258
1259.7886523877853 0.2736770137536089
1255.2479961664144 0.3188422516583541
1243.3481426199855 0.32565741927598657
1242.6804446218298 0.3258323965260722
1242.6470545837046 0.32584115167187344
1240.7010740223304 0.32635221800406705
1240.424839531147 0.32642489450651524
1236.100825174476 0.3418885016434495
1233.6600900483518 0.37230654018436743
1232.872947814628 0.37254424367375794
1230.0189457576403 0.3842512703723831
1225.2550346938397 0.40057154476925083
1217.3253321471614 0.4972534367389815
1214.4533874001027 0.5571841602265613
1214.0333969875119 0.6049997848296349
1204.6118284254587 0.7742598266640157
1199.2663060334623 0.9629786952493391
1193.0209590778973 0.9803895636567515
1187.2206663601173 1.0200757140379966
1186.9818722952778 1.02028093033648
1186.4226810153841 1.0207618147703459
1184.7980901762471 1.0221614796642773
1184.7897592005277 1.0221686671018815
1183.8100588534155 1.023014595881146
1183.7992064422285 1.0230239743086569
1183.5699557087396 1.0232221282034526
1182.667764249604 1.0240026874549761
1182.2622420034083 1.0243539258310097
1179.9571353293982 1.0279932395290579
1179.7468039105966 1.0622809153302986
1179.3279991465326 1.075266638584168
1311.3842835177118 0.23456385742496777
1275.6854287013734 0.26146029185348885
1259.2316626206932 0.28760339818775554
1200.1791207857048 0.7937120756767264
1206.0856045491905 0.7367586752233064
1222.1732297197698 0.4296192864035176
1219.9547534491264 0.45988364538571314
1255.3210070041396 0.3141417006781768
1214.8783947228487 0.5205561189275837
1246.3369790570725 0.32315912068717034
1222.665382369332 0.40910089456387544
1252.0512469837875 0.31965632273558137
1195.3826617407294 0.9779461161474379
1225.6667123509658 0.40043700056290155
1187.8978274322333 0.9870101553460043
1216.8117673473384 0.4974633063906013
1233.7177839393482 0.3545414197882554
1188.3277616937628 0.9842615271704444
1229.3708097447957 0.3844538513059269
1201.0813122448403 0.7931158793589684
1237.110173225082 0.33807996978710125
1224.9058246705365 0.4006857442412968
1222.3542741170947 0.4282015146740685
1239.4476634497046 0.32995695567119715

1242.1753286804487 0.2785647823658232
1230.4884880511995 0.30731878798062023
1221.2254173364663 0.35627090306800746
1219.61381240656 0.3567416815537263
1217.0715085602549 0.3574868684575134
1204.5762105053802 0.4231154159257597
1190.8386121907063 0.49521975153500464
1288.179602606973 0.1768065071482632
1284.0090714649882 0.17738078427803933
1278.829331037545 0.17809924326007653
1278.5543482288117 0.17813754763893438
1275.0597193322847 0.17862577937592433
1267.3985358419718 0.20098329009990096
1235.2853994408135 0.29808505468857693
1232.4420056634701 0.30683166350568103
1231.3327089169209 0.30710808543746304
1231.0350249918906 0.30718234907612935
1230.0440413669 0.30742983019679093
1223.094427885602 0.3557264855144623
1222.4421529821484 0.3559162952804531
1222.38154151813 0.35593394329540773
1221.7875455452256 0.3561069875613346
1220.1399783808733 0.3565878423731579
1220.0311408870398 0.3566196531407644
1219.5140234268615 0.35677087259846574
1219.4412574593027 0.35679216167457545
1219.1634907985747 0.35687345099144746
1218.6449506561798 0.35702530261155585
1218.185175451931 0.35716005337419693
1217.7705296011356 0.35728166490165764
1214.6391259145075 0.3649734282792602
1212.6068141363621 0.37651541423396345
1212.5748914383928 0.37652532651891535
1210.9870803192164 0.3891725315528425
1203.456017147242 0.4235092575551111
1191.6021452950283 0.4949024336485741
1184.7334878711683 0.748648720475087
1183.2453496212818 0.7937957505333654
1181.7551610717092 0.7947967238120194
1185.5109767237802 0.5145773608935094
1195.5752482301546 0.47486013720455167
1200.941088830263 0.42737742758711106
1209.3750596984323 0.4126155363306778
1228.5597174483376 0.30780126142944475
1235.5792680722222 0.28897122532255637
1223.7842993456595 0.35000345749839135
1225.9918709293374 0.3259648900546797
1266.0377040198646 0.20119932194161572
1244.874412670127 0.23607589106426446
1212.0712793955074 0.37668177168192657
1217.899738061347 0.3572437604565371
1205.6420776367725 0.42274135398566504
1203.0942831158513 0.42363659396857145
1258.8293028419007 0.2156291205482012
1187.6677084243884 0.4965419177976376
1234.4235864528616 0.29829316280840246
1250.0830392777102 0.2350922514747563
1247.9316428817726 0.2354975434035415
1209.8637078118293 0.401089465186906
1218.2634332207672 0.3571371104308792

1289.538695388002 0.11304666721639868
1288.5331100046033 0.11313489007641842
1305.102558150199 0.11169854112217543
1301.9098077431554 0.11197246605961193
1300.303809804876 0.1121107626240608
1298.049760128792 0.11230544177731085
1297.688069539673 0.11233674346093665
1297.2560756327812 0.11237415225755494
1294.3196266378627 0.11262909775916082
1294.248740579601 0.11263526645960872
1293.6923184813659 0.11268371132582877
1293.684097256932 0.11268442741879366
1293.0161830742886 0.1127426351413429
1292.7208765346004 0.11276838984064673
1291.062633793992 0.11291322972596958
1289.4105920927273 0.11305789843373087
1286.4178291790913 0.11332091988589935
1256.876833533837 0.15775936693988737
1237.4777242339421 0.21293366994127824
1223.8445753503718 0.2335546477708472
1221.690123404231 0.23396652166241805
1218.7204395449855 0.23661186993502664
1206.7022421930951 0.2946907286430156
1205.0322161681775 0.3478380516705364
1179.7686034185008 0.9788935722600598
1179.6908823984852 0.9789580642452552
1176.862679975151 1.0193639035932294
1176.5296885439795 1.0196524126282729
1175.1429827785491 1.032204570702251
1175.142982778549 1.0322045707022511
1172.8942010222165 1.0811649101217313
1172.844686830201 1.0812105538523646
1172.3493936857712 1.081667342739613
1172.349393685771 1.0816673427396133
1180.337656472845 0.5705878574089742
1254.1666736643795 0.15810027306846622
1268.4391885879782 0.14678073167025413
1281.1222396244948 0.12038865999411635
1229.6367329118473 0.22309899356187046
1198.9776716540803 0.3846591870095005
1205.6613523510432 0.3052166920582627
1262.5938058809593 0.1474602768625658
1180.9667926557106 0.526956600076312
1226.2959202737663 0.23308777595737787
1241.1971859545808 0.18928144086278256
1194.7421348230619 0.41190140969326106
1203.6643167440195 0.35366127281323895
1185.0896849529006 0.47958363843223134
1173.5233372050823 1.0336291742962722
1182.7645571393107 0.5261556428153782
1188.3664142640066 0.4702556996255207
1209.784244648233 0.2595664046821196
1258.7305951872772 0.14876240007825017
1289.2433888483138 0.11307256102388896
1189.387499162534 0.4364351630564622
1177.646229502272 0.9806577507819975
1239.070149826205 0.2126600122912118
1179.265875075739 0.9793108806497315
1211.0807927610688 0.25928852038723377
1244.9702155961763 0.18385365763408928

1323.1768080206937 0.24888108516758956
1313.1561201493864 0.2507802955000616
1311.057854196223 0.25118165365072437
1186.9358894671773 1.0203204568206397
1184.9772543687664 1.0220069326166836
1183.7686966206602 1.023050341181683
1182.0476423458383 1.1834418757367355
1182.0263402258668 1.1834632033670587
1180.794756357686 1.1846975704592264
1180.7947563576859 1.1846975704592266
1180.5351865199834 1.1849580554999115
1179.5390339730097 1.1859587845568105
1179.051916174982 1.1864487558835686
1177.5169080271535 1.1879954075663148
1176.976361722291 1.1885410145543889
1196.1747074928426 0.6931621958563046
1195.5792472150044 0.8226171488214944
1183.564903447658 1.1819247723492583
1291.5271832782178 0.27950120784759414
1241.373262376952 0.4089647555807657
1276.3396464090786 0.29482648911810283
1194.9108949502477 0.9000697974626086
1258.8086972692452 0.34764158432700853
1210.4995742954459 0.5876465184472677
1233.0646824780206 0.42078988494681857
1270.1003830919356 0.2962747999153948
1189.4915070929708 0.982789557040496
1191.9916759372998 0.9533518755626251
1307.2710639341574 0.25190925503829853
1199.5114258357153 0.688401669084563
1201.8975179651532 0.6548877400191973
1230.8820964433166 0.44236266793993495
1253.971096887985 0.3507838655491284
1218.9214684403807 0.52588369496866
1270.3947429236969 0.2962061508590727
1214.714984682788 0.5767760353359827
1189.4642858597208 1.018151602662569
1247.6623337233514 0.3882153664453464
1203.6295941969088 0.6348203011702728
1294.0094604196113 0.2599976988621682
1222.3834048377132 0.49308459455330705
1227.3418720057102 0.45700085384843125
1225.4698892254198 0.47404325556827503
1207.9054677473234 0.6162693898055728
1215.5434345348324 0.5668412789079847
1216.5712983011674 0.5617686108503512
1202.1826572750128 0.6541687308421908
1254.792122741927 0.34929011601378773
1207.456105415931 0.6239406920351213
1197.8798158386242 0.6921755220435336
1182.8336160981373 1.1826554978057728
1204.7767638231355 0.625328293703585
1217.5989230834316 0.5500342990013876
1205.8549436998544 0.6247691747265167
1293.8531882212 0.27853998140364117
1188.145347405975 1.019281834164486
1185.6506977038844 1.0214264380759661
1184.250292700026 1.0226342998799887
1186.2970987271412 1.020869873371001
1187.6592997590378 1.0196989736060431