

1310.0533654459537 0.18747849870990668
1192.2206402333063 1.2779909590851173
1192.1762165118998 1.2780385804967342
1192.468914819681 1.0634172829756647
1211.8950550436746 0.7221559908657708
1242.0834173259846 0.34098836659688586
1212.0998127856003 0.5903315725114255
1206.1813545625357 0.9551998264210643
1233.518670802516 0.3978880203445172
1299.0124621475145 0.18907196454269062
1207.4601396811688 0.8789570396746618
1226.1190913503394 0.40619808380134526
1231.376052594214 0.39858035321509677
1208.0250949603487 0.8484312308078639
1211.3923267009131 0.722455685916252
1225.3211199174366 0.4153432238575193
1208.74403945094 0.8324355377823258
1239.5580785581888 0.34168305864595555
1213.108353222344 0.5898407892599684
1208.6322986288737 0.8325124983528933
1197.8044764137342 0.9641539377931785
1222.6107537740145 0.4453383595855411
1193.6815841165442 1.0161738056388292
1197.7223765814297 1.0127455091177613
1193.6669170985062 1.062350003393649
1213.3124820824635 0.5443253101717049
1202.4976737978682 0.9581259453680456
1211.8173340236592 0.7222023070048823
1217.572799035698 0.49468634500513514
1212.2372374416448 0.5902646498738436
1256.8929980737933 0.27236395264836954
1220.4930721214632 0.4722364824799858
1219.1973062149318 0.4727383765792416
1217.3867912778248 0.5208682395675509
1215.074413917742 0.5244165176333023
1210.17965740405 0.7687134418320368
1200.673358481507 0.9618501938788422
1207.3419083119952 0.8790431132993162
1221.1512434756758 0.45767546480996046
1217.2493666217804 0.5226902626141878
1213.926951247291 0.5440497819627035
1198.2294837364802 0.9638119561532853
1218.2838261991985 0.4859151617291264
1221.638343083772 0.45749297746351597
1201.23613694463 0.9591321681688347
1215.5665665673043 0.5242041944370859
1222.170638310489 0.44549873023462294
1196.6086692191827 1.0136880913993378
1218.1720853771326 0.4859597338879189
1197.516374349658 1.0129197262220644
1194.2490691368012 1.0156909386828645
1248.018035665992 0.2789850522950902
1195.4793486001442 1.0146456812265745
1195.6167732561887 1.014529057458099
1213.7374894052098 0.5441347069771933
1193.0524479336786 1.062897155633662
1193.4774552564247 1.0625186490498295
1211.265918860809 0.7680240607719803
1207.9473739403334 0.8484858200574403
1289.2347689794337 0.20409121488874138

1249.0751601008942 0.30611406724724377
1249.0287857222802 0.30612543275764337
1248.7849424214971 0.3061852081708803
1247.5511756261142 0.3064880102927164
1247.209770487372 0.3065719068305345
1247.1047732315626 0.3065977179809818
1246.407813822486 0.3067691595926104
1246.385533640507 0.30677464334744936
1245.8300848467682 0.30691141770188946
1245.7472514397377 0.30693182514678286
1245.3522471440851 0.3070291786382817
1245.154583327978 0.30707791841719634
1244.641265055433 0.3072045643119165
1244.5255994885931 0.3072331157455564
1244.4748164751563 0.3072456529405551
1244.249973110544 0.30730117405597607
1244.2128006202872 0.30731035508183663
1244.0911991615712 0.3073403925802786
1243.6252597501395 0.30745554141671894
1243.5337943469056 0.3074781556353273
1243.4975285808691 0.30748712302818276
1242.9004334176182 0.30763484127574764
1242.8837223882747 0.3076389775394761
1242.5100083964003 0.30773150716867465
1242.4516727952375 0.307745955780931
1242.1508938075178 0.3078204745189652
1242.0879021068868 0.30783608543921176
1241.9892134745098 0.3078605461365662
1241.1909539395385 0.30805854356445184
1241.186732195759 0.30805959138764094
1240.7501006259502 0.30816800044028936
1240.1927074606895 0.3083065037036646
1239.6150090474143 0.3084501839404253
1239.0287602136166 0.3085961277364261
1238.176272985403 0.30880859688424556
1238.0307623562267 0.3088448923743044
1237.6260840863542 0.3089458783007583
1237.5185803900245 0.3089727165433589
1237.4481120788134 0.30899031145124434
1237.447921724362 0.308990358982684
1237.1567041254298 0.30906309304307916
1236.585376898598 0.30920588638607277
1235.8078592497661 0.3094004255549156
1235.7079342167697 0.3094254450978647
1235.6326935868888 0.3094442867532459
1235.6268595999868 0.30944574778810596
1235.5871287789398 0.309455698145586
1235.0723861698175 0.30958467037041665
1234.741982523367 0.3096675118914983
1234.3892120470762 0.30975601036069716
1234.0133977762632 0.3098503454217049
1233.2692810771725 0.31003729957663684
1233.235301627454 0.3100458420638799
1233.1454802548012 0.31006842556563646
1232.4955688523432 0.3102319287947028
1231.7977915771578 0.3104076660719005
1230.7913621232685 0.3106614892847226
1229.56732813866 0.3109707527238945
1229.027499101749 0.31110734123967065
1251.980428371677 0.30540371789460224

1168.6297431808393 1.2106616872371019
1166.179912651894 1.2132049620178118
1163.8519575436983 1.2156316337867696
1258.9115043025397 0.17040422043208342
1254.6940508974935 0.19818884400945116
1244.4433269771955 0.2483961145255939
1181.210517601745 0.7880107842401949
1178.5352815816848 1.0211980407072014
1176.1968260734152 1.0232283354082152
1174.794469023128 1.0244497673335855
1168.6785752236851 1.0604365247447394
1168.3943699299518 1.2109055752464795
1168.1623335103966 1.2111461019147682
1168.109947629246 1.2112004178255944
1168.0846124903812 1.2112266881235256
1168.0032068738115 1.2113111062610546
1167.933939556137 1.2113829461728498
1167.846963008476 1.2114731651055444
1167.7326518815432 1.211591758057903
1167.645320156443 1.2116823766700122
1167.6183955151564 1.2117103174025927
1167.5433633706052 1.2117881879353214
1167.4809847945548 1.2118529338477795
1167.444826968946 1.2118904670707922
1167.2707353138364 1.2120712134999119
1167.1904785502247 1.2121545562915557
1166.9790129103362 1.2123742080899635
1166.8618189419196 1.2124959731030487
1166.848662836986 1.2125096438769558
1166.7077866852449 1.212656050453245
1166.6416632225305 1.2127247819409548
1166.3238040050317 1.2130552868564042
1166.1919072765204 1.2131924838501762
1165.9753105994503 1.2134178517960148
1165.816812434078 1.2135828215419375
1165.7914052118015 1.2136092703288819
1165.7277601982114 1.2136755295200414
1165.6944570337953 1.2137102034738065
1165.6651657250425 1.2137407020778241
1165.3923325924973 1.2140248541771508
1165.2430373862608 1.2141803994884424
1165.1805701760568 1.2142454936585494
1164.9261680607044 1.21451066636272
1164.8410080160647 1.214599457692911
1164.77659187302 1.2146666292114279
1164.2501318551012 1.215215886967887
1164.1919889188123 1.215276578177383
1164.0576957157125 1.215416780321088
1163.8826667229591 1.215599559205006
1163.8745948527267 1.2156079898056393
1163.8238222211562 1.2156610215578876
1163.6704267225675 1.2158212704773705
1163.6626278843055 1.2158294188815704
1163.6322756502911 1.2158611326280997
1163.5154980482912 1.2159831639613061
1163.5036284169444 1.2159955689693591
1163.4448491440337 1.2160570031967395
1163.3161176256194 1.2161915709742575
1163.2483845229224 1.2162623868289553
1163.2383307024816 1.2162728989341047

1271.2503117760907 0.26030652045760716
1215.8785171026448 0.4478041678002579
1461.0312060907388 0.21406010831242483
1340.9026211531896 0.21963688449277008
1316.9202033431177 0.22363668912560683
1280.3462009737782 0.23813296055504926
1278.5895935539088 0.25881232489096606
1277.8605620520325 0.2589599797631192
1277.4274073176057 0.2590477888555333
1275.274037838911 0.25948520511705314
1271.141203137668 0.26032886391555626
1270.871498185244 0.26038411103059284
1268.759047363812 0.26081764380450867
1268.2087126240967 0.26093082470973944
1267.3867239368224 0.26110005654878404
1267.0980771138065 0.26115953552927756
1250.0794222227955 0.3268130774030259
1249.705917380852 0.33173113795265896
1227.7271680748263 0.38496854576461315
1227.6942372622084 0.38497887189196595
1227.6174953067475 0.38500293804575825
1225.4443521740686 0.4005096609347278
1219.1248265817426 0.4293358155233717
1218.849265718493 0.4307909153181215
1215.9190274518032 0.44778924846534934
1215.7062796167052 0.44786761130248237
1215.4990370392125 0.4721820655402779
1213.2083985315971 0.4989408297636616
1195.9381656135126 0.9085275685742826
1207.3426040376794 0.5436461871022712
1200.708210456503 0.8493005686872567
1213.0901671624238 0.49898945801821043
1199.7852031181744 0.8594317400790246
1260.0984846639399 0.29451904276547464
1311.9187430548209 0.22448926480957293
1323.9704778568685 0.2224458015068481
1208.1448124523297 0.541961029175309
1223.8374185356452 0.40103554160884514
1215.8007960826294 0.44783279403310844
1196.9949106660436 0.9028265389206033
1236.0514333666986 0.3476833022518251
1211.2877985541174 0.5405547770984352
1272.8111287041884 0.2599873129849022
1206.6134848103284 0.5840189240012426
1263.20336089281 0.2619647441843392
1232.0002610154656 0.36977973751376486
1250.8170689117946 0.31318143824984795
1219.1332440264991 0.4174513546413898
1234.02432542402 0.3507420374136774
1225.971426821124 0.3918887600138183
1279.2665578617302 0.2586753661740366
1219.43593483398 0.4101843216123325
1214.9557983472928 0.4845750577635432
1242.252090703104 0.3399639947857553
1248.51990335018 0.33499039051357793
1279.8311467261365 0.2585612532837451
1324.8457424211995 0.22229884181085557
1223.8377375082841 0.40103543708570366
1249.1860919511046 0.33186918166164514
1238.4563459552166 0.3458277010269937

1208.1831079376695 0.3322783338922128
1207.9547328131273 0.3775550071328008
1202.4603686649175 0.39351738591062796
1310.551304527656 0.18203486337494884
1249.1752606374248 0.25531433487559324
1243.6381846744373 0.2564510761594063
1231.4828755053688 0.2589823676450298
1214.7779708390656 0.2625437392418291
1213.9130183056623 0.27214599757305347
1209.2213965382193 0.2940768034911334
1207.0945959397593 0.3905196362229137
1206.0640124005668 0.3908533358480453
1204.932268069565 0.3927100912454187
1203.9802229901147 0.39302062600577564
1203.8405667884454 0.39306621989031476
1203.7552531696906 0.3930940776309484
1202.6853384853416 0.39344377602048525
1202.6387365761618 0.39345902185496556
1188.0239283265942 0.48236330628808893
1186.4026773140176 0.4985554903213385
1184.5157264774116 0.5253777826247776
1182.8495366820603 0.5473867773822203
1182.4590806465023 0.5768698958881245
1180.7247346570741 0.7282816145785013
1178.2202459111743 0.9994006245440075
1178.145219189163 0.9994642684408837
1178.782354156554 0.9989240553711546
1179.7348594815155 0.7450945270294526
1259.2470968053362 0.2532722542079387
1243.8486647737786 0.2564076803271681
1181.1459869926653 0.7233854622336766
1184.2907566569875 0.5254775842526697
1186.6276471344418 0.498460970410733
1193.440580596543 0.4080543507688333
1180.585762651881 0.7445575026849888
1208.9853163523198 0.30437753439169035
1182.2230004606029 0.5785033491339311
1189.9588037936076 0.4746723537483901
1181.4207920459528 0.6072223127057405
1202.2300069476535 0.39359278857090735
1226.2637743781347 0.2600846224740085
1208.017545841279 0.37753537548641164
1254.2057812096832 0.2542902891940741
1254.0194814678864 0.2543280670882124
1207.5228831584343 0.38518580396272667
1240.958868284807 0.2570047718450996
1188.8135406870447 0.48204291960351875
1225.120165195285 0.2603274028730495
1201.7035793930875 0.39975198418339414
1190.5221261544514 0.4687793320041593
1227.975608500286 0.2597220568592553
1213.1082086495098 0.2723265467814162
1202.724669630498 0.3934309097389029
1211.2953499651132 0.27855375001785826
1239.8157363140658 0.2572417347765451
1241.1292880904462 0.2569694824488325
1188.5885708666206 0.4821341581630321
1189.8599882033252 0.48161897676910054
1205.5693497177222 0.3910137086708569
1192.7102714832815 0.435578566928521

1201.4010108776627 0.41774164931970736
1191.3378635725978 1.2171675109227078
1308.3745609554696 0.20975924328638368
1298.1952389913674 0.2114039934812908
1290.2811066156623 0.21326821238000127
1260.0619148156097 0.2312910752270735
1218.614092648852 0.30124158738233453
1203.8703672407362 0.38043330702374933
1198.6621936930007 0.7178895238714826
1193.0622675952413 1.215408266154791
1192.3965228181573 1.216086858963251
1192.2168398142494 1.2162701394979107
1192.1370575628032 1.2163515368250721
1191.7156136431697 1.216781693108554
1191.7156136431695 1.2167816931085542
1191.4143501695694 1.2170893710204633
1191.3461945483173 1.2171589993808685
1190.7930562361523 1.2177243850043638
1193.1777507707832 0.8410209047019419
1198.662193693001 0.7178895238714825
1193.1243469518597 1.2153450273453705
1201.2902500757943 0.417780165739906
1248.26904740815 0.24545065602434535
1199.884139720846 0.5046551699535009
1218.400566710232 0.33319318004369086
1198.7996183490454 0.7178072284491401
1233.8457459410638 0.2551615077008977
1264.5584517061977 0.21702726154799912
1196.2609040420607 0.7976757681834435
1283.0447127232976 0.21390030691811168
1251.8130511534678 0.24133268450440723
1208.2067828755626 0.3646066950859086
1260.472643608767 0.23121570833618718
1218.4729750491613 0.31412279130102017
1227.2190841214783 0.25878743222405753
1220.4906265203897 0.27001869548476987
1274.1140448072915 0.21539960175439643
1256.9415612693153 0.2318652546074436
1222.6731615549854 0.2623123877755709
1219.9592283782308 0.2806096605921183
1202.6612944331291 0.4112144845973211
1217.161093409182 0.3459832048310891
1219.3353954782415 0.2949003878076985
1257.7733014116207 0.2317119267862485
1240.6493563797135 0.2537622247460415
1218.5180084033036 0.3015879064803872
1209.0339864998114 0.354114342661343
1229.722853643874 0.2582605296917823
1218.813326359563 0.3011923448297823
1220.1953085641303 0.27040616858269423
1252.5089371911672 0.2399180222852552
1256.2408737356786 0.23199458099443163
1201.353063103946 0.41775832200543883
1261.5850961886022 0.2175387603026546
1195.2896714278133 0.7983239196233611
1225.9165344708113 0.25906239668530934
1192.2687519553344 1.2162171823211203
1219.1361617675307 0.294948581028764
1224.8655603961442 0.2592846805599162
1257.392356241361 0.23178212726023942

1351.4838324429422 0.1680589898647561
1327.006645108341 0.17115890755796978
1188.1807994232067 1.0848060869212721
1183.9172228230811 1.0887127399867986
1176.0792367135598 1.2029931423569225
1176.0666504411033 1.2030060167968593
1174.9027061363668 1.204197802290672
1173.8729432880116 1.2052541671774857
1170.669679323783 1.2085520635095115
1170.5576781288128 1.2086677000798625
1167.9911892326895 1.2113235696274707
1167.9428356527435 1.2113737191975322
1166.8285145947764 1.2125305809192726
1166.80532568378 1.212554678567014
1297.0327030313147 0.21878224168912785
1191.5779679998623 0.6213490301929547
1277.2827788447182 0.2449546901659625
1331.380519781829 0.17059661330791392
1274.4420205594101 0.3104477068097311
1178.380964379028 1.2006433398050878
1178.479986726421 1.093735810616274
1203.378831906451 0.49494754007421204
1320.9539639825753 0.17194316675059104
1202.153815824585 0.5252145310693989
1339.3983729322301 0.16957539466146734
1257.2221736971765 0.33538329416440577
1182.740692245888 1.0897957363162323
1191.4165021298118 0.9398881098276
1307.3679198893929 0.1737299839192367
1240.9298286893984 0.3375548375302852
1233.6888244342774 0.34990968101734565
1307.431792661642 0.17372149658111471
1192.080696342624 0.5983002478372215
1191.7153926559067 0.6196050236095151
1199.0862361246786 0.5382888528827435
1199.6075451029922 0.5324055691714835
1178.395664238334 1.093814075097093
1196.687547153085 0.5684483624866954
1273.9765563469732 0.3105611329922092
1219.9952183374357 0.4582884657027018
1187.5595965250775 1.0853735402828346
1193.595312216319 0.5810446493945624
1188.5499962425608 0.941852066070567
1192.0029753226086 0.5983392582310711
1222.9328924509746 0.36296942943927984
1202.0941121885558 0.5260580214087495
1187.0564085156748 1.0858336253700092
1172.3359857927057 1.2068342811110686
1313.3343076967515 0.17294074050135466
1177.3413707506447 1.201703509095857
1173.4085406397976 1.20573117344395
1227.4453435532478 0.36100018951789853
1199.2045461267483 0.5382357468838509
1175.0575601989142 1.2040391080035906
1193.29874122914 0.5976895402815185
1259.4395378430331 0.3245142144871883
1207.0197439231797 0.4918822461331778
1197.7954405221246 0.5478177680756395
1210.6496382044547 0.490407434184324
1185.2223810551366 1.0875138574668175