

1288.042350433991 0.321078511081586
1287.9535441715973 0.32110064990998793
1287.5989016636315 0.3211890904481449
1286.009306004426 0.3215861021817123
1285.8923545472203 0.32161535032455585
1285.0956405119664 0.32181474051426545
1284.6839972457396 0.32191785760079356
1284.593574406792 0.3219405174732794
1284.3889767479911 0.32199180121779963
1284.3364948147123 0.32200495879161
1284.2629320187748 0.3220234032896048
1282.1957326601985 0.32254258031988997
1281.7865925617523 0.3226455343559448
1280.9334611635209 0.32286042376605373
1280.7612240793733 0.32290384211518125
1280.364971782917 0.32300377564334903
1280.3272001182377 0.32301330476239193
1280.2952037402135 0.32302137731923336
1279.565135939682 0.323205680173258
1279.2988364797852 0.3232729588227896
1279.2144020292026 0.32329429643017044
1278.6872559155654 0.32342757634762936
1278.6726252935248 0.32343127701857005
1278.6226515586075 0.3234439180185414
1278.5467674638287 0.3234631150080885
1278.451070983436 0.32348732733998425
1277.5739956908947 0.32370940664280123
1277.3968687276247 0.32375429297811664
1276.9925780007152 0.32385679228837355
1276.812693789132 0.32390241896801886
1275.9900062478505 0.3241112532718701
1275.8297493512819 0.3241519648665157
1275.6809760281071 0.3241897683345716
1275.5895087257381 0.3242130146558704
1275.5135131853995 0.32423233138045143
1275.1677890162987 0.3243202374225642
1275.1408984919276 0.3243270767775396
1275.086184171667 0.32434099374704983
1275.058706118096 0.32434798343243343
1274.7493859821209 0.32442668702973804
1274.6922860848013 0.32444121973752904
1274.4319804309253 0.3245074876005024
1274.3688261522216 0.3245235693155388
1273.4131145696495 0.32476712808720837
1273.3979614871307 0.3247709927259466
1273.3707706767943 0.3247779276946685
1272.9105325560256 0.3248953555729729
1272.8487892793216 0.32491111557840946
1272.3156091623046 0.32504727373396197
1272.315353431333 0.32504733906733624
1272.0882396724635 0.32510537177346766
1272.0714829354206 0.32510965431992755
1271.7784178352722 0.3251845716892321
1271.303537906958 0.32530604041915234
1271.2350021489183 0.32532357855807814
1270.974691452096 0.325390208686905
1270.8124006446494 0.3254317630813036
1270.667413021599 0.3254688959906005
1269.2820377163175 0.3258241334852978
1268.8852219834955 0.3259260277623058

1293.45174142971 0.22960500833492026
1290.1322461908778 0.2301957793463651
1289.5110753922909 0.23030666702993496
1254.9587628719717 0.33675103238611104
1250.5344434600142 0.3386839905658369
1238.3136758555302 0.3420264218259979
1234.1728620183828 0.3486987214655789
1229.6829331478118 0.3553581839995507
1228.6295960994885 0.3846857864973658
1228.328850940214 0.3847799733171594
1228.2161079434845 0.3848152938499164
1219.4359348339801 0.4101843216123324
1217.2130594596135 0.4473131990048509
1215.919027451803 0.44778924846534945
1214.3859330689554 0.4984570296444852
1213.090167162424 0.49898945801821026
1212.461030979558 0.5446965168718256
1210.1448426591362 0.6370488736191817
1209.1361901731007 0.637580295087933
1356.9046270088854 0.21607151877846348
1339.4417057556184 0.22172148037174105
1310.1435146553883 0.22667974504297125
1309.5505562459543 0.2267823845786734
1309.5260790864238 0.22678662350808054
1301.390155181602 0.22820442946284875
1297.2940487433034 0.22892496744240437
1291.9416716942037 0.22987337925429202
1250.1674301019514 0.3387834184870151
1243.0892244738084 0.34071246642037756
1241.352599867781 0.34118911556327935
1238.0520384297174 0.34209870223892785
1233.3105654766387 0.3543129413229085
1228.8964223612031 0.38460226093046035
1226.6412139081283 0.3853093611485906
1226.4920497432815 0.3853562219081654
1225.5062497581823 0.3856662033202471
1222.7635182599622 0.4013877537678285
1222.158089595884 0.4015865919161906
1220.9280395264643 0.40730458464849983
1218.5088253661452 0.44683752481953015
1213.0901671624238 0.49898945801821043
1212.7248634757068 0.5347650165819426
1209.0764865370716 0.6376117785071387
1188.7377851275212 0.6655888024191188
1272.7792532990989 0.2725356389982141
1260.413558362614 0.3281166862602033
1210.5509365772043 0.5974741173467945
1207.8403076569987 0.6382643500509756
1212.2526536977357 0.5522258418863024
1215.047987533703 0.47837700202396216
1294.1540872041023 0.22948040021523977
1212.8025844957222 0.533833573346899
1293.5500939256697 0.22958755077702545
1215.8007960826296 0.4478327940331084
1255.9149566747403 0.3364946461964791
1250.7600235024709 0.33788148890121467
1219.021503204433 0.42983745172344356
1219.1332440264991 0.4174513546413898
1214.6631321563736 0.49834327643169984
1219.5733594900246 0.4083782427217149

1178.8781908519968 1.0028722188170722
1178.6887290099153 1.0030334200004491
1177.6556192162877 1.201382843633281
1177.0166076560108 1.202035083814436
1176.947427088549 1.2021057390257848
1176.439882278269 1.2026243567116022
1176.2263083123191 1.202842723918317
1175.2729277032126 1.2038184691275848
1174.6968884914743 1.2044087887656345
1174.6033454495202 1.2045047054529943
1174.355767730904 1.2047586391715768
1270.2835378901323 0.16772062464993506
1235.7149208621659 0.2326027642147518
1195.825522171967 0.5181602254042296
1191.0073160429959 0.5526133943814231
1185.1963903836813 0.6060258849629115
1180.907344041558 1.001148983398305
1180.1713672628484 1.0017733184942483
1178.766450029931 1.0029672857967564
1178.6887290099157 1.0030334200004487
1178.2637216871692 1.0033952206233596
1177.934021517346 1.20109889925099
1177.84302357387 1.2011916938998146
1177.7924281144003 1.2012432945420104
1177.7806566297709 1.2012553005270794
1177.7772770507074 1.201258747475278
1177.7333402363033 1.2013035619344052
1177.674196745227 1.2013638921061045
1177.64964472959 1.2013889385239391
1177.6425037546403 1.2013962234922444
1177.4234208663777 1.201619766994035
1177.4220125084446 1.2016212042957952
1177.3077083324504 1.2017378690561142
1177.1348390251842 1.2019143514658195
1177.093790075723 1.2019562659860437
1177.0166076560106 1.2020350838144362
1176.9720536835173 1.2020805865414488
1176.9401788616951 1.2021131422356124
1176.860257018136 1.2021947790297187
1176.8301355125964 1.2022255497549097
1176.8197466689778 1.2022361628783436
1176.7458748314152 1.2023116349037277
1176.488195349613 1.2025749703458266
1176.2679066734631 1.2028001857467447
1176.2485755061505 1.2028199532789812
1176.1911239523192 1.2028787055292642
1176.1639076927722 1.2029065399652974
1176.114064510387 1.202957518600681
1176.1052669322808 1.2029665170407235
1176.0900631986933 1.202982068215767
1176.0669776012621 1.2030056821427564
1176.0359888591693 1.2030373815407114
1175.9703217308208 1.2031045601154438
1175.9389288429722 1.2031366782174977
1175.9146091515272 1.2031615609024757
1175.8947292652426 1.2031819017666852
1175.8868429614897 1.2031899711298253
1175.7544497490364 1.203325453658089
1175.7137227227304 1.2033671371618695
1175.698971302757 1.2033822357325545

1212.3786066749315 0.22021031429313512
1249.7638117319684 0.16433847941286842
1247.5849205277568 0.16462549447806712
1246.361070877266 0.16478714655352633
1217.5816320693687 0.19216051258910077
1216.6541391920136 0.20534496968245392
1216.4916715274949 0.20537239438122154
1215.7643423338507 0.2054952581080153
1212.1514749217338 0.2202515770856098
1211.9265051013097 0.22029246236828703
1211.2960940980697 0.22252383043649515
1210.8527436536965 0.224988149049734
1210.445049255108 0.22506392812634124
1209.3937444209685 0.2405567021018338
1208.9033614939362 0.2406542821925601
1208.2670773230548 0.24078101287428424
1203.6863563437473 0.277443877185677
1203.124673762806 0.2775734027422568
1202.7460040104522 0.2776607933062877
1202.6989691952308 0.27767165198700655
1202.3383096118635 0.277754943803892
1198.6530355886591 0.2806710638029232
1195.5641668209355 0.30658378366447175
1193.91829470202 0.32843728175264797
1181.731769522589 1.2194410457529627
1179.6144512098617 1.2216298497768674
1182.0126690418012 0.6102139544183109
1192.9690289353061 0.3286986248894087
1238.2956482990023 0.17334368403027617
1184.0804252381859 0.5571233942889455
1186.192345895216 0.5301401837921697
1240.5022259458874 0.17276495305792902
1188.1146904887391 0.5116699762426511
1227.4140227665025 0.17488046055641518
1231.6094584370962 0.1742847362240937
1242.3816397406688 0.17250360274040533
1222.8279744866945 0.17553632569201894
1203.6970202779535 0.2589645681672523
1181.9421009413907 1.1851829857375897
1220.3980809484215 0.18379887161749325
1194.1969747845044 0.3210974781195238
1186.4173157156401 0.5300396579987853
1200.7875196772013 0.2781136580344242
1193.7940800351557 0.32847145575989173
1226.0574392440658 0.1750739587919736
1201.2901456339025 0.2779972938538395
1225.9638721964752 0.1750873206485549
1209.0860860721007 0.24061791302687072
1194.6149010542217 0.3068274014949588
1212.9704836707797 0.22010286120912914
1209.8087650842265 0.22518229775552245
1238.9294312827114 0.17298427450537582
1208.5872543779096 0.24071722554301145
1181.8717608042566 1.219296604434899
1202.6146012376187 0.277691131702404
1210.7213408808632 0.22501256760554986
1203.0114171170603 0.27759953469087795
1198.3913638566576 0.29161416474734003
1242.7532299147965 0.17147126925911602
1214.4585938686635 0.205716200278652

1294.755826349534 0.19360717453284307
1292.0465728159209 0.19401314358440191
1257.6396768778159 0.30653331529381667
1337.2485608193588 0.12422172507169173
1314.3088095326125 0.18660406487017284
1294.375815417162 0.19366401493578617
1289.9899102090005 0.19432246350582397
1278.6576886702444 0.20539933451097692
1273.6283200542075 0.23763459693570377
1271.1719672110667 0.2969826346439955
1270.805293831022 0.29706832489645835
1270.1776839791228 0.2972151098776022
1268.7345184960573 0.29755318737243486
1264.3622804295107 0.29858214354487783
1263.6091026362826 0.29876011427926336
1247.6427460032107 0.3639582708456165
1241.4120715954766 0.44902121946443085
1233.8721613501732 0.45176508531945897
1233.6783896460283 0.45183604327024274
1227.2956546876746 0.4710335549645908
1225.9506435170222 0.47155033383862605
1224.722440101364 0.47202322443955874
1218.2557408349626 0.48196191081668543
1212.3455007774496 0.5131732339826783
1212.121582087358 0.5132680339433767
1198.2361842600017 0.6097734973105867
1193.6005316814783 1.2923402053413537
1190.6011336507129 1.295595907488297
1188.0734146877812 1.365097368974717
1188.0489375282507 1.3651254938313788
1328.1880614290271 0.1665292193162913
1301.8152909750108 0.18839490368082573
1195.7707237612724 0.6110307387205974
1250.9325459860752 0.3630011049960003
1267.7353222659722 0.29778771110767394
1227.3201318472052 0.4710241608683237
1245.4202143060957 0.3646077775615744
1194.8373625054085 1.2910024448635438
1271.327508773235 0.2969463000704017
1217.1087183221784 0.5027485419546361
1195.585974388379 1.2901940882987528
1190.2525636864577 1.3104699943744031
1237.0333206831124 0.4506106286109161
1198.3229198837348 0.5232076929804607
1196.5009104329488 0.6106578459818557
1195.795200920803 0.6110182313139293
1255.3041753000375 0.31750889532123
1273.029268393376 0.23774642107321559
1277.3340742889247 0.23694518025792508
1200.2899373793412 0.5223502679085024
1219.7804874495941 0.4739356311797203
1271.3484226123837 0.29694141526695594
1262.0446128250367 0.2991304713570138
1264.6356665661456 0.29851759671858635
1270.6754891429052 0.29709867163848025
1223.8234745571613 0.47236995141747384
1218.6162995400914 0.4756842988972136
1216.927865661019 0.5028232574856648
1193.5760545219475 1.2923667078983165
1203.743891073033 0.5208514660033602

1264.2188095443644 0.18541253201775018
1167.597245269327 1.0821791599064021
1164.3205597917758 1.0852246792073823
1451.8956396660262 0.15631983039113834
1204.192907255861 0.3476888869367835
1171.6834471371333 0.843492504725489
1169.9708216750698 1.036524944051819
1169.831111625686 1.0801126704851145
1169.7235488332235 1.0802119930431047
1169.7030375420873 1.0802309350668209
1169.538371801498 1.0803830267221433
1169.3899454010757 1.0805201557990303
1169.2813332648245 1.0806205230922086
1168.925970864104 1.0809490399640425
1168.9148557884573 1.08095931858296
1168.8419630616202 1.0810267306667332
1168.6553679406202 1.0811993344292679
1168.4227396593064 1.0814145968804243
1168.1888558002254 1.0816311076080596
1167.9751397941427 1.0818290243894164
1167.8591347031315 1.081936483988527
1167.7798341657767 1.0820099551532567
1167.634484705327 1.0821446459021535
1167.4349354292344 1.082329616536631
1167.4145206911626 1.082348543383297
1167.348209618696 1.082410026060105
1167.280522971805 1.0824727913541223
1167.012888349913 1.0827210381379537
1166.9352044454122 1.08279311583122
1166.857810513182 1.0828649340221521
1166.7583759088477 1.0829572189789052
1166.639367163796 1.0830676913178325
1166.5744848045804 1.0831279292091274
1166.0905822947132 1.083577404002432
1166.0339384997176 1.0836300422098697
1165.9866859985386 1.0836739571451448
1165.8308195006362 1.083818839628729
1165.6433339300818 1.083993164302161
1165.4357516692291 1.084186240369608
1165.1713453785578 1.0844322691303994
1164.5251042067564 1.0850340636110942
1164.4804517069574 1.0850756697052422
1164.41999439611 1.0851320074161814
1164.186436796257 1.0853497052171224
1164.1300363753494 1.0854022888446326
1163.7957518007026 1.0857140559583083
1163.7453250957285 1.0857611014597643
1163.4466567806833 1.0860398271209921
1163.2639322025188 1.0862104213978256
1163.1767502815273 1.0862918345718042
1162.9555482401315 1.0864984546543366
1162.4775800821794 1.0869451829817356
1162.215768224558 1.087190038666256
1158.0838427822348 1.241674095707047
1154.965749478228 1.2450262779560288
1177.3192872875757 0.48216422984379165
1176.1479613928027 0.791402660959298
1265.9446896916052 0.18515975651289218
1234.0710375022138 0.2517582823351236
1222.0629088632709 0.3252055167844959

1321.0480399143178 0.22651641163796446
1309.8944160161257 0.22844517691193356
1191.194816764823 1.1181610492357377
1190.648279824132 1.118674312748905
1190.606300093373 1.1187137562210692
1190.5836495658457 1.118735039443579
1192.4469419125303 0.6911760970059699
1193.7139923186203 0.6766437966851322
1191.9503514277342 1.11745228697026
1309.3347601545356 0.2285428224386556
1216.16184886694 0.49121876777712326
1220.28474116413 0.4432602902276185
1213.7552986953215 0.5332512824132705
1211.9456507513687 0.5462786109440656
1196.303704303808 0.6751790243671378
1217.477293841106 0.47664194074862537
1302.4466310858713 0.22975149573175
1237.3018132753266 0.32029142121714493
1288.2209492154645 0.23228861616091276
1224.1868611345544 0.37368145892927157
1204.4444203351916 0.6014878162479738
1220.6814116075727 0.42915159008219617
1230.7116857641956 0.32579375057499027
1260.5953350290147 0.28116770656783635
1271.7637612521412 0.25365026057808976
1197.8368846158103 0.6271483382066351
1200.4265966009978 0.6257953745414324
1225.7200414465565 0.34964721367820883
1228.3097534317442 0.3264308329892839
1202.535057502913 0.6093633685065282
1216.5585193103827 0.47704661621486893
1221.5971491493667 0.3970763634053282
1277.7303530959189 0.25246579503552025
1247.8343518916402 0.3164709649443747
1255.6974038319806 0.3144892553164234
1275.3108137992485 0.25294477702606244
1258.6884663249182 0.29147689721870335
1206.116314553113 0.5607113086340446
1249.5884688530962 0.3160267170169536
1247.0672984322737 0.3166656217594117
1262.2397299671254 0.26966956395224323
1266.1241275658044 0.2547800823095929
1253.658408296744 0.31500075205526895
1256.745951329933 0.3142268658323388
1219.4936334005495 0.47624911496168304
1268.2196954725068 0.25435909139953133
1250.2767697986797 0.31585273834806465
1251.9731358988895 0.31542477239366146
1256.5287538368793 0.31428118157107576
1228.669484524485 0.3263352602402781
1275.3668033484037 0.25293367256263305
1253.973410642545 0.31492162280501185
1255.4041833991744 0.31456270948901277
1248.640209583555 0.31626671830918657
1241.6607780290858 0.31804446787851687
1196.56983420972 0.6415781552905466
1255.9197006074912 0.31443359097151685
1252.9013461375819 0.3151910903849578
1252.6593566908941 0.31525197917899084
1279.938410520611 0.23642143871024693