

1313.7043128478297 0.35041490998060676
1309.3708261023696 0.35157464130922716
1302.584291601545 0.3534063641760265
1302.2553863646638 0.35349562255433054
1301.8346892191391 0.3536098571807356
1301.2375410213028 0.35377213154056303
1300.1267228049521 0.3540743917135596
1299.4737750074491 0.35425230380279754
1299.3428003713332 0.354288012675445
1299.2499009578905 0.3543133450988249
1299.0752269217137 0.3543609861751668
1298.8993514793624 0.354408967872228
1298.8601368360337 0.3544196680399161
1298.563567461027 0.3545006113391696
1298.563082849557 0.35450074363544737
1297.851568818934 0.35469508962925966
1297.6033275116488 0.3547629454761663
1297.6032269105392 0.35476297298037196
1297.4445643569763 0.35480635641327457
1297.422228948767 0.35481246448251286
1297.3666752984263 0.3548276576641813
1296.8645856346168 0.3549650315282843
1296.7946765161544 0.3549841673968135
1296.7919983734203 0.35498490051227827
1296.6037152973556 0.35503644875962354
1296.5788518771158 0.35504325699995015
1296.2325823326064 0.3551381016046593
1295.7325531836948 0.355275151030681
1295.4630256198209 0.3553490678033472
1295.2660588573765 0.3554031045434782
1295.1268113805404 0.35544131623451297
1294.9646108061468 0.3554858369767598
1294.9205268210721 0.35549793905716315
1294.0112556203824 0.3557477390774375
1293.8403194070395 0.3557947388273379
1293.7877606927161 0.3558091925998993
1293.5926152125476 0.35586286835138536
1293.3509173863347 0.3559293710155534
1292.9934681097172 0.3560277680294087
1292.5893529206705 0.35613907656561006
1292.55477603243 0.3561486035746598
1292.43313279142 0.35618212412541084
1292.3438813800785 0.35620672265350445
1292.312455362039 0.35621538476834014
1292.27735759887 0.35622505944315996
1292.1546299942797 0.3562588933568616
1292.1477904938047 0.35626077907990994
1292.0950544121351 0.3562753196491018
1291.7816580827928 0.35636175482699334
1291.3736876016944 0.3564743365513676
1291.150446136701 0.35653597139288623
1289.6718619411192 0.3569447330849219
1289.582296280727 0.35696952405082966
1288.8704031627979 0.3571666921655281
1288.577387919298 0.3572479098605273
1288.4753098068993 0.3572762124535373
1287.9895405252832 0.3574109602939517
1287.9850157980782 0.3574122158886019
1287.7853992048792 0.35746761751759026
1287.3347263675714 0.3575927605298408

1250.1766063580399 0.28406453184427044
1244.5674688655295 0.28534478145364883
1234.306377757797 0.2877169224814954
1215.4410112028247 0.38578081293620653
1299.9628173037906 0.26933574809878774
1246.8918795883376 0.2848128520373412
1220.8596556204511 0.3276851398167063
1219.7642866636245 0.3279794066137367
1212.6758029078599 0.38666049100136746
1212.5684155424408 0.40207610839615493
1218.0448050800267 0.38495613578600985
1215.1256798378222 0.38588092504177174
1255.583604137266 0.2828412470802947
1275.3147111991552 0.27846525197990724
1227.045291110176 0.3009665681730238
1225.9727673786074 0.31443703026106007
1271.9518173711313 0.27920148197259503
1284.8282655927317 0.27640334659350163
1221.0273092229306 0.3160361657624203
1286.078944502936 0.2761345514019063
1231.2180680073454 0.28843861346391214
1266.627086739294 0.2803752076090339
1230.9061682282634 0.3000225523200194
1264.2792728197228 0.2808958748613405
1281.6609210491986 0.2770864169885407
1228.9629393672467 0.3004969461881732
1234.4778138247486 0.28767696626921413
1248.5224280414084 0.28444089143425233
1241.4550878019777 0.2860601530390616
1238.467453546673 0.286750234243739
1261.2828855646292 0.2815631897270822
1242.1260340606145 0.28590563491113924
1236.2515905207902 0.28726420667992913
1254.1950318874083 0.2831543925615201
1247.6094711998026 0.2846490352996702
1230.249943817712 0.30018258656634283
1256.6270198273091 0.28260639537780985
1240.5828317175412 0.28626128246196175
1243.8676507080702 0.2855053206067362
1264.5376938846227 0.2808384709488603
1237.1839110720286 0.28704772930649575
1251.6862981086836 0.28372191414443326
1258.1631647580416 0.2822613492074781
1251.2340233086152 0.28382446911784687
1259.9860304447345 0.2818529918799224
1245.9191809124377 0.2850352076189071
1260.3351221153262 0.2817749233328589
1226.580846527443 0.3010805291015411
1255.4915707261714 0.2828619806681371
1253.2337053100748 0.2833715937442721
1249.2546952784992 0.2842741626266894
1250.8571979932692 0.2839099722793987
1248.5371036670342 0.2844375480429962
1246.212692944226 0.28496807520772793
1237.0450764675052 0.2870799449134577
1247.9850904090306 0.2845633614832372
1249.831978872547 0.28414285952909696
1245.5128747867668 0.28512819064078654
1241.8587208621148 0.285967176814782
1244.9868338540498 0.28524866508699764

1277.4179354233781 0.25831239182251364
1256.2708789907397 0.2626606154568217
1229.335842369422 0.39924183861559015
1314.5878998848034 0.15456428436335734
1302.3689547085753 0.15531375138981132
1281.6070837986165 0.20784745746916078
1279.529016844609 0.25788620493337605
1278.8476330812362 0.25802360947500713
1276.5933950946703 0.25847923350074964
1273.7465113813853 0.25905694681615465
1273.3763816124833 0.25913224638134374
1270.5628253871937 0.25970607329522133
1269.433920964605 0.25993702925903656
1269.3562822379417 0.2599529280104326
1269.2909242703902 0.25996631343272547
1262.208498540277 0.2614250202227272
1252.0352747962354 0.30275930650290783
1248.9881657612575 0.3034979368947389
1242.3640989853704 0.34591666360691903
1242.34295156673 0.3459225518719032
1241.8080619019222 0.3460715526744402
1240.6546386668576 0.34639329166400984
1237.4307754972374 0.36883260022747827
1236.1828357962484 0.3692049406544074
1235.6616115426955 0.36936067792730076
1233.3267723492693 0.38322069469811637
1231.6329989164237 0.39849720039607206
1229.8422320489128 0.39907745009369083
1229.3571444893935 0.3992349206116708
1228.256962641511 0.39959252575950005
1204.3059289755133 0.47249779504232375
1200.1064536454514 0.4827534271422377
1191.8017638006277 0.5449280372457912
1185.7456866110504 0.9739591850772797
1184.4949613681663 0.9749876025700042
1172.866190134762 1.0342083080366762
1171.7687190763534 1.0822033672566873
1171.7609202380913 1.0822105700306337
1186.9123429987155 0.9707070849053469
1187.4962304709995 0.5541202444647612
1242.4374680326546 0.3458962363607183
1223.731767561383 0.40180223375942253
1176.5207475564089 0.981595866489577
1212.4084695571678 0.41949885150756655
1253.0344076785595 0.2633390433926838
1258.8969968788783 0.2621126931546232
1196.9477436219365 0.5072654501830731
1186.2744270927715 0.9735250767150548
1281.2641955190988 0.25753695717884545
1266.2557131055576 0.2605894519100842
1193.6154689453315 0.5441000161532703
1172.9599635045986 1.0341256272963482
1298.591030006595 0.16085470722010245
1189.4072892243066 0.5460250679626288
1245.6110362041882 0.34002267428661176
1240.5601222009332 0.3464196828635672
1248.3056306390547 0.3036638802313405
1204.2269629037758 0.480184876434678
1266.3394696120424 0.26057221635623584
1246.2509030140002 0.30416453909700997

1202.3846104400711 0.5134057820750095
1183.816156450965 0.9732458999077541
1388.4199136730495 0.1574594777217536
1368.7118985471477 0.1708176471993798
1347.4592605207638 0.1807466808282917
1280.2995403657214 0.20389734021113337
1273.4192767217842 0.20499899422454018
1266.5250663157897 0.20611488702191877
1263.505152564395 0.20660752385875425
1258.140709032524 0.20748845425631865
1256.0101875430926 0.2078404088940965
1253.0392532265341 0.20833319489546157
1252.4081891719377 0.208438169928214
1248.8275525362378 0.20903580356146265
1246.3575043900212 0.2094500735419949
1244.9706402345482 0.2096833953489267
1241.6810265869872 0.21023891431413372
1235.6021597087267 0.22106684751488903
1233.3856541346001 0.22146412463427886
1232.6446012361864 0.2215972665239122
1232.623034476463 0.22160114373119197
1232.3897976913256 0.22164308300920568
1225.2379048373048 0.222936846102282
1220.502119488738 0.29747159964000097
1219.5218536651262 0.29771071076518973
1219.1753656697917 0.33368311463819583
1218.482160222258 0.3338729499598513
1217.067387471224 0.34508635527298454
1184.0369976324612 0.9730643745205816
1181.3280575903743 0.9776013489396429
1181.1415647319275 0.9777557044169448
1179.846528591089 0.9788289194016454
1179.3438002483274 0.9792461726575613
1179.2735725154378 1.1803597749792851
1177.475808031838 1.1821619426899532
1195.8365148049706 0.7862515551123994
1313.104191714496 0.1832577552680622
1198.5998269496306 0.7507549665294464
1178.3779994909735 1.1812568541627821
1191.7908378606521 0.9616789465035078
1200.6379485104765 0.5979061899666614
1184.0369976324614 0.9730643745205814
1195.8958959326571 0.770627077026923
1219.1541710490717 0.33368891561663105
1214.745900154276 0.37487352098355775
1206.9504238489915 0.46360808692672956
1209.58396004692 0.4358302058361703
1222.4471968656717 0.26772138569764026
1206.9510857478401 0.4636078326814146
1241.7597474045185 0.21022558630986693
1211.6474365551446 0.40525589751116003
1204.4208717075323 0.48417511649435685
1201.1406768532381 0.5475945788613391
1235.7296844048017 0.22104403388267047
1220.55886882166 0.29745776883243064
1230.5725403517636 0.22197039611440994
1219.2857734792271 0.29776835401951973
1185.9171384147785 0.9664420221959095
1263.401415851114 0.2066244882100644
1226.7948904694676 0.22265390600450566

1183.3036831331651 0.4998611742175019
1381.8590070574085 0.18862032325379616
1232.3847539722353 0.24607748494230988
1223.0434337691722 0.2567524080945119
1213.7826812086548 0.30317451007015817
1213.4039431667427 0.30522462445315984
1210.834990515656 0.33103812063687055
1207.9142521377134 0.34706142204512375
1205.0656004929067 0.3532500256628753
1196.1850918848422 0.4014424338557613
1193.0217527152388 0.4210358298033076
1191.512306057832 0.42156921172703093
1186.6230258125277 0.4789639258761622
1179.5255726807836 0.548929341600356
1177.6462295022723 0.9806577507819974
1176.62130529045 0.9815119762390483
1173.214610054536 1.0225335801067925
1172.9785298686368 1.0341092587504894
1171.5373098937096 1.0585075905533945
1171.455958376037 1.1957920040840453
1171.3782373560216 1.1958713449590246
1170.0147384011098 1.2204212463172028
1169.9370173810944 1.2205023210953343
1267.9390401693554 0.20094171864516255
1179.4523249615918 0.9791560694733513
1179.2658750757391 0.9793108806497313
1217.3018656435086 0.2599126386889542
1171.496468725195 1.1957506535952482
1179.443993985872 0.9791629857198896
1203.6643167440195 0.35366127281323895
1213.1789733463186 0.305281224782098
1180.9667926557108 0.5269566000763117
1186.060917567148 0.4791909206012954
1214.4715727983073 0.29081450309637047
1195.960122064418 0.4015179484407286
1198.7127949771861 0.37535913008710736
1177.1014221658265 0.9811116365110497
1192.2474584861795 0.4213092676797513
1177.3939751365056 0.9808678547949119
1185.0896849529008 0.4795836384322312
1175.6891587888424 0.9822901691381642
1215.0862112376421 0.2906673976723553
1199.1323365516373 0.3706794804294024
1178.7682881855103 0.9797242716957527
1211.0599603360802 0.33097662608747386
1189.612468982958 0.43635262799330543
1187.4265754303551 0.45267552263546595
1172.1586038271266 1.0579465364926732
1234.2229944478959 0.24571097937969713
1170.4291700306567 1.2199891132340606
1228.5517113824847 0.24684523893379728
1187.1533335747426 0.4685776561275987
1223.440964396398 0.2499436287031307
1191.2762258719324 0.42165275585870465
1209.8262798998828 0.34215307151451
1225.0382447332945 0.249617736801244
1224.3411989346546 0.24975984995961417
1235.1896572349262 0.2319966456291317
1184.9249341457416 0.4836248554682665
1243.9998607155349 0.2100864535029712

1178.0702534873026 1.027998937561677
1175.4713523791877 1.030271785447389
1341.3807549217122 0.19873398467888342
1243.7634377459456 0.2678912447572922
1223.9079019603487 0.2756832124145462
1222.784205934059 0.27593655566906455
1222.4053284966326 0.2760220806031163
1219.9895949288987 0.2765686392035505
1218.5547041747252 0.2768943084426318
1212.4723648649876 0.27828334227605095
1206.5598190752437 0.38398336228122143
1197.1354668690697 0.44385093273030135
1194.5734722716677 0.45713771912057577
1180.945433470141 0.9278327640898076
1178.5975985491946 1.0275389755152409
1178.248586903877 1.0278433451299884
1178.016282049181 1.0280460358759307
1177.7183744072183 1.0281974175717516
1176.971606620025 1.0289585255466074
1176.342981408848 1.0293995971668364
1173.0681090988191 1.0496115777118633
1173.0291447825443 1.0496464424871006
1172.235532692842 1.0503619735034024
1171.7797373168048 1.0507705401609764
1170.3554333415782 1.0726141676412082
1169.8996379655412 1.0730320603920196
1168.4094494159688 1.0744006046900134
1337.4518894153798 0.22493623740173962
1262.974896563247 0.22570000870410376
1183.6616204741217 0.5689855299660744
1183.619144911107 0.9086564811221493
1178.6095387428404 0.9500924779704666
1178.5772912165678 1.027556680400545
1228.9127673412431 0.27456046603044565
1206.4401621771067 0.3907314736956167
1180.489638094104 0.9281910068646367
1209.4152506138496 0.29746598353655235
1256.3187267012938 0.26653159819607225
1194.3485024512436 0.4572238264756473
1255.1209325889292 0.2668806374514839
1193.7193662683778 0.5003292213213787
1184.2907566569872 0.5254775842526698
1182.2437519127368 0.9097135894892159
1210.220060270002 0.297268165384477
1173.5338511354375 1.0319727614045577
1186.1708560082511 0.5231314900991423
1179.9849317412106 0.9489850481153441
1189.578457608253 0.5111854300200749
1217.7121311124986 0.27708590026422636
1181.8732724580707 0.9271043616181869
1198.8309389313788 0.4297239773965758
1173.1551303151755 1.0495386293876385
1222.8067602205251 0.275931466105999
1171.6537517841737 1.0508786122860392
1212.100159621266 0.278368796038608
1171.3874572353186 1.0716691656754345
1196.1022994404643 0.44423432161523835
1191.4009191908804 0.5035829679839097
1171.2750309639116 1.0717720311556107
1198.1787433581671 0.42995788579906963

1279.842730491365 0.23255113773240194
1273.062676632305 0.23378965431744728
1257.9795516506401 0.250266342081285
1208.3273937393017 0.7553958763515922
1210.096115681399 0.7115901628580142
1210.4849109479815 0.4677526808507967
1239.2137539245714 0.28685033635829293
1231.5233839084515 0.32452649508944403
1229.9072235351432 0.3638792532386263
1244.4425218140689 0.25354390397819254
1217.4167837705452 0.4384533930738393
1225.9049107845115 0.3650672398125567
1225.3421866999292 0.4048732448888606
1267.2874947907371 0.2444945254699803
1251.6717154057703 0.25152756663722975
1236.0283209783302 0.3000498140523734
1246.8106953750917 0.2525082131333072
1209.0917821690664 0.7313744555670624
1208.783189115339 0.7351352621945716
1263.2854450723 0.24526907666158415
1223.0483521093925 0.4064433010186485
1256.206402461981 0.2506195957826993
1233.3211483920516 0.3240534453832749
1208.327393739302 0.7553958763515921
1259.2599202366487 0.2500118805857774
1227.7026752681115 0.36453266012068003
1217.4142628526395 0.46509029793902795
1218.9599427470405 0.4283710223524838
1222.9622554976722 0.42696911906638046
1245.171849001117 0.2533953971978393
1253.6468289606426 0.2511312863652962
1212.2826754315815 0.4670590231966997
1245.1128513568265 0.25340740392597844
1217.3978434535102 0.46509657074727556
1220.0621119313273 0.4279840442341886
1221.3796884136043 0.42752235184088777
1213.7536407507641 0.4664929877162964
1213.2468511252603 0.4666878481491305
1212.5968316050116 0.46693801885983427
1221.7812155644672 0.42738185055499633
1214.7827251576148 0.46609780539305273
1220.7577072306406 0.427740176276127
1216.2212283531212 0.4655465214926851
1219.5819239300042 0.42815255509743333
1217.1173181288846 0.4652037677812408
1220.7915202928625 0.4277283288763418
1215.6164983690394 0.4657781158655069
1212.9935639388532 0.4667852980083072
1216.0243159559725 0.4656219080456746
1216.7912793214289 0.46532841897183436
1219.312663498 0.42824710389152076
1214.2265514723724 0.46631130042311486
1222.3265833423898 0.42719116478137575
1222.0883427095828 0.42727444378001295
1215.3195536452845 0.4658919216160454
1214.315207247325 0.4662772555643654
1215.0446156088603 0.46599734277381155
1222.7667498295507 0.42703738628324905
1222.5823824148986 0.4271017842166737
1219.0172813899776 0.42835087316061404